Название паспорта,Ссылка,,,,,
Паспорт федерального проекта Оздоровление Волги,https://voda.gov.ru/regulatory/doc-554665/,,,,,
Паспорт федерального проекта Сохранение уникальных водных объектов,https://voda.gov.ru/regulatory/doc-554664/,,,,,
,,,,,,
,,,,,,
,,,,,,
,,,,,,
,,,,,,
,,,,,,
,,,,,,
,,,,,,
,,,,,,
,,,,,,
,,,,,,
,,,,,,
,,,,,,
,,,,,,
,,,,,,
,,,,,,
,,,,,,
,,,,,,
,,,,,,
,,,,,,
,,,,,,
,,,,,,
,,,,,,
,,,,,,
,,,,,,
,,,,,,
,,,,,,
,,,,,,
,,,,,,
,,,,,,
,,,,,,
,,,,,,
,,,,,,
,,,,,,п
