water_management_name,border_description
"""Лена от г. Киренск до впадения р. Витим""","""Водохозяйственный участок 18.03.01.004 охватывает территорию бассейна р. Лена от г. Киренск (в/п Киренск) до впадения р. Витим (в/п Витим), и расположен в Иркутской области и Респ. Бурятия. Площадь водохозяйственного участка составляет 60,2 тыс. км2. От расчетного створа т.725 – впадение р. Витим в р. Лена на схождении границ водохозяйственных участков 18.03.01.004, 18.03.02.005 (Витим от г. Бодайбо до устья без р. Мамакан (от истока до Мамаканской ГЭС)) и 18.03.03.002 (Лена от впадения р. Витим до в/п с.Мача без р. Нюя) граница следует в южном направлении до т.726 на пересечении с границей между Иркутской областью и Республикой Саха (Якутия), затем поворачивает на юго-запад и проходит по Северо-Байкальскому нагорью по водоразделу бассейнов рек Бол.Чуя и Мама до т.727, где она пересекает административную границу между Иркутской областью и Республикой Бурятия, и далее по Верхнеангарскому хребту идет до т.603. От устья Витима абсолютные высоты резко возрастают (от 194 до 2007 м). Поверхность междуречий имеет характер пологоволнистой денудационной равнины, местами над ней поднимаются скалистые сопки. На приграничной территории распространена среднегорная лиственничная тайга восточносибирского типа. На склонах до высоты 1200-1300 м доминируют лиственничники-зеленомошники, верхние части склонов заняты лиственничным или кедровым редколесьем, вершины и высокие междуречья образуют гольцовый пояс с разреженным растительным покровом. От т.603схождения границ водохозяйственных участков 18.03.01.004, 18.03.02.005 и16.04.00.001 (Бассейны рек средней и северной части оз. Байкал от юго-восточной границы бассейна р. Ангара до северо-западной границы бассейна р. Баргузин) граница поворачивает на запад, выходит на водораздел водохозяйственных участков 18.03.01.002 (Лена от истока до г. Усть-Кут), 18.03.01.004 и 16.04.00.001 - т.18013, поворачивает на север, пересекает административную границу между Иркутской областью и Респ. Бурятия в т.18012, спускается на Предбайкальскую впадину, поворачивает на северо-запад, проходит через т.18011 на водоразделе рр. Подсеверная и Верх. Рассоха и следует к т.18010. Граница разделяет верховья рек Кутима, Бол.Миня, Окунайка бассейна Киренги и рек Чечуй, Абчада, Тыя бассейна Лены. Абсолютные высоты понижаются от 2500 м на Становом хр. до400-600 м на Предбайкальской впадине. В горах чередуются участки редколесной растительности, горной тундры и гольцовых поверхностей, практически лишенных почвенно-растительного покрова, на остальной территории распространена среднегорная лиственничная тайга восточносибирского типа. От т.18010, точки схождения границ водохозяйственных участков 18.03.01.002, 18.03.01.003 (Киренга) и 18.03.01.004 и впадения р. Киренга в р. Лена ниже г. Киренск, граница следует в северо- восточном направлении, выходит на водораздел водохозяйственных участков 18.03.01.002, 18.03.01.004 и 17.01.07.001 (Нижняя Тунгуска от истока до в/п п. Кислокан) - т.18014, делает петлю в южном направлении, затем поворачивает на запад, проходит через т.620, поворачивает на север и по восточным отрогам Среднесибирского плоскогорья (по водоразделу рр. Чона и Ичера) следует к т.619 - схождения водохозяйственных участков 17.01.07.001, 18.03.01.004 и 18.03.08.002 (Вилюй от в/п Усть-Амбардах до Вилюйской ГЭС) и далее к точке схождения границ водохозяйственных участков 18.03.01.004, 18.03.03.002 и 18.03.08.002, поворачивает на восток и следует к расчетной т.725. Абсолютная высота на этом отрезке границы составляет 400-600 м. Здесь сформировались бореальные низко- и среднегорные ландшафты с преобладанием лиственнично-кедровых и лиственнично-сосновых лесов."""
"""Острова Печорской губы Баренцева моря в пределах внутренних морских вод и территориального моря РФ, прилегающего к береговой линии гидрографической единицы 03.05.03""","""Водохозяйственный участок 03.05.03.100 включает водные объекты островов Печорской губы Баренцева моря в пределах внутренних морских вод и территориального моря РФ, прилегающего к береговой линии гидрографической единицы 03.05.03. Площадь островов составляет около 0,04 тыс. км2. Граница водохозяйственного участка проходит по береговой линии островов."""
"""Реки бассейна Черного моря от северной границы бассейна р. Черная до западной границы бассейна рек Южного берега Крыма""","""Водохозяйственный участок 21.01.00.003 охватывает бассейн реки Черная, а также прилежащие к нему небольшие междуречные пространства, занятые бассейнами мелких водотоков, стекающих в Черное море. С севера и сверо-востока ВХУ ограничен границей между бассейнами рек Бельбек и Черная, с юго-востока – водоразделом с реками южного берега Крыма (главной грядой Крымских гор), с юго-запада и запада – береговой линией Черного моря. Водохозяйственный участок находится в предгорной и горной частях Крымского полуострова. На территории участка в предгорьях представлены ландшафты лесостепного предгорного пояса (в основном северо-западная часть ВХУ), в горах - лесных поясов: дубовых, буковых и грабовых лесов (юго-восточная часть ВХУ). Основная рек водохозяйственного участка – р. Черная – берет начало на главной гряде Крымских гор, затем протекают по предгорьям и впадают в Черное море. Также на территории водохозяйственного участка имеется Чернореченское водохранилищ, используемое для нужд водоснабжения. В административном отношении большая часть водохозяйственного участка расположена в пределах города федерального значения Севастополь, восточная часть участка – в пределах Республики Крым. Площадь участка составляет 0,69 тыс. км2. От т. 930 на берегу Черного моря граница водохозяйственного участка поднимается вверх в юго-восточном направлении вдоль водораздела между рр. Черная и Бельбек. т. 21006 – месте пересечения границы между ВХУ 21.01.00.002 (Реки бассейна Черного моря от северной границы бассейна р. Западный Булганак до северной границы бассейна р. Черная) и 21.01.00.003 с границей между субъектами РФ – Республикой Крым и городом федерального значения Севастополь. На этом участке граница проходит по Мекензиевым горам. Далее граница следует в том же направлении, проходит вершины г. Сары-Кая, г. Куртлер-Богаз, в т. 21005 проходит место схождения границ водохозяйственных участков 21.01.00.002, 21.01.00.003 и 21.01.00.004 (Реки западной части Южного берега Крыма от мыса Сарыч до восточной границы бассейна р. Демерджи) на Ай-Петринской яйле. После этого граница делает поворот на юго-запад, следует вдоль водораздела с бассейнами рек южного берега Крыма. В т. 21007 граница между водохозяйственными участками 21.01.00.003 и 21.01.00.004 сходится с границей между субъектами РФ – республикой Крым и ГФЗ Севастополь, далее следует вдоль этой границы до т. 928, где выходит на морское побережье (в районе м. Сарыч). Далее граница идет вдоль берега моря мимо м. Айя в северо-западном направлении до м. Херсонес (т. 929), затем делает поворот на северо-восток, минует г. Севастополь, устье р. Черная, и подходит к устью р. Бельбек, к точке примыкания границы между водохозяйственными участками 21.01.00.002 и 21.01.00.003 к берегу моря (т. 930)."""
Кальмиус,"""Водохозяйственный участок 05.01.05.012 охватывает бассейн р. Кальмиус от истока до впадения в Азовское море. Площадь водохозяйственного участка составляет 5.07 тыс. км2. От т. 940, где сходятся границы водохозяйственных участков 04.01.00.017, 05.01.05.013 и 05.01.05.012, граница между Донским и Днепровским бассейновыми округами следует до точки т.5144 – границы между водохозяйственными участками 05.01.04.008 и 05.01.05.012. От этой точки граница следует на восток до схождения границы водохозяйственных участков 05.01.04.008, 05.01.05.012 и 05.01.05.010 (т.5143) и затем возвращается в точку т.940."""
"""Зея от впадения р. Селемджа до устья""","""Водохозяйственный участок 20.03.04.004 охватывает бассейн р. Зея на участке от устья р. Селемджа до ее впадения в Амур. От Селемджи до устья Зея является равнинной рекой, ее ширина 0,8—1,5 км, местами до 3 км. В русле часты песчано-галечные перекаты. Основным притоком на водохозяйственном участке является р. Томь, впадающая в Зею с левого берега. Водохозяйственный участок целиком расположен на территории Амурской области, площадь водохозяйственного участка составляет 35,9 тыс. км2 . В соответствии с Реестром опорных точек описание границы водохозяйственного участка начинается от т.876 у впадения р. Зея в р. Амур (расчетный створ) в точке схождения границ водохозяйственных участков 20.03.03.001 (Амур от истока до впадения р. Зея), 20.03.04.004 и 20.03.05.002 (Амур от впадения р. Зея до впадения р. Бурея без р. Бурея до Бурейского г/у) на Государственной границе РФ с Китаем. От этой точки граница идет на север по западной части Амурско-Зейской равнины по водоразделу рр. Амур и Зея до точки схождения границ водохозяйственных участков 20.03.03.001, 20.03.04.002 (Зея от Зейского г/у до впадения р.Селемджа) и 20.03.04.004 – т.20009. Здесь граница резко поворачивает на юго-восток и по водоразделу рек Б.Пера (20.03.04.004) и Зея (20.03.04.002) идет к месту впадения р. Селемджа в р. Зея (т.20013) в точке схождения границ водохозяйственных участков 20.03.04.002, 20.03.04.003 (Селемджа) и 20.03.04.004. От устья р. Селемджа граница идет по заболоченной Зейско-Буреинской равнине на запад, затем делает петлю, огибая верховья бассейна р. Гирбичек и далее по водоразделу рек Ульма (20.03.04.003) и Томь (20.03.04.004) поднимается по западным отрогам хребта Турана к точке схождения (т.20014) границ водохозяйственных участков 20.03.04.003, 20.03.04.004 и 20.03.05.001 (Бурея от истока до Бурейского г/у). Здесь граница резко поворачивает на юго-запад, обходит верховья р. Томь, пересекает в т.894 у истоков р. Ташина границу между Амурской областью и Хабаровским краем на границе с водохозяйственным участком 20.03.05.001, поворачивает на запад и подходит к точке схождения границ водохозяйственных участков 20.03.04.004, 20.03.05.001 и 20.03.05.002 – т.20015. Далее граница спускается с южных отрогов хребта Турана на Зейско-Буреинскую равнину, проходит по водоразделу рек Ивановка (20.03.04.004) и Завитая (20.03.05.002), выходит в долину Амура и замыкается в исходной т.876. На протяжении границы водохозяйственного участка абсолютная высота местности колеблется в пределах 100-1000 м. Слабо всхолмленная, либо плоская равнина сменяется среднегорным рельефом. Южная, наиболее пониженная часть территории занята смешанными лесами. В северной части этого участка границы достаточно отчетливо выражена структура высотной зональности. Широкая долина среднего Амура имеет асимметричное строение: правый коренной берег подходит непосредственно к реке, подмывается ею и отступает; по левому же берегу ступенями поднимаются террасы, пойма имеет здесь ширину до 15 км и занята преимущественно вейниковыми лугами и осоково-вейниковыми болотами."""
"""Оленек от истока до в/п ГМС Сухана""","""Водохозяйственный участок 18.02.00.001 охватывает территорию от истока р. Оленек до в/п ГМС Сухана, расположенную в Респ. Саха (Якутия). Площадь водохозяйственного участка составляет 127,0 тыс. км2. От т.18002, расположенной на расчетном створе ниже в/п ГМС Сухана, граница следует в юго- западном направлении по плато с высотами 443-351 м, проходит через т.696 на водоразделе р. Муна и р. Оленек, поворачивает на запад, затем на юг, проходит через т.697 - схождения границ водохозяйственных участков 18.02.00.001, 18.03.08.004 (Марха) и 18.03.09.001 (Лена от впадения р. Вилюй до в/п ГМС Джарджан) на междуречье рр. Муна, Тюнг и Силигир. Затем граница поворачивает на юго-запад, огибает исток р. Алакит в т.698, делает петлю в северном направлении, огибая верховья р. Моркока в т.699, поворачивает на запад, проходит через т.18003 схождения границ водохозяйственных участков 18.02.00.001, 18.03.08.001 (Вилюй от истока до в/п п. Усть-Амбардах) и 18.03.08.004 до т.700. Граница разделяет бассейны рек (с запада) Келимяр, Хорбусуонка, Оленек, Мерчимден, Силигир, Алакит, Верхн.Томба и (с востока) Эекит, Молодо, Сюнгюде, Моторчуна, Северная, Муна, Арга-Тюнг, Тюнг, Мархара, Моркока, Могды бассейна р. Лены. При продвижении с юга на север лиственничные леса из даурской лиственницы с примесью ели сменяются лесотундровым редколесьем, появляются горнотундровые ландшафты. На севере типичные пятнистые, полигональные, тундры соседствуют с островками лугового разнотравья. От т.700 на пересечении границы между Эвенкийским автономным округом и Республикой Саха (Якутия) граница поворачивает на север, следуя вдоль административной границы, проходит через т.676 схождения границ водохозяйственных участков 18.02.00.001, 18.03.08.001 и 17.04.02.001 (Котуй) в точке пересечения границы между Эвенкийским а.о. и Республикой Саха (Якутия) до т.675. Затем граница делает петлю в западном направлении, пересекает кряж Букоган (725 м) и по водоразделу бассейнов рек Арга-Сала, Дяра, Кукусунда и р. Мойеро опять подходит к административной границе между Эвенкийским автономным округом и Республикой Саха (Якутия) в т.674. Далее граница проходит через т.673 схождения границ водохозяйственных участков 18.02.00.001, 18.01.00.001 (Реки бассейна моря Лаптевых (включая р. Анабар) от восточной границы бассейна р.Тикян-Юрях на западе до границы бассейна р. Оленек на востоке) и 17.04.02.001, поворачивает на восток, проходит по водоразделу бассейнов рек Кюэнелекян, Кенгяде и р. Бол. Куонамка через т.689 и замыкается в исходной т.18002. Ландшафты возвышенных платформенных равнин представлены в южной части территории северо-таежными лиственничными редкостойными лесами, а на наиболее высоких участках – горнолиственничным редколесьем и горной тундрой. Для ландшафтов кряжа Прончищева характерна арктическая тундра, окружающая арктическую горную пустыню на вершинах куэстовых гряд. В нижней части склонов встречаются немногочисленные цветковые растения."""
Калитва,"""Водохозяйственный участок 05.01.04.006 включает бассейн р. Калитва до расчетного створа в месте впадения р. Калитва в р. Северский Донец (т.5103). Площадь водохозяйственного участка составляет 10.64 тыс. км2. От точки замыкающего створа, в котором сходятся границы водохозяйственных участков 05.01.04.005 (Северский Донец от границы РФ с Украиной до впадения р. Калитва), 05.01.04.006 и 05.01.04.007 (Северский Донец от впадения р. Калитва до устья), граница участка простирается на север вдоль малоприточной правой части бассейна р. Калитва до т.5054 схождения границ водохозяйственных участков 05.01.04.005, 05.01.04.006 и 05.01.01.012. От этой точки следует резкий поворот границы на юго-восток и после пересечения границы участка с административной границей Воронежской и Ростовской областей у истока р. Чир достигается т.217 – точка схождения границ водохозяйственных участков 05.01.01.012, 05.01.03.008 (Чир) и 05.01.04.006. Вдоль верховьев левых притоков р. Калитвы граница приходит в т.5090 – точку схождения границ водохозяйственных участков 05.01.03.008, 05.01.04.007 и 05.01.04.006, от которой, повернув на юго- запад, по водоразделу рр. Гнилая и Березовая возвращается к замыкающему створу – т.5103."""
"""Колыма от в/п ГМС. Коркодон до в/п г. Среднеколымск""","""Водохозяйственный участок 19.01.01.004 охватывает территорию бассейна р. Колыма от в/п ГМС Коркодон до в/п Среднеколымск, расположенную в Магаданской области и Республике Саха (Якутия). Площадь водохозяйственного участка составляет 130 тыс. км2. От т.19009 - точки на расчетном створе ниже г. Среднеколымск граница простирается в южном направлении, поднимаясь от Колымской низменности на Юкагирское плоскогорье к т.19008 - схождения границ водохозяйственных участков 19.01.01.003 (Колыма от впадения р. Сеймчан до в/п ГМС Коркодон), 19.01.01.004 и 19.01.01.005 (Колыма от в/п г. Среднеколымск до впадения р. Омолон), пересекает кряж Чубукулах, пересекает р. Колыму в т.19007 ниже в/п ГМС Коркодон. Затем граница водохозяйственного участка поворачивает на юго-запад, пересекает Полярный хребет, делая петлю в северном направлении, проходит через т.19028 на схождении границ водохозяйственных участков 19.01.01.002 (Колыма от Колымской ГЭС до впадения р. Сеймчан), 19.01.01.003 и 19.01.01.004, делает петлю в северном направлении и тянется на запад через т.19003 схождения границ водохозяйственных участков 19.01.01.001 (Колыма от истока до Колымской ГЭС), 19.01.01.002 и 19.01.01.004. От этой точки граница поворачивает на север и следует по хр. Охандя через т.19004 - точку схождения границ водохозяйственных участков 18.05.00.002 (Индигирка от впадения Неры до впадения Момы), 19.01.01.001 и 19.01.01.003 к т.777. На этом участке граница разделяет бассейны рек Слезавка, Каменка, Шаманиха, Рассоха, Мома - на территории водохозяйственного участка и бассейны рек Березовка, Коркодон, Поповка, Ясачная, Омулевка – за его пределами. От т.777 (точка пересечения границы между Республикой Саха (Якутия) и Магаданской областью) граница следует в северном направлении, пересекает хребты Улахан–Чистай, Гармычан, затем поворачивает на северо-запад вдоль Момского хребта (т.776) - схождения границ водохозяйственных участков 18.05.00.002, 18.05.00.003 (Индигирка от впадения Момы до в/п п. Белая Гора) и 19.01.00.004 - и далее по северному склону Момского хребта подходит к т.775 схождения границ водохозяйственных участков 18.05.00.003, 18.06.00.001 (Реки бассейна Восточно-Сибирского моря (вкл. р. Алазея) от границы бассейна р. Индигирка на западе до границы бассейна р. Колыма на востоке) и 19.01.00.004. Граница проходит по водоразделу в верховьях рек Рассоха, Зырянка, Чечелюгун, Ожогина, Седедема (бассейн Колымы) и рек Артык, Мома, Бадяриха (бассейн Индигирки). Абсолютная высота местности сначала возрастает до 2000 м, затем снижается до 900 м, что является одним из важных факторов дифференциации ландшафтов. Редкостойные леса южного отрезка участка границы сменяются с высотой редколесьями и горными тундрами. По мере движения на север и снижения абсолютной высоты господствующее положение занимают зональные ландшафты восточносибирских редкостойных лесов с преобладанием лиственницы даурской. От т.775 граница сворачивает на северо-восток и следует по глыбово-складчатому Алазейскому плоскогорью, занятому лиственничными редколесьями и редкостойными лесами, вдоль кряжа Хангас-Тас, разделяющего водосборы рр. Кыллах и Седедема (притоки р. Колыма) и верховья р. Алазея, спускается на Колымскую низменность и следует до т.782 (граница с водохозяйственным участком 19.01.00.004), поворачивает на восток, проходит через т.18105 – точку схождения границ водохозяйственных участков 18.06.00.001, 19.01.01.004 и 19.01.01.005, и далее, следуя в том же направлении, замыкается в исходной т.19009. На этом участке границы абсолютная высота местности понижается до десятков метров, редкостойные леса чередуются с южной тундрой."""
"""Вятка от в/п пгт. Аркуль до г. Вятские Поляны""","""Водохозяйственный участок 10.01.03.005 включает часть бассейна р. Вятка от в/п пгт Аркуль (т.10100) и замыкается в расчетном створе у г. Вятские Поляны (т.10102). Площадь водохозяйственного участка составляет 27,1 тыс. км2. От точки замыкающего створа граница между водохозяйственными участками 10.01.03.005 и 10.01.03.006 (Вятка от г. Вятские Поляны до устья) направлена к юго-западу, пересекает административную границу между Кировской областью и Республикой Татарстан. В верховьях р. Меша достигает т.10103, где пересекаются границы водохозяйственных участков 10.01.03.005, 10.01.03.006 и 11.01.00.003 (Камский участок Куйбышевского в-ща от устья р. Кама до пгт. Камское устье без р. Шешма и Волга). От т.10103 граница участка поворачивает на северо-запад и, разделяя бассейны рр. Вятки и Камы, попадает в т.11003, где сходятся границы участков 10.01.03.005, 11.01.00.003 и 11.01.00.001 (Волжский участок Куйбышевского в-ща от г. Казань до пгт. Камское устье). Далее в том же направлении, оставляя с севера бассейн р. Шошма, граница достигает т.294 (точка схождения границ водохозяйственных участков 10.01.03.005, 11.01.00.001 и 08.01.04.007 (Волга от Чебоксарского г/у до г. Казань (Куйбышевское в-ще) без рр. Свияга и Цивиль). Обогнув бассейн р. Шошма, граница участка пересекает административную границу между Республикой Марий Эл и Республикой Татарстан в т.293 и далее простирается на северо-запад по территории Республики Марий Эл к истоку р. Ировка (правый приток р. Илеть) до т.10101, в которой пересекаются границы водохозяйственных участков 10.01.03.005, 08.01.04.007 и 10.01.03.004 (Вятка от г. Котельнич до в/п пгт. Аркуль). Повернув на северо-восток, граница участка идет по водоразделу рр. Уржумка и Буй (правые притоки р. Вятка), пересекает административную границу Республики Марий Эл и Кировской области, доходит до т.10100, где пересекает р. Вятка (ниже пгт Аркуль), продолжается, не меняя направления, вдоль бассейна р. Воя (левый приток р. Вятка), огибает верховья р. Лобань (правый приток р. Кильмезь) и у истока р. Белая Лобань (левый приток р. Лобань) попадает в т.10092, где граничат три водохозяйственных участка: 10.01.03.005, 10.01.03.004 и 10.01.03.001 (Чепца). После практически прямого и длинного участка продвижения на северо-восток, граница с небольшими отклонениями к югу и северу в истоках р. Коса (приток р. Чепца), рр. Лумпун, Святица, Лема и Пажма, приходит в т.10091, где пересекает административную границу между Кировской обл. и Республикой Удмуртия. Продолжая восточное направление, граница достигает верховьев р. Пестерь (приток р. Кильмезь) и, огибая ее бассейн, приобретает южное направление. В т.10035 соседство с участком 10.01.03.001 переходит в соседство с водохозяйственным участком 10.01.01.012 (Иж). Продвигаясь к югу вдоль р. Ныга, затем вдоль р. Пычас (бассейн р. Кильмезь), граница участка попадает сначала в т.10034 (точка схождения границ водохозяйственных участков 10.01.03.005, 10.01.01.012 и 10.01.01.015 (Кама от Нижнекамского г/у до устья без р. Вятка), а затем в т.10042, где сходятся границы участков 10.01.03.005, 10.01.01.015 и 10.01.03.006. От т.10042 граница участка поворачивает на запад, огибает верховья рр. Люга и Пыжманка (притоки р Вятка) и от истока р. Пыжманка идет на юго-запад, пересекая административную границу между Республикой Удмуртия и Кировской обл. Продолжаясь в том же направлении, граница водохозяйственного участка 10.01.03.005 замыкается в расчетном створе на р. Вятка в т.10102 (г. Вятские Поляны)."""
"""Исеть от впадения р.Теча до устья без р. Миасс""","""Водохозяйственный участок 14.01.05.011 охватывает бассейн р. Исеть от впадения р. Теча до устья, исключая бассейн р. Миасс. Участок расположен в Челябинской, Курганской, Тюменской и Свердловской областях, его площадь составляет 16,5 тыс. км2. От т.14020 впадения р. Исеть в р. Тобол (расчетный створ) граница водохозяйственного участка следует на юго-запад, пересекает границу между Тюменской и Курганской областями (т.14037), продолжается по водоразделу рр. Юзя и Нияп, проходит т.14019 схождения границ водохозяйственных участков 14.01.05.003 (Тобол от впадения р. Уй до г. Курган), 14.01.05.004 (Тобол от г. Курган до впадения р. Исеть), 14.01.05.010 (Миасс от г. Челябинск до устья) и 14.01.05.011. Далее граница делает петлю в северном направлении, пересекает р. Миасс в устьевом участке в т.14036, продолжается на запад, проходит истоки рр. Солодянка и Барнева, оз. Корабельное и Таволжаное, пересекает границу между Челябинской и Курганской областями в т.14031 схождения границ водохозяйственных участков 14.01.05.007 (Теча), 14.01.05.010 и 14.01.05.011, поворачивает на север, проходит по водоразделу рр. Басказык и Барнева, пересекает р. Исеть в т.14025 схождения границ водохозяйственных участков 14.01.05.006 (Исеть от г. Екатеринбург до впадения р. Теча), 14.01.05.007 и 14.01.05.011, следует на запад по водоразделу рр. Исеть и Суварыш до т.14030 схождения границ водохозяйственных участков 14.01.05.006, 14.01.05.011 и 14.01.05.022 (Пышма от Белоярского г/у до устья без р. Рефт от истока до Рефтинского г/у) на пересечении границы между Свердловской и Курганской областями. От этой точки граница следует на восток вдоль административной границы, обходя истоки рр. Дерней, Речелга, Беляковка и Суварыш, Ичкина, Терсююк вновь пересекает границу между Свердловской и Курганской областями в т.14038, следует по водоразделам рр. Мостовка, Ирюм, Башкиль и Белда, Цынга, пересекает границу между Курганской и Тюменской областями в т.14039, проходит т.14040 схождения границ водохозяйственных участков 14.01.05.011, 14.01.05.022 и 14.01.05.026 (Тобол от впадения р. Исеть до устья без рр. Тура, Тавда) и замыкается в начальной точке."""
"""Волга от Саратовского г/у до Волгоградского г/у (Волгоградское в-ще) без рр. Бол.Иргиз, Бол.Караман, Терешка, Еруслан, Торгун""","""Водохозяйственный участок 11.01.00.022 включает Волгоградское водохранилище и часть бассейнов его боковых притоков до расчетного замыкающего створа у Волгоградского г/у – т.11072. Площадь водохозяйственного участка составляет 29,1 тыс. км2. От точки замыкающего створа граница участков 11.01.00.022 и 11.01.00.023 (Волга от Волгоградского г/у до в/п Светлый Яр) следует на запад до т.11073 – точки схождения границ водохозяйственных участков 05.01.03.005 (Дон от впадения р. Хопер до г. Калач-на-Дону без рр. Хопер, Медведица и Иловля), 05.01.03.007 (Карповка от истока до Карповского г/у), 11.01.00.022 и 11.01.00.023, затем по водоразделу р. Дон и Волгоградского в-ща, огибая истоки небольших притоков водохранилища, уходит на север до т.5010, в которой сходятся границы водохозяйственных участков 05.01.03.004 (Иловля), 05.01.03.005 и 11.01.00.022. Далее граница продолжает следовать на север вдоль Волгоградского в-ща, проходит севернее г. Камышин и, пересекая границу Саратовской и Волгоградской областей в т.190, приходит в т.5011, где сходятся границы водохозяйственных участков 05.01.03.004, 05.01.03.001 (Медведица от истока до впадения р. Терса) и 11.01.00.022. При дальнейшем следовании на север по водоразделу Волгоградского в-ща и бассейна р. Карамыш в (приток р. Медведица) граница участков 05.01.03.001 и 11.01.00.022, пройдя севернее г. Саратов, оконтуривает верхнюю часть бассейна р. Чардым, поворачивает на восток и приходит в т.11062 – точку схождения границ водохозяйственных участков 11.01.00.019 (Терешка), 11.01.00.022 и 05.01.03.001. От этой точки граница следует по водоразделу Волгоградского в-ща и бассейна р. Карабулак на юго-восток до т.11061, где р. Терешка впадает в Волгоградское в-ще, затем по водоразделу в-ща и р. Терешки уходит на северо-восток к истоку р. Терса, где в т.11053 сходятся границы водохозяйственных участков 11.01.00.015 (Волга от Куйбышевского г/у до Саратовского г/у (Саратовское в-ще) без рр. Сок, Чапаевка, Мал.Иргиз, Самара и Сызранка), 11.01.00.019 и 11.01.00.022. Здесь граница резко разворачивается на юго-запад и вдоль берега Саратовского в-ща приходит к створу Саратовского г/у у г. Балаково (т.11052), затем проходит т.11051 – точку схождения границ водохозяйственных участков 11.01.00.014 (Мал. Иргиз), 11.01.00.015, 11.01.00.017 (Бол.Иргиз от Сулакского г/у до устья) и 11.01.00.022, от которой отклоняется на запад по водоразделу р. Бол.Иргиз и Волгоградского в-ща до т.11056, где р. Бол. Иргиз впадает в Волгоградское в-ще. Отсюда граница уходит на юг, проходя сначала в истоке р. Мал.Караман т.11058 - точку схождения границ водохозяйственных участков 11.01.00.017, 11.01.00.018 (Бол.Караман) и 11.01.00.022, затем на запад от этой точки - т.11059, где р. Бол.Караман впадает в Волгоградское в-ще. После этого граница резко поворачивает на юг и достигает т.11060, где сходятся границы водохозяйственных участков 11.01.00.018, 11.01.00.020 (Еруслан) и 11.01.00.022. Далее вдоль бассейна р. Еруслан граница участков 11.01.00.022 и 11.01.00.020 пересекает административную границу Саратовской и Волгоградской областей (т.11065) и проходит через устьевой створ р. Еруслан в т.11064, вблизи которого в т.11067 сходятся границы водохозяйственных участков 11.01.00.021 (Торгун), 11.01.00.022 и 11.01.00.020. Южное и почти прямолинейное направление границы сохранятся на протяжении длинного участка, в котором проходится т.11071 - точка схождения границ водохозяйственных участков 11.01.00.021, 11.01.00.022 и 11.01.00.027 (Реки бессточных областей левобережья Волги без бассейна оз. Эльтон) и в конце участка достигается т.11074 - точка схождения границ водохозяйственных участков 11.01.00.022, 11.01.00.024 (Волга от в/п Светлый Яр до в/п Верхнее Лебяжье) и 11.01.00.027. От этой точки граница поворачивает на запад и на восточной окраине г. Волжский вблизи замыкающего створа проходит т.11075, где сходятся границы водохозяйственных участков 11.01.00.022, 11.01.00.024 и 11.01.00.023. Замыкающий створ участка (т.11072) располагается немного западнее этой точки в створе Волгоградского г/у."""
"""Тобол от истока до впадения р.Уй без р.Увелька""","""Водохозяйственный участок 14.01.05.002 охватывает российскую часть бассейна верхнего Тобола до впадения в него р. Уй без р. Увелька. Участок расположен в Челябинской, Оренбургской и Курганской областях, состоит из двух частей, его площадь составляет 19 тыс. км2. Расчетный створ водохозяйственного участка т.14013 расположен в точке примыкания границы с водохозяйственным участком 14.01.05.003 к Государственной границе РФ с Казахстаном в месте впадения реки Уй в Тобол. От этой точки граница следует в западном направлении вдоль Государственной границы с Казахстаном по руслу трансграничной р.Уй (т.462,т.463,т.465), пересекая в т.466 трансграничную р. Ниж. Тогузак, в т.467 трансграничную р. Аят, в т.468 – трансграничную р. Арчаглы-Аят, в т.469 – трансграничную р. Карагайлы-Аят, в т.470 – трансграничную р. Камыши- Аят, в т.471 – трансграничную р. Сынтасты и, наконец, в т.354 к ней примыкает граница между Челябинской и Оренбургской областями и граница с водохозяйственным участком 12.01.00.003 (Урал от Магнитогорского г/у до Ириклинского г/у), после чего она поворачивает на север. На протяжении этого участка границы абсолютные высоты местности постепенно повышаются от 80-100 м до 370 м. Рельеф меняется от низменности до возвышенных равнин, господствуют степные ландшафты с участками лесостепи, по долинам рек произрастают ленточные леса. Далее граница водохозяйственного участка пересекает границу между Челябинской и Оренбургской областями в т.353, движется по водоразделу рр. Карагйалы-Аят, Карталы-Аят, Ниж. Тогузак, Курасан и Бол. Караганка, Зингейка, Гумбейка, до т.14014 схождения границ водохозяйственных участков 14.01.05.002, 12.01.00.001 (Урал от истока до Верхнеуральского г/у) и 12.01.00.003, после чего пересекает границу между Челябинской областью и Республикой Башкортостан сначала в т.352, а затем в т.320 схождения границ водохозяйственных участков 14.01.05.002, 12.01.00.001 и 10.01.02.010 (Ай). От т.320 граница продолжает движение на север, до т.14015 схождения границ водохозяйственных участков 14.01.05.002, 10.01.02.010 и 14.01.05.008 (Миасс от истока до Аргазинского г/у), в которой поворачивает на юго-восток, проходит т.14009 схождения границ водохозяйственных участков 14.01.05.001 (Увелька), 14.01.05.002 и 14.01.05.008 на границе Челябинской области и Республики Башкортостан, проходит т.14008 впадения р. Увелька в р. Уй, далее, отклоняясь к северу – т.14012 схождения границ водохозяйственных участков 14.01.05.001, 14.01.05.002 и 14.01.05.010 (Миасс от г. Челябинск до устья), затем снова следует на юго-восток, черезт.14016 схождения границ водохозяйственных участков 14.01.05.002, 14.01.05.010 и 14.01.05.003 и замыкается в начальной т.14013. Вторая небольшая часть водохозяйственного участка охватывает непосредственно истоки р. Тобол в Оренбургской области до границы с Казахстаном (т.12024). От этой точки граница участка следует по Государственной границе на юго-восток, пересекает трансграничную р. Тобол в ее верховьях (т.355) и простирается до т.12025 на границе с водохозяйственным участком 12.01.00.004 (Урал от Ириклинского г/у до г. Орск). Затем граница участка огибает в северо- западном направлении истоки Тобола и замыкается в исходной точке на Государственной границе РФ с Казахстаном (т.12024)."""
"""Реки бассейна моря Лаптевых (включая р. Анабар) от восточной границы бассейна р. Тикян-Юрях на западе до границы бассейна р. Оленек на востоке""","""Водохозяйственный участок 18.01.00.001 охватывает бассейны рек, впадающих в море Лаптевых от восточной границы бассейна р. Тикян-Юрях до западной границы бассейна р. Оленек, включая р. Анабар от истока до устья. Участок расположен в Респ. Саха (Якутия) и Таймырском (Долгано- Ненецком) а.о. Площадь водохозяйственного участка составляет 120,0 тыс. км2. От т.686 впадения р. Анабар в море Лаптевых граница следует в северном направлении, проходит через устье р. Уэле, т.701 на восточной оконечности п-ова Терпяй-Тумса и далее по побережью моря Лаптевых доходит до т.687 - точки примыкания к береговой линии моря Лаптевых границы с водохозяйственным участком 18.02.00.002. Прибрежная зона представляет собой северо-западную окраину Яно-Индигирской низменности с абсолютными высотами до 100 м, прорезанную многочисленными реками и ручьями, ложбинами временных протоков, в пониженных местах заболоченную. Вдоль берега тянутся неширокие плоскоравнинные морские террасы, типичным ландшафтом которых являются полигональные и пятнистые тундры. От т.687 граница уходит с береговой линии моря Лаптевых, поворачивает на юго-запад, поднимается на кряж Прончищева (410-525 м), следует по кряжу в юго-восточном направлении, поворачивает на юг, спускается на Северо-Сибирскую низменность и тянется до т.688 в верховьях р. Мас-Удя, затем граница поворачивает на юго-запад, выходит на плато с высотами 460-570 м, проходит через т.18001 - точку схождения границ водохозяйственных участков 18.01.00.001, 18.02.00.001 (Оленек от истока до в/п ГМС Сухана) и18.02.00.002 (Оленек от в/п ГМС Сухана до устья), проходит через т.689 и следует на запад до т.673 схождения границ водохозяйственный участков 18.01.00.001, 18.02.00.001 и 17.04.02.001 (Котуй). На этом отрезке граница разделяет бассейны рек (с запада) Кангалас-Уэлэ, Удя, Жилинда, Мал. Куонамка и (с востока) Буолкалах, Беенчиме, Кенгяде, Кюэнелекян. Для ландшафтов кряжа Прончищева характерна арктическая тундра, окружающая арктическую горную пустыню на вершинах куэстовых гряд. В нижней части склонов встречаются немногочисленные цветковые растения. По мере продвижения границы на юг ландшафты сменяются на типично тундровые и тундро-лесные. От т.673 граница поворачивает на север, поднимается на Анабарское плато (800-900 м), проходит через точку схождения границ Таймырского (Долгано-Ненецкого), Эвенкийского а.о. и Республики Саха (Якутия) – т.672, далее, следуя вдоль административной границы между Таймырским (Долгано-Ненецким) автономным округом и Республикой Саха (Якутия) поворачивает на северо-восток проходит водораздел (т.671) в точке схождения границ водохозяйственных участков 18.01.00.001, 17.04.02.001 и 17.05.00.001 (Попигай), пересекает границу между Таймырским (Долгано-Ненецким) автономным округом и Республикой Саха (Якутия) в т.685, делает петлю в восточном направлении, выходит на кряж Сураш-Дзанги, затем возвращается к административной границе между Таймырским (Долгано-Ненецким) автономным округом и Республикой Саха (Якутия) и следует вдоль этой границы, пересекая ее в т.684 у истока р. Харабыл и т.683, следует по Северо-Сибирской низменности, огибает водосбор оз. Киенг-Кюель (т.682) и выходит на береговую линию моря Лаптевых к т.690. Граница разделяет с востока реки Суолама, Харабыл, Бол. Куонамка и с запада реки Фомич, Попигай и Налим-Россоха, Тикян-Юрях. В южной части Северо-Сибирской низменности и на севере Среднесибирского плоскогорья распространены тундро-лесные ландшафты. В пределах Анабарского плато отчетливо выражены две подзоны: гольцово-редколесная на севере и тундролесная на юге. В гольцово-редколесной подзоне с высоты 300 м распространены травы и почти отсутствуют пятнистые тундры. К югу состав растительности обогащается, полностью пропадают горнотундровые ландшафты. В лесах кроме даурской лиственницы появляется ель. От т.690 на береговой линии моря Лаптевых граница водохозяйственного участка простирается в северо-восточном направлении, огибает бухту Нордвик и выходит к мысу Пакса (т.691), поворачивает на юг вдоль береговой линии Анабарской губы до устья р. Анабар и замыкается в начальной т.686. Рельеф территории представляет собой слабонаклоненную с юга (от 130 м) на север (до уровня моря) равнину со средней высотой около 50 м. В типично тундровых ландшафтах заметна доля лишайниковых. На увлажненных местах появляются осоки и сфагновые мхи."""
"""Пясина и другие реки бассейна Карского моря от восточной границы бассейна Енисейского залива до западной границы бассейна р. Каменная""","""Водохозяйственный участок 17.02.00.001 включает бассейн р. Пясина и другие небольшие реки бассейна Карского от восточной границы бассейна Енисейского залива (м. Северо-Восточный) до западной границы бассейна р. Каменная. Водохозяйственный участок расположен целиком на территории Таймырского (Долгано-Ненецкого) автономного округа. Площадь водохозяйственного участка составляет 205 тыс. км2. От места впадения р. Пясина в Пясинский залив Карского моря (т.655) граница следует по побережью на север, пересекает устье р. Хутудабига (т.656) и следует в северо-восточном направлении вдоль берега Харитона Лаптева через устье р. Ленивая (т.657) до т.658. Для ландшафтов побережья весьма типичны полигональные и пятнистые тундры. Защищенные от ветров склоны иногда покрыты луговинами, на которых насчитывается около 50 цветковых растений. От т.658 на водоразделе между бассейном Пясина и Нижней Таймыры граница уходит с береговой линии Карского моря и в южном направлении следует по водоразделу рек Ленивая и Шренк в т.659, пересекая невысокие хребты Геологическая гряда и Топографическая гряда, затем пересекает гряду Бырранга и спускается на Северо-Сибирскую низменность, поворачивая в юго- западном направлении к т.660. От нулевых отметок побережья абсолютные высоты возрастают до 355 м, затем понижаются до 100 м. Рельеф характеризуется разнообразием. В нем выражены сильно расчлененные холмисто- горные, зачастую изолированные гряды. Вместе с падением высот расширяются площади равнинных низин. Граница разделяет реки бассейна Пясины (Ленивая и Тарея) и бассейна Нижней Таймыры (Мамонта и Шренк). В межгрядовых понижениях господствует арктическая тундра с включениями островков произрастания осоки черной, мытника, полярного мака, со стелющейся ивой. Верхние части гор лишены растительности. Выше 250-300 м распространена арктическая пустыня. В северной части Северо-Сибирской низменности характерна мохово-лишайниковая (типичная) тундра. От т.660 на водоразделе рек Луктах и Тарея граница следует по Северо-Сибирской низменности в юго-восточном направлении, проходит через точку схождения границ водохозяйственных участков 17.02.00.001 (Пясина и другие реки бассейна Карского моря от восточной границы бассейна Енисейского залива до западной границы бассейна р. Каменная), 17.03.00.001 (Нижняя Таймыра (вкл. оз. Таймыр) и другие реки бассейна Карского от западной границы бассейна р. Каменная до мыса Прончищева) и 17.04.03.001 (Хатанга от истока до устья без р. Попигай) - т.661 и далее в т.662 водораздел водохозяйственных участков 17.02.00.001, 17.04.01.001 (Хета) и 17.04.03.001 в районе озера Тенское. От этой точки граница следует в юго-западном направлении вначале по Северо-Сибирской низменности, затем поднимается на плато Путорана, достигая т.663 на водоразделе у истока р. Бол. Авам, делает петлю в западном направлении по плато Путорана, разделяя бассейн р. Калтамы (с востока) и рек Бол. и Мал. Авам (с запада) и следует до т.610. Абсолютные высоты на водоразделе плато Путорана достигают 1212м. Куполообразная водораздельная поверхность плато глубоко разрезана узкими долинами многочисленных рек. При продвижении по Северо-Сибирской низменности ландшафты меняются от мохово-лишайниковых (типичных) тундр до мохово-травяных кустарниковых тундр. На плато Путорана вдоль рек распространены леса из лиственницы сибирской и ели сибирской с примесью берез. Холмы покрыты мелколесьем до высоты 550 м на севере и 750 м на юге. Выше идет хорошо выраженный пояс ольхового стланика, затем ивняково-ерниковая тундра, кустарничково-лишайниковая и горная арктическая пустыня. От точки схождения границ водохозяйственных участков 17.01.08.003 (Хантайка от истока до Усть-Хантайского г/у), 17.02.00.001 и 17.04.01.001 на водоразделе у оз. Собачье (т.610) граница делает широкую петлю в южном направлении по хребту Кета, огибая озеро Кета, проходит по водоразделу рек Дудинка и Рыбная в т.609 схождения границ водохозяйственных участков 17.01.08.003, 17.01.08.004 (Енисей от в/п г. Игарка до устья без р. Хантайка от истока до Усть-Хантайского г/у) и 17.02.00.001, затем следует в северо-западном направлении по северной оконечности хребта Лонгдокойский камень гор Бырранга, проходит через т.608 на водоразделе в верховьях р. Агапа, следует по Северо-Сибирской низменности через т.607 в верховьях р. Моховая, примыкает в т.606 к береговой линии Карского моря и следует в восточном направлении по береговой линии к исходной точке т.655 в устье р. Пясина. На плато Путорана вдоль рек до высоты 350-400м. узкими полосами распространены леса из лиственницы и ели сибирской, склоны гор до 550 м. на севере и 750 м на юге покрыты елово- лиственничным редколесьем, выше идет хорошо выраженный пояс кедрового стланика, затем ивняково-ерниковая тундра, кустарничково-лишайниковая и далее горная арктическая пустыня. При продвижении к океану по Северо-Сибирской низменности ландшафты меняются от южной кустарничковой тундры до типичной мохово-лишайниковой и арктической тундры на побережье Карского моря."""
"""Водные объекты о-ва Сахалин без бассейна р. Сусуя""","""Водохозяйственный участок 20.05.00.002 включает бассейны всех рек о-ва Сахалин, за исключением р. Сусуя. Наиболее крупные реки водохозяйственного участка – Тымь и Поронай берут начало из снежников Набильского хребта Восточно-Сахалинских гор. Реки текутпо Тымь- Поронайскому долу в меридиональном направлении, Поронай с севера на юг и впадает в залив Терпения Охотского моря, Тымь течет с юга на север и впадает в Ныйский залив Охотского моря. Водохозяйственный участок целиком расположен на территории Сахалинской области, площадь водохозяйственного участка составляет 75,4 тыс. км2 . В соответствии с Реестром опорных точек описание границы водохозяйственного участка 20.05.00.002 начинается от т.908, расположенной на северной оконечности острова на мысе Елизаветы береговой линии Охотского моря. От этой точки граница водохозяйственного участка тянется в южном направлении вдоль береговой линии заливов Уркт, Пильтун, Чайво, Ныльский, Набильский, Луньский на Охотском море до м. Терпения (т.909). От т.909 граница следует вдоль береговой линии заливов Терпения и Мордвинова, огибает м. Анива (т.910), далее идет вдоль береговой линии залива Анива, заходит в лагуну Буссе и бухту Лососей, пересекает устье р. Су- суя (т.20043) в точке примыкания границы между водохозяйственными участками 20.05.00.001 (Сусуя) и 20.05.00.002 к береговой линии залива Анива, поворачивает на север по Сусунайскому хребту, затем, огибая верховья р. Сусуя, проходит короткий отрезок в северо-западном направлении до водораздела рек Сусуя и Найба на отрогах Мицульского хребта (т.20043) на границе с водохозяйственным участком 20.05.00.001, резко поворачивает на юго-юго-восток, спускается на заболоченную Сусунайскую низменность, вновь идет по береговой линии на юго-запад и выходит в самую южную точку острова – м. Крильон (т.911). На восточном побережье острова в море впадают реки Вал, Тымь, Поронай, Макарова, Найба и др. От т.911 граница поворачивает на север и следует вдоль западного берега острова по береговой линии Татарского пролива, огибая Крильонский п-ов, мысы Лопатка, Корсакова, Жонкиер, далее следует вдоль береговой линии Александровского залива до м. Лах (т.912), вдоль береговой линии пролива Невельского, Амурского лимана, Сахалинского залива (т.913), заливов Байкал, Помрь, Северный и возвращается в исходную точку. На западном побережье острова в море впадают реки Лопатинка, Углегорка, Агнево, Уанга, Большая и др. Берега Сахалина сравнительно слабо изрезаны, крупные заливы Анива и Терпения (широко открытые к югу) имеются только в южной и средней части острова; резко выступают в море полуострова Шмидта, Терпения, Тонино-Анивский и Крильонский. Гористые участки берегов прямолинейны и круты; к низменностям примыкают преимущественно низкие берега, сопровождаемые полосами кос и лагун (наиболее распространенные на северо-востоке). Изолированная островная территория о. Сахалин соединяет в себе черты горной области и равнинной провинции. Хорошо выражены зональные закономерности распределения ландшафтов. Северная треть острова, занятая обширной Северо-Сахалинской равниной, характеризуется преимущественно низменными берегами. На восточном побережье расположена полоса песчаных и супесчаных морских террас с косами и пересыпями, ограничивающими ряд лагунных озер и заливов. Западное побережье - также песчаная морская равнина с дюнами и болотами, но не имеющая крупных лагун. Низины изобилуют осоковыми и сфагновыми болотами с кустами кедрового стланика на песчаных грядах Побережье южной части острова, как на западе, так и на востоке, имеет среднегорный характер. Горы резко расчленены узкими долинами малых рек, весьма крутосклонны, резкоконтурны. Здесь отчетливо выражена высотная зональность. Горы восточного побережья заняты лиственничной тайгой, поднимающейся в горы в среднем до высоты 300-500 м. Выше идет пояс каменно- березовых разнотравных лесов без бамбука, сменяющихся поясом кедрового стланика с 500— 650 м. Выше же 1000 м обычна «горная тундра» с золотистым рододендроном и лишайниками. На западном побережье горы покрыты густыми зеленомошными пихтово-еловыми лесами средне таежного облика, с широким распространением курильского бамбука. Выше 800 м к темнохвойной тайге примешивается каменная береза, вскоре образующая сплошной пояс березняков с разнотравьем и курильским бамбуком, а выше 1000 м господствуют заросли кедрового стланика. На южной оконечности острова расположена Муравьевская низменность, наполовину занятая озерами лагунного типа."""
"""Амур от истока до впадения р. Зея""","""Водохозяйственный участок 20.03.03.001 охватывает часть бассейна р. Амур на участке от слияния Шилки и Аргуни до впадения р. Зея. Течение реки извилисто, изобилует излучинами. С левого берега (российская часть бассейна) на протяжении водохозяйственного участка в Амур впадают многочисленные притоки, наиболее крупными из которых являются реки Амазар, Омутная, Уруша, Ольдой. Водохозяйственный участок расположен на территории Читинской и Амурской областей, площадь водохозяйственного участка составляет 53 тыс.км2 . От расчетного створа, расположенного в месте впадения р. Зея в р. Амур (т.876 - схождение границ водохозяйственных участков 20.03.03.001, 20.03.04.004 (Зея от впадения р. Селемджа до устья) и 20.03.05.002 (Амур от впадения р. Зея до впадения р. Бурея без р. Бурея до Бурейского г/у) на Государственной границе РФ с Китаем граница водохозяйственного участка, следуя в северо- западном направлении и совпадая с Государственной границей между РФ и Китаем, пересекает место впадения р. Хумаэрхэ (Китай) в р.Амур (т.877), затем плавно поворачивает на запад и проходит точку примыкания административной границы между Читинской и Амурской областями к Государственной границе РФ с Китаем (т.878) и, двигаясь далее в западном направлении, доходит до т.879 – места слияния рек Аргунь и Шилка (схождение границ водохозяйсвтенных участков 20.03.01.004 (Шилка), 20.03.02.001 (Аргунь) и 20.03.03.001 на Государственной границе РФ с Китаем). На этом участке граница водохозяйственного участка 20.03.03.001 пересекает устья рек Ольдой, Уруша, Омутная и Амазар. Граница проходит по Амурско-Зейской равнине (абсолютные высоты до 500 м). Широкая долина верхнего Амура имеет асимметричное строение: правый коренной берег подходит непосредственно к реке, подмывается ею и отступает; по левому же берегу ступенями поднимаются террасы, пойма имеет здесь ширину до 15 км и занята преимущественно вейниковыми лугами и осоково-вейниковыми болотами. Выше по течению долина Амура сужается, по пойме развита луговая и лугово-болотная растительность, крутые склоны долины занимают лиственничные леса с рододендроном, в составе которых большое участие принимают береза и сосна. От т.879 граница водохозяйственного участка 20.03.03.001 проходит короткий отрезок в северном направлении, затем поворачивает на северо-запад, проходит по Амазарскому хребту по водоразделу рр. Черный Урюм (20.03.01.004) и Амазар (20.03.03.001), поворачивая на запад, затем, огибая верховья р. Верх.Олонгро, уходит на север и подходит к т.720 - схождения границ водохозяйственных участков 18.03.04.001 (Олекма от истока до в/п с. Усть-Нюкжа), 20.03.01.004 и 20.03.03.001. Абсолютная высота возрастает от 500 до 1200 до м, хребты имеют, как правило, плоские или куполообразные вершины и расчлененные глубоко врезанными узкими речными долинами склоны. В ландшафтной структуре прослеживается высотная поясность: лесные ландшафты среднегорий сменяются редколесными, а выше – тундровыми ландшафтами. От т.720 граница водохозяйственного участка 20.03.03.001 поворачивает на восток-северо- восток и проходит по хребту Черомный, пересекает административную границу между Читинской и Амурской областями (т.719), переходит на Урушинский хребет, на водоразделе бассейнов верховьев рек Ольдой (20.03.03.001) и Геткан (20.03.04.001) проходит т.718 - схождение границ водохозяйственных участков 18.03.04.001, 20.03.03.001 и 20.03.04.001 (Зея от истока до Зейского г/у). Граница проходит по ряду вытянутых в северо-восточном направлении широких, хребтов с высотами от 1200 до 1600 м, повсеместно в рельефе выражены плоские или куполообразные вершины, склоны хребтов расчленены глубоко врезанными узкими речными долинами. В растительном покрове преобладает однообразная тайга из даурской лиственницы, наиболее высокие склоны покрыты подгольцовым редколесьем, а местами и каменистой тундрой. От т.718 граница водохозяйственного участка 20.03.03.001 идет в юго-восточном направлении по отрогам хребта Чернышева до водораздельной т.20011 (точка схождения границ водохозяйственных участков 20.03.04.001, 20.03.04.002 (Зея от Зейского г/у до впадения р.Селемджа) и 20.03.03.001) и далее по западной части Амурско-Зейской равнины следует по водоразделам рр. Ольдой, Б.Невер, Осежина, Буринда, Ольга, Гербелик, Онон, Ульмин (20.03.03.001) и Уркан, Улунга, Тыгда, Ту (20.03.04.002), проходит на водоразделе бассейнов рек Берея (20.03.03.001), Б.Пера (20.03.04.004) и Урга (20.03.04.002) точку схождения границ водохозяйственных участков 20.03.03.001, 20.03.04.002 и 20.03.04.004 (т.20009), а затем по водоразделу рр. Амур и Зея подходит к точке замыкания (т.876). Абсолютные отметки местности достаточно быстро снижаются от 1210 до 100 м. На северо- западе этого участка границы выражен среднегорный и низкогорно-холмистый рельеф, далее в рельефе типичны плоские, либо слабо всхолмленные водораздельные пространства. Территория располагается в зоне лесов Дальнего Востока, на севере водоразделы покрыты разреженными сырыми лиственнично-березовыми лесами обычно с рододендроном даурским, южнее распространены сосново-лиственничные и широколиственные леса из дуба, липы, клена."""
"""Анадырь от впадения р.Майн до устья""","""Водохозяйственный участок 19.05.00.002 охватывает бассейн Анадыря от впадения р. Майн до устья и расположен в Чукотском а.о. и Камчатском крае. Площадь водохозяйственного участка составляет 89,0 тыс. км2. От т.19014 (точки впадения р. Анадырь в Анадырский залив Берингова моря), которая находится рядом с т.824 - примыкания к береговой линии Анадырского залива Берингова моря на границе с водохозяйственным участком 19.06.00.001 (Бассейны рек Берингова моря от границы бассейна р. Анадырь до северной границы бассейна р. Опука) граница простирается в юго-западном направлении по водоразделу бассейнов рек Анадырь, Березовая и Великая - гребню хр. Рарыткин, поворачивает на северо-запад, выходит на Майнское плоскогорье к т.825 (водораздел бассейнов р. Великая и Березовая), проходит через т.826 - точку схождения границ водохозяйственных участков 19.05.00.001 (Анадырь от истока до впадения р. Майн), 19.05.00.002 и 19.06.00.001 в верховьях бассейна р. Ламутская, затем поворачивает на север, спускается на Парапольско-Бельскую низменность к т.19012, в которой пересекает р. Анадырь ниже впадения р. Майн, меняет направление на северо-западное и поднимается на Анадырское плоскогорье к т.788 в верховьях бассейна р. Мал.Анюй. Абсолютные высоты меняются от 40 до 1000 м. Прибрежную полосу образует слабонаклонная аллювиально-морская равнина с термокарстовыми озерами и буграми пучения с осоково- пушицевыми кочкарниками и участками осоково-злаковых лужаек. По мере движения на запад и роста абсолютных высот значительную роль играют светлохвойные горные леса, «кедротундра» и пятнистая тундра. От т.788 схождения границ водохозяйственных участков 19.01.03.001 (Анюй, включая реки Большой и Малый Анюй), 19.05.00.001 и 19.05.00.002 граница водохозяйственного участка следует в северо-восточном направлении по Анадырскому плоскогорью в сторону Чукотского плоскогорья, проходит через т.811, поворачивает на восток, проходит через т.810 схождения границ водохозяйственных участков 19.02.00.001 (Бассейны рек Восточно-Сибирского моря от восточной границы бассейна р. Колыма до границы бассейна Чукотского моря), 19.03.00.001 (Бассейны рек Чукотского моря) и 19.05.00.002. На этом отрезке граница разделяет бассейны рек Восточно-Сибирского моря: Угаткын, Мал.Чуан, Мильгувеем, Эльгыкаквын Паляваам и Энмываам, Юрумкувеем, Бол.Пыкапваам, Бол.Осиновка в бассейне Анадыря. От т.810 граница следует в восточном направлении к т.819 на схождении границ водохозяйственных учкастков 19.03.00.001, 19.04.00.001 (Бассейны рек Берингова моря от мыса Дежнева до северо-восточной границы бассейна р. Анадырь) и 19.05.00.002, затем поворачивает на юг, делает петлю в восточном направлении, проходя по водоразделу бассейнов рек Танюрер и сначала Вульвывеем, а затем Канчалан, постепенно спускается в Анадырскую низменность к побережью Анадырского залива (т.823) - примыкание к береговой линии Анадырского залива Берингова моря в точке границы водохозяйственных участков 19.04.00.001 и 19.05.00.002 и замыкается в т.19014."""
Котуй,"""Водохозяйственный участок 17.04.02.001 включает бассейн р. Котуй от истока до устья в месте слияния с рекой Хета. Водохозяйственный участок расположен на Среднесибирском плоскогорье на территории Таймырского (Долгано-Ненецкого) и Эвенкийского автономных округов. Площадь водохозяйственного участка составляет 176 тыс. км2. От т.678 слияния р. Хета и р. Котуй в р. Хатанга, на схождении границ водохозяйственных участков 17.04.01.001 (Хета), 17.04.02.001 (Котуй) и 17.04.04.001 (Хатанга от истока до устья без р. Попигай) граница следует в восточном направлении по Северо-Сибирской низменности, поднимается по западным отрогам гряды Хара-Тас к водоразделу водохозяйственных участков 17.04.02.001, 17.04.04.001 и 17.04.03.001 (Попигай) - т.669, поворачивает на юг и следует по водоразделу рек Фомич и Медвежья до т.670. Абсолютные высоты резко возрастают до 400 м, низменный озерный рельеф сменяется эрозионно расчлененными склонами и водораздельными поверхностями. На востоке Северо- Сибирской низменности господствует кустарничково-травяная и лишайниково-лиственничная лесотундры. Склоны Хаара-Тасской гряды покрыты лиственничными рединами, сменяющимися ерниковыми, мохово-лишайниковыми и кустарничковыми тундрами. Выше 250-300 м междуречья покрыты горной тундрой. От т.670 граница поднимается на Анабарское плато, делает петлю в восточном направлении и выходит на водораздельную точку (т.671) водохозяйственных участков 17.04.02.001, 17.04.03.001 и 18.01.00.001 (Реки бассейна моря Лаптевых (включая р. Анабар) от восточной границы бассейна р. Тикян-Юрях на западе до границы бассейна р. Оленек на востоке) и следует по Анабарскому плато до точки схождения административных границ (т.672) Таймырского (Долгано-Ненецкого), Эвенкийского автономных округов и Республики Саха (Якутия). Абсолютные высоты повышаются от нулевой отметки берега моря до 820 м, что отражается в смене ландшафтов. В северной части территории преобладают ландшафты мохово-лишайниковой тундры, южнее- кустарничковой тундры. По мере движения на юго-восток тундровые ландшафты сменяются лесотундровыми, а при переходе на Анабарское плато в ландшафтной структуре начинает проявляться высотная поясность: в понижениях развиты лесотундровые ландшафты, выше – ландшафты горной тундры, а на наиболее высоких участках - разреженная растительность гольцов. От точки т.672 граница поворачивает на юг, следует по южным отрогам Анабарского плато, проходит через точку (т.673) - схождение границ водохозяйственных участков 17.04.02.001, 18.01.00.001 и 18.02.00.001 (Оленек от истока до в/п ГМС Сухана), пересекает административную границу Эвенкийского автономного округа и Республики Саха (Якутия) в т.674 и т.675, проходя по восточной оконечности уступа Сурингдаурэн и далее по восточным отрогам плато Сыверма через точку на водоразделе (т.676)водохозяйственных участков 17.04.02.001, 18.02.00.001 и 18.03.08.001 (Вилюй от истока до в/п Усть-Амбардах) в точке пересечения границы между Эвенкийским автономным округом и Республикой Саха (Якутия) и следует к т.614. Абсолютные высоты колеблются от 400до 700 м; в северной части господствует горнотундровая и разреженная растительность гольцов, ландшафты возвышенных платформенных равнин представлены в южной части территории северо-таежными лиственничными редкостойными лесами, а на наиболее высоких участках – горнолиственничным редколесьем и горной тундрой. От точки схождения границ (т.614) водохозяйственных участков 17.01.07.002 (Нижняя Тунгуска от в/п п. Кислокан до в/п пгт. Тура), 17.04.02.001 и 18.03.08.001 граница делает петлю в северном направлении проходит через т.613 на водоразделе р. Воеволихан. Далее граница продолжает следовать в северо-западном направлении до водораздела водохозяйственных участков 17.01.08.001 (Курейка от истока до Курейского г/у), 17.01.07.002 и 17.04.02.001 (т.612) на водоразделе р. Кочечум на плато Путорана. От этой точки граница следует по наиболее высокому участку плато Путорана, проходит точку схождения границ водохозяйственных участков 17.01.08.001, 17.04.01.001 и 17.04.02.001 на административной границе Эвенкийского и Таймырского (Долгано- Ненецкого) автономных округов на водоразделе рек Котуй, Яктали и Дулисмар. Абсолютные высоты возрастают от 700 до 1272 м. Территория характеризуется сильным эрозионным расчленением. Ландшафты плато Путорана на высотах от 700 до 1100 м представлены горной тундрой, а выше повсеместно распространена арктическая пустыня. От т.680 у истока р. Маймеча граница поворачивает на северо-восток, спускается с плато Путорана, пересекает административную границу между Эвенкийским и Таймырским (Долгано- Ненецким) автономными округами в т.679, поворачивает на север и следует по Северо-Сибирской низменности к исходной точке в устье р. Котуй - т.678. Ландшафты северных склонов плато Путорана представлены северо-таежными лиственничными редкостойными лесами, по мере продвижения на север ландшафты сменяются лесотундровыми, кустарничковой тундрой и мохово-лишайниковой тундрой."""
"""Ингода от истока до г. Чита""","""Водохозяйственный участок 20.03.01.001 включает верхнюю и среднюю части бассейна р. Ингода, которая, сливаясь с р. Онон, образует р. Шилка. Ингода берёт начало на хребте Хэнтэй. В верховьях течёт в узком чрезвычайно живописном ущелье, в среднем течении —по широкой котловине между хребтами Яблоновым и Черского. Ингода принимает большое число притоков, в особенности с левой стороны, благодаря близкому соседству Яблонового хребта. Водохозяйственный участок целиком расположен на территории Читинской области. Площадь водохозяйственного участка составляет 22 тыс. км2. Расчетный створ водохозяйственного участка находится ниже г. Чита - т.20001. От этой точки граница водохозяйственного участка проходит небольшой отрезок на юг, затем поворачивает на юго-запад и идет по водоразделу р. Ингода и р. Оленгуй (20.03.01.002), в т.20002 пересекает административную границу между Агинским Бурятским автономным округом и Читинской областью, делает петлю, огибая исток р. Оленгуй и вновь пересекает эту же административную границу в т.20003 вблизи точки схождения границ водохозяйственных участков 20.03.01.001, 20.03.01.002 (Ингода от г. Чита до устья) и 20.03.01.003 (Онон). Отсюда граница водохозяйственного участка опять уходит на юго-восток, проходит по гольцу Сохандо и достигает точки (т.597) схождения границ водохозяйственных участков 16.03.00.002 (Чикой), 20.03.01.001 и 20.03.01.003 на водоразделе бассейнов рек Агуча, Ингода и Чикой. Здесь граница поворачивает на север и идет по Чатангинскому хребту до водораздельной т.16051, где сходятся границы водохозяйственных участков 16.03.00.002, 16.03.00.003 (Хилок) и 20.03.01.001, далее, разделяя бассейны рек Ингода и Чикой, поворачивает на северо-восток (т.596), проходит по северо-восточной оконечности Яблонового хребта до водораздельной точки (т.595), в которой сходятся границы между водохозяйственными участками 16.03.00.003, 18.03.02.001 (Витим от истока до в/п с. Калакан) и 20.03.01.001. Абсолютная высота составляет 1200-1800 м. В ландшафтной структуре преобладает горная тайга на складчато-глыбовых средневысотных горных массивах. От т.595 граница водохозяйственного участка следует в северо-восточном направлении по хребту Черского, разделяя бассейны рек Чита и Конда, пересекает административную границу между Читинской областью и Республикой Бурятия (т.723), огибая исток р. Чита, поворачивает на юг, проходит точку (т.20004) схождения границ водохозяйственных участков 18.03.02.001, 20.03.01.001 и 20.03.01.004 (Шилка), затем, двигаясь в том же направлении, достигает точку схождения границ водохозяйственных участков 20.03.01.001, 20.03.01.002 и 20.03.01.004 (т.20005). От этой точки граница поворачивает на юго-запад, проходит по водоразделу бассейнов рек Чита и Кручина (20.03.01.002) и замыкается в исходной т.20001. Граница проходит по ряду вытянутых в северо-восточном направлении широких хребтов с высотами от 1200 до 1600 м, повсеместно преобладают плоские или куполообразные вершины, склоны же хребтов расчленены глубоко врезанными узкими речными долинами. Почти повсюду преобладает однообразная тайга из даурской лиственницы, наиболее высокие склоны покрыты подгольцовым редколесьем, а местами и каменистой тундрой."""
"""Реки Керченского полуострова бассейна Азовского моря""","""Водохозяйственный участок 21.02.00.004 охватывает реки Керченского полуострова бассейна Азовского моря. С севера ВХУ ограничен береговой линией Азовского моря, с востока – береговой линией Керченского пролива, с юга – водоразделом между бассейнами рек Азовского и Черного морей – Парпачским хребтом, с запада – Акмонайским перешейком. Площадь водохозяйственный участка составляет 1,97 тыс. км2. Водохозяйственный участок расположен в северной и северо-восточной частях Керченского полуострова на территории Керченской возвышенной равнины, характеризуется холмисто-грядовым рельефом. Водораздел между Азовским и Чёрным морями проходит по Парпачскому хребту, от которого к северу, северо-востоку и востоку простираются низкие горы и гребни, между ними лежат долины маловодных пересыхающих рек и балок: р. Самарли, р. Мелек-Чесме, р. Булганак, р. Джарджава, балки Семисотская, Али-Бай, Семь Колодезей, Артезиан, Зеленый Яр, Сююрташская, Каралар (Серная речка), Мысырская, Чумная, Бабчикская, Кезенская, Тарханская, Чурбашская, Ичкин-Джилга. На территории участка расположена Керченская группа соляных озер: озера морского происхождения на побережье Азовского моря – Чокракское, Акташское, на побережье Керченского пролива – Чурбашское, Тобечикское. По территории проходит Северо-Крымский канал. На территории водохозяйственного участка находятся водохранилища: Юзмак (Ленинское), Самарли (Самарлинское), Керченское (Станционное). Водохозяйственный участок находится в степной (равнинной) зоне Крыма в подзоне типичных степей, лишь северо-западная часть участка в прибрежной зоне Арабатского залива и северо-западной части залива Казантип расположена в подзоне пустынных степей. От т. 21014 у южной оконечности Арабатской стрелки на Акмонайском перешейке Керченского полуострова граница участка идет на восток вдоль береговой линии Акмонайской бухты Арабатского залива, поворачивает на северо-восток в районе м. Красный Кут, огибает м. Китень, проходит вдоль береговой линии бухты Мысовая через м. Жиляевский и доходит до т. 938 на м. Казантип. Далее, огибая мыс Казантип, граница поворачивает юго-восток, проходит по береговой линии бухты Татарская, идет вдоль береговой линии Казантипского залива, плавно поворачивая на северо-восток, и доходит до м. Чаганы. Далее граница идет на восток вдоль северной береговой линии Керченского полуострова, проходя через м. Богатубе, бух. Морской Пехоты, м. Зюк, бух. Рифов, м. Тархан, бух. Булганак, м. Хрони. Отсюда граница поворачивает на юго-восток, проходит через м. Бакланичный и в т. 939 достигает восточной оконечности Керченского полуострова – м. Фонарь. Далее граница поворачивает на юго-запад, вдоль береговой линии доходит до м. Сипягино (м. Еникале) и поворачивает на запад, доходит до м Змеиный, затем до м. Карантинный, по береговой линии огибает Керченскую бухту, плавно заворачивая на юг, а затем на юго-восток, доходит до м. Ак-Бурун, поворачивая на юго-восток, идет вдоль береговой линии бухты Павловская и бухты Камыш-Бурунская, огибает косу Камыш-Бурунская и после м. Камыш-Бурун следует в южном направлении вдоль береговой линии Керченского пролива до т. 925 м. Такиль. От т. 925 граница идет в западном направлении по водоразделу между бассейнами рек Азовского и Черного морей до г. Харучу-Оба, поворачивает на север к г. Красный Курган, затем на юго-запад к г. Сосман, продвигается на северо-запад к г. Широкая, проходит по южной границе бассейна р. Самарли и движется далее по водоразделу в западном направлении до т. 924 схождения границ ВХУ 21.01.00.006 (Реки бассейна Черного моря от мыса Святого Ильи до мыса Такиль), 21.02.00.003 (Реки бассейна зал. Сиваш Азовского моря от восточной границы бассейна р. Салгир до перешейка Керченского полуострова, включая водные объекты российской части Арабатской стрелки) и 21.02.00.004. В т. 924 граница поворачивает на северо-запад, идет по Акмонайскому перешейку, разделяя бассейны рек Азовского моря и бассейны рек залива Сиваш, и замыкается в т. 21014 на берегу Акмонайской бухты Арабатского залива у южной оконечности Арабатской стрелки."""
"""Реки бассейна Баренцева моря от восточной границы бассейна р. Печора до восточной границы бассейна р. Бол. Ою""","""Водохозяйственный участок 03.06.00.001 включает бассейны небольших рек, впадающих в восточную часть Баренцева моря. Водохозяйственный участок расположен на территории Ненецкого а.о. Площадь водохозяйственного участка составляет 44 тыс. км2. От точки 129, расположенной на береговой линии Печорской губы на границе с водохозяйственным участком 03.05.03.002 (Печора от в/п Усть-Цильма до устья) граница участка следует по береговой линии Печорской губы вдоль Тиманского берега в восточном направлении до мыса Медынский заворот т.153, где примыкает к береговой линии Хайпудырской губы на восточной оконечности Тиманского берега, огибает эту губу, поворачивая на север в соответствии с направлением береговой линии до т.154, где р. Коротаиха впадает в Хайпудырскую губу. Следующая самая северная точка границы – т.155 обозначает примыкание к береговой линии пролива Югорский Шар на Югорском полуострове на границе с водохозяйственным участком 15.01.00.001 (Реки бассейна Карского моря от восточной границы бассейна р. Бол. Оюдо мыса Скуратова). Рельеф западной части участка границы представляет собой расчлененную руслами многочисленных малых рек заозеренную равнину с максимальными абсолютными отметками в пределах 50-120 м, местами заболоченную. Преобладающий тип ландшафта -ивняково-ерниковые тундры. Восточный отрезок границы вдоль залива Хайпудырская губа представляет собой низменную равнину, на восточном берегу заболоченную. Ближе к проливу Югорский шар равнина постепенно поднимается, достигая в оконечности хребта Пай-Хойотметок 145 м. Ландшафты - кустарничковая и мохово-лишайниковая тундра, с многочисленными болотами. От т.155 граница бассейна поворачивает на юго-восток и отходит от береговой линии на материк, проходит по водоразделу Пай-Хойского хребта до т.134, где сходятся границы водохозяйственных участков 03.05.02.001 (Уса), 03.06.00.001 и 15.01.00.001. В т.133, где пересекается граница Республики Коми и Ненецкого а.о. граница участка поворачивает на запад, извивается между истоками рек бассейна Баренцева моря и правых притоков р. Печора, проходя т.132 в верховьях р. Адзьва, огибает Вашуткины озера, поворачивает на юго-запад, обходя с юга бассейн р. Море-Ю, затем уходит на северо-запад, оконтуривая верховья бассейна р. Колва (т.131) на возвышенности Ёнэймусюр, поворачивает на юг и далее на запад по гряде Хальмермусюр, подходит к т.130, в которой сходятся границы водохозяйственных участков 03.06.00.001, 03.05.02.001 и 03.05.03.002 (Печора от в/п Усть-Цильма до устья), затем, обогнув исток р. черная, замыкает участок в т.129. Абсолютные высоты на этом отрезке сначала повышаются до 200 м, а затем снижаются до 150 м. Возвышенные равнины с холмистым рельефом сменяются плоскими морскими террасами с грядовыми поднятиями (мусюрами). Господствуют мохово-лишайниковые, реже кустарниковыми тундры в сочетании с бугристыми сфанговыми болотами. На последнем отрезке границы абсолютные высоты снижаются до нулевой отметки морского побережья, геоморфологические условия характеризуются морскими террасами с наличием выположенных грядовых возвышенностей – мусюров. Граница проходит по заболоченной Большеземельской мохово-кустарничковой тундре с широким развитием термокарста."""
"""Бассейн р. Салгир""","""Водохозяйственный участок 21.02.00.002 охватывает бассейн р. Салгир. С севера ВХУ ограничен бассейнами водных объектов, впадающих в северо-западную часть залива Сиваш, с северо-востока – береговой линией залива Сиваш в устьевой области р. Салгир, с востока – бассейнами рек, впадающих в Восточный Сиваш, с юга – главной грядой Крымских гор, с юго-запада и запада – бассейнами рек Альма и Западный Булганак. Площадь водохозяйственного участка составляет 3,82 тыс. км2. По территории участка течет самая длинная река полуострова Крым – р. Салгир. Вместе со своим притоком р. Карасевка (Биюк-Карасу) он представляет самую большую в Крыму водную систему. Образуется слиянием рек Ангара и Кизил-Коба. Истоки реки находятся на северном склоне Главной гряды Крымских гор в районе Ангарского перевала. Долина реки Салгир пересекает предгорья Крымских гор, Симферопольское поднятие, Центрально-Крымскую возвышенную равнину, Индольскую и Присивашскую низменности. Основные притоки р. Салгир: в верхнем течении – рр. Аян, Тавель, Малый Салгир, в среднем течении – рр. Маленькая (Галтчик-Кая), Зуя с притоком Бештерек, Бурульча, в нижнем течении – р. Карасевка (Биюк-Карасу) с притоком Малая Карасевка (Кучук-Карасу). Ниже впадения р. Карасевка до своего впадения в залив Сиваш р. Салгир почти не имеет поверхностного стока в летнюю межень. В пределах водохозяйственного участка находятся: Аянское и Симферопольское водохранилища на р. Салгир, используемые для водоснабжения Симферополя, Тайгонское и Белогорское водохранилища на реке Карасевка, используемые для водоснабжения г. Белогорск и других населенных пунктов, Балановское водохранилище на реке Зуя, используемое для нужд орошения. На территории водохозяйственного участка последовательно с юга на север и северо-восток представлены ландшафты: пояса луговых степей яйлы, Северного макросклона Крымских гор – дубовых, буковых и грабовых лесов, лесостепной и луговостепной предгорного пояса, типичных и пустынных степей равнинного Крыма. От т. 936 в северной части устьевой области р. Салгир граница идет на юго-восток вдоль береговой линии залива Сиваш до т. 21013, ограничивающей его устьевую область с юга. Здесь граница поворачивает на юго-запад и идет по водоразделу бассейна р. Салгир с реками, впадающими в Восточный Сиваш, пересекает Северо-Крымский канал и отклоняется южнее, ограничивая водосбор р. Карасевка, а затем ее правого притока – р. Малая Карасевка, проходит по Бурун-Дукскому хребту через г. Кубалач, по хребту Кара-Коль и в районе г. Ливаз-Кая достигает т. 21009 схождения границ ВХУ 21.02.00.002, 21.02.00.003 (Реки бассейна зал. Сиваш Азовского моря от восточной границы бассейна р. Салгир до перешейка Керченского полуострова, включая водные объекты российской части Арабатской стрелки) и 21.01.00.005 (Реки восточной части Южного берега Крыма от восточной границы бассейна р. Демерджи до мыса Святого Ильи). От т. 21009 граница движется в юго-западном направлении по водоразделу с реками Южного берега Крыма, проходит по хребту Караби-яйла, хребту Демерджи-яйла через т. 923 на г. Сев. Демерджи, хребту Чатыр-Даг до т. 922 схождения границ ВХУ 21.01.00.002 (Реки бассейна Черного моря от северной границы бассейна р. Западный Булганак до северной границы бассейна реки Черная), 21.01.00.004 (Реки западной части Южного берега Крыма от мыса Сарыч до восточной границы бассейна р. Демерджи) и 21.02.00.002. От т. 922 граница движется в северо-западном направлении, отделяя бассейны притоков Партизанского водохранилища и притоков р. Салгир, проходит далее по водоразделу Азовского и Черного морей по Симферопольскому поднятию через т. 21002 схождения границ ВХУ 21.01.00.001(Водные объекты бассейна Черного моря от границы РФ с Украиной на Перекопском перешейке до северной границы бассейна р. Западный Булганак), 21.01.00.002 и 21.02.00.002 до т. 921, где она поворачивает на северо-восток, и далее движется по Центрально-Крымской равнине до т. 21001 схождения границ ВХУ 21.01.00.001, 21.02.00.001 (Водные объекты бассейна зал. Сиваш Азовского моря от границы РФ с Украиной на Перекопском перешейке до северной границы бассейна р. Салгир) и 21.02.00.002. В т. 21001 граница отклоняется на восток и далее движется в северо-восточном направлении по границе бассейна р. Салгир, отделяя бассейны водных объектов, впадающие в залив Сиваш к северу от Салгира. После пересечения с Северо-Крымским каналом граница отделяет распределительную сеть Азовского канала и замыкается в т. 936 в устьевой области р. Салгир."""
Омолон,"""Водохозяйственный участок 19.01.02.001 охватывает территорию от истока до устья р. Омолон, расположенную в Магаданской области, Чукотском а.о. и Республике Саха (Якутия). Площадь водохозяйственного участка составляет 113 тыс. км2. От т.797 - точки впадения р. Омолон в р. Колыма на схождении границ водохозяйственных участков 19.01.01.005 (Колыма от в/п г. Среднеколымск до впадения р. Омолон), 19.01.04.001 (Бассейны рек Берингова моря от мыса Дежнева до северо-восточной границы бассейна р. Анадырь) и 19.01.02.001 граница простирается в южном направлении до т.801 схождения границ водохозяйственных участков 19.01.02.001, 19.01.03.001 (Анюй, включая реки Большой и Малый Анюй) и 19.01.04.001 в точке пересечения с границей между Республикой Саха (Якутия) и Чукотским а.о.). Следуя от этой точки в юго-восточном направлении, граница разделяет верховья рек Курьячан, Курья, Олойчан и Яровая, Кричальская Банная, поднимается на Олойский хребет (высота 1200 м) к т.802 и далее по водоразделу бассейнов рек Пеженка, Алучини правых притоков Олоя и выходит к т.790 – точке схождения границ водохозяйственных участков 19.01.02.001, 19.01.03.001 и 19.05.00.001 (Анадырь от истока до впадения р. Майн) на водоразделе р. Алучин и Яблон на Колымском нагорье. Тундровые ландшафты сменяются северной тайгой восточносибирского типа из лиственницы даурской, по мере движения на юг и роста абсолютной высоты они сменяются горными светлохвойными лесами и редколесьями в сочетании с горными тундрами. Далее граница по отрогам Олойского хребта достигает точки схождения границ водохозяйственных участков 19.01.02.001, 19.05.00.001 и 19.09.00.001 (Пенжина) в точке пересечения с границей между Корякским и Чукотским а.о. (т.791), поворачивает на запад по Колымскому нагорью, разделяя верховья бассейнов. Олой и Пенжины, поворачивает на юг, огибая верховья р. Молонгда вблизи точки схождения границ между Корякским, Чукотским а.о. и Магаданской обл. (т.792) на водоразделе бассейнов рр. Пенжина и Молонгда и далее проходит вблизи административной границы между Корякским автономным округом и Магаданской областью до т.793 схождения границ водохозяйственных участков 19.01.02.001, 19.09.00.001 и 19.10.00.001 (Бассейны рек Охотского моря от западной границы бассейна р. Пенжина до южной границы бассейна р. Тахтаяма). От т.793 граница бассейна Омолона простирается в юго-западном направлении по Колымскому нагорью по водоразделу между бассейнами верховьев рек Кугали, Омолон и рек бассейна Охотского моря – рр. Парень, Черная, Гижига, Наяхан до т.794 схождения границ водохозяйственных участков 19.01.02.001, 19.01.01.003 (Колыма от впадения р. Сеймчан до в/п ГМС Коркодон) и 19.10.00.001. Абсолютные высоты на протяжении участка границы возрастают до 1500 м. Преобладают ландшафты горных кустарниковых, моховых и лишайниковых тундр и зарослей кустарников в сочетании с лиственничными редколесьями. От т.794 пересечения с границей между Республикой Саха (Якутия) и Магаданской областью на схождении границ водохозяйственных участков 19.01.01.003, 19.01.01.005 и 19.01.02.001 граница поворачивает на север к т.800, разделяя бассейны рек Хетагчан, Коркодон, Булун (подбассейн Колымы) и Лев.Кедон, Намындыкан в бассейне Омолона (точка схождения границ водохозяйственных участков 19.01.02.001, 19.01.01.003 и 19.01.01.005). От т.800 дот.799 (точка схождения границ между Республикой Саха (Якутия), Магаданской областью и Чукотским а.о.) граница водохозяйственного участка следует на северо-восток вблизи административной границы между Республикой Саха (Якутия) и Магаданской областью, а затем до т.798 (точка пересечения с границей между Республикой Саха (Якутия) и Чукотским а.о.) На этом отрезке она разделяет бассейны левых притоков р. Омолон и правых притоков р. Березовка. На конечном участке до точки замыкания (т.797) граница проходит по Колымской низменности по водоразделу рек Колыма и Омолон. Отрезок границы (от т.794 до т.797) проходит сначала по Колымскому нагорью с высотами порядка 1500 м, затем граница выходит на Юкагирское плоскогорье и в конце отрезка идет по Колымской низменности (высоты до 100 м). Горные светлохвойные леса и редколесья в сочетании с горными тундрами по мере движения на север и снижения абсолютной высоты сменяются северной тайгой восточносибирского типа из лиственницы даурской и далее - тундровыми ландшафтами."""
"""Чусовая от истока до г. Ревда без р.Ревда (от истока до Новомариинского г/у)""","""Водохозяйственный участок 10.01.01.005 охватывает верхнюю часть бассейна р. Чусовая от истока до расчетного замыкающего створа у г. Ревда - т.10013. Площадь водохозяйственного участка составляет 2,0 тыс. км2. От точки замыкающего створа граница участков 10.01.01.005 и 10.01.01.006 (Чусовая от г. Ревда до в/п пгт. Кын) в восточном направлении через небольшое расстояние приходит в т.10014 - точку схождения границ водохозяйственных участков 10.01.01.005, 10.01.01.006 и 14.01.05.005 (Исеть от истока до г. Екатеринбург), от которой граница участков 10.01.01.005 и 14.01.05.005 направляется на юго-восток, пересекая р. Исеть и, оставляя к западу Свердловское Море, затем плавно поворачивает на юг до т.14022 - точки схождения границ водохозяйственных участков 10.01.01.005, 14.01.05.005 и 14.01.05.006 (Исеть от г. Екатеринбург до впадения р. Теча). Далее граница проходит т.14027, в которой сходятся границы водохозяйственных участков 10.01.01.005, 14.01.05.006 и 14.01.05.007 (Теча), затем т.317 у истока р. Чусовая, где сходятся границы участков 10.01.01.005, 14.01.05.007 и 10.01.02.009 (Уфа от Долгобродского г/у до Нязепетровского г/у). На этом участке граница дважды пересекает административную границу Свердловской и Челябинской областей. По направлению на запад граница участков 10.01.01.005 и 10.01.02.009 достигает у истока р. Уфалейки т.10072, в которой сходятся границы водохозяйственных участков 10.01.01.004, 10.01.01.005 и 10.01.02.011 (Уфа от Нязепетровского г/у до Павловского г/у без р. Ай), и далее к северо-востоку - т.10011 - точки схождения границ водохозяйственных участков 10.01.01.004 (Ревда от истока до Новомариинского г/у), 10.01.01.005 и 10.01.02.011. По водоразделу рр. Чусовая и Ревда граница идет на север до т.10010 в створе Новомариинского г/у, к западу от которой граница участка проходит через две рядом расположенные точки: т.10012 - точка схождения границ водохозяйственных участков 10.01.01.004, 10.01.01.005 и 10.01.02.011 и к северо-западу от нее - т.10015 - точка схождения границ водохозяйственных участков 10.01.01.005, 10.01.01.006 и 10.01.02.011. Далее, повернув на северо-восток, граница участка приходит к замыкающему створу - т.10013."""
"""Бассейны рек Берингова моря от границы бассейна р. Анадырь до северной границы бассейна р.Опука""","""Водохозяйственный участок 19.06.00.001 расположен в Чукотском а.о. и охватывает бассейны рек Берингова моря от юго-восточной границы бассейна р. Анадырь до северной границы бассейна р. Опука. Площадь водохозяйственного участка составляет 75,0 тыс. км2. Отт.830 на береговой линии Берингова моря на мысе Наварин граница простирается в юго- западном направлении, проходит через т.831 на административной границе между Чукотским и Корякским а.о., далее следует в западном направлении вдоль административной границы до т.827 схождения границ водохозяйственных участков 19.05.00.001 (Анадырь от истока до впадения р. Майн), 19.06.00.001 и 19.06.00.002 (Бассейны рек Берингова моря от северной границы бассейна р. Опука до южной границы бассейна р. Вывенка) в верховьях рр. Ваеги и Великая, потом следует по водоразделу бассейнов этих рек до т.826 - точки схождения границ водохозяйственных участков 19.05.00.001, 19.05.00.002 (Анадырь от впадения р. Майн до устья) и 19.06.00.001 в верховьях бассейна р. Ламутская, огибает верховья р. Березовая (т.825) на водоразделе бассейнов р. Великая и Березовая., спускается на Анадырскую низменность и по водоразделу бассейнов рек Березовая, Анадырь и Великая выходит на побережье Анадырского залива к т.824. Абсолютная высота местности возрастает от нулевой отметки побережья до 1600 м на гребне Срединного хребта. В конце отрезка высоты плавно снижаются при выходе на Анадырскую низменность и достигают нулевой отметки на береговой линии Анадырского залива. Рельеф горных хребтов, разделенных глубокими и сложно построенными депрессиями, весьма разнообразен. Верховья почти всех рек занимают троговые долины. Многие хребты имеют современное оледенение. Аномально низкое положение снеговой линии обусловлено климатическими особенностями. На склонах гор представлены разнообразные растительные группировки: лишайниковые, травянисто-лишайниковые, мохово-травянисто-лишайниковые, лишайнико-кустарничковые, а в нижних частях склонов и в долинах, расположенных ниже 200-250м – крупнокустарниковые тундры, светлохвойные горные и пойменные леса. Особенностью гор этого района является большая площадь осыпных лишенных растительности участков. Среди каменных и щебенчатых россыпей растут дриада, рододендрон камчатский, ива красноплодная и сетчатая, брусника, голубика. В конце отрезка границы прибрежная аллювиально-морская равнина с термокарстовыми озерами и буграми пучения занята осоково-пушицевыми кочкарными тундрами с участками осоково- злаковых лужаек и кустарничков. От т.824 примыкания к береговой линии Анадырского залива Берингова моря на границе с водохозяйственным участком 19.05.00.001 граница поворачивает на юго-восток и следует вдоль береговой линии зал. Онемен и Анадырского лимана, огибает м. Гека (т.829) на береговой линии Анадырского залива Берингова моря и, следуя в том же направлении, замыкается в исходной т.830. На участке границы от т.824 до т.830 в море впадают реки: Великая, Автаткууль, Туманская. На начальном участке прибрежная территория занята Анадырской низменностью с абсолютными высотами до 50 м, по периферии которой возвышаются останцовые горы. Прибрежная аллювиально-морская равнина с термокарстовыми озерами и буграми пучения занята осоково-пушицевыми кочкарными тундрами с участками осоково-злаковых лужаек и кустарничков. Среди кочкарников и лужаек распространены разреженные кусты ольховника камчатского, березки тощей, кустарниковых ив, голубики. К м. Наварин абсолютными отметки приморской равнины повышаются до 100 м, а прибрежная зона переходит в гористую местность (Корякское нагорье)."""
Увелька,"""Водохозяйственный участок 14.01.05.001 охватывает бассейн р. Увелька – крупного левого притока р. Уй. Участок расположен в Челябинской области, его площадь составляет 5,8 тыс. км2. От расчетного створа впадения р. Увелька в р. Уй (т.14008) граница водохозяйственного участка 14.01.05.001 следует на северо-запад по водоразделу бассейнов рр. Уй и Увелька и их притоков Санарка и Кабанка до т.14009 схождения границ водохозяйственных участков 14.01.05.001, 14.01.05.002 (Тобол от истока до впадения р. Уй без р.Увелька) и 14.01.05.008 (Миасс от истока до Аргазинского г/у) на пересечении границы между Республикой Башкортостан и Челябинской областью. От этой точки граница следует на север до т.14010 схождения границ водохозяйственных участков 14.01.05.001, 14.01.05.008 и 14.01.05.009 (Миасс от Аргазинского г/у до г. Челябинск). Затем граница поворачивает на юго-восток, проходит т.14011 схождения границ водохозяйственных участков 14.01.05.001, 14.01.05.009 и 14.01.05.010 (Миасс от г. Челябинск до устья), проходит мимо оз. Дуванкуль, достигает т.14012 схождения границ водохозяйственных участков 14.01.05.001, 14.01.05.010 и 14.01.05.002, после чего замыкается в начальной точке."""
"""Реки восточной части Южного берега Крыма от восточной границы бассейна р. Демерджи до мыса Святого Ильи""","""Водохозяйственный участок 21.01.00.005 охватывает бассейны рек Южного берега Крыма от восточной границы бассейна р. Демерджи до мыса Святого Ильи. С севера и запада ВХУ ограничен главной грядой Крымских гор – водоразделом, отделяющим бассейны рек южного берега Крыма от бассейнов рек Азовского моря, с юга и востока – береговой линией Черного моря. Гидрографическая сеть водохозяйственного участка представлена в основном малыми реками, берущими начало на главной гряде Крымских гор, протекающими по южному макросклону и впадающими в Черное море. Наиболее крупные реки восточного южнобережья: рр. Улу-узень Восточный, Андуз, Ускут, Шелен, Ворон, Таракташ, Карагач (приток р. Таракташ), Отуз, руч. Кизилташский (приток р. Отуз), б. Янтык. В отношении природных зон на территории водохозяйственного участка представлены ландшафты: лесного пояса (хвойных лесов) в северной горной части, пояса лугово-степной растительности в средней части участка на яйлах и шиблякового приморского пояса на прибрежной части. В административном отношении водохозяйственный участок целиком расположен в пределах Республики Крым. Площадь участка составляет 0,92 тыс. км2. От т. 923 (схождение границ водохозяйственных участков 21.01.00.004 (реки западного южнобережья), 21.01.00.005 и 21.02.00.002 (Бассейн р. Салгир) на Демерджи-яйле) граница идет по водоразделу рек северного и южного склона Крымских гор: между бассейнами рек южного берега Крыма и бассейнами рек Азовского моря (залива Сиваш – рр. Салгир, М. Индол, Чурюк-Су), общее направление границы – северо-восточное. Сперва граница спускается с Демерджи-яйлы в ложбину между яйлами, затем поднимается на Караби-яйлу. В т. 21009 проходит через точку схождения границ водохозяйственных участков 21.01.00.005, 21.02.00.002 и 21.02.00.003 (Реки бассейна зал. Сиваш Азовского моря от восточной границы бассейна р. Салгир до перешейка Керченского полуострова, включая водные объекты российской части Арабатской стрелки). Следует и дальше в северо-восточном направлении по главной гряде Крымских гор до т. 21010 (схождение границ водохозяйственных участков 21.01.00.005, 21.01.00.006 (реки бассейна Черного моря от м. Святого Ильи до м. Такиль) и 21.02.00.003). Далее граница поворачивает на восток и по хребту Тепе-Оба спускается к Черному морю. В т. 21011 на мысе Святого Ильи (Ильи) граница водохозяйственного участка примыкает к берегу моря. После этого граница поворачивает и следует в юго-западном направлении, проходит по берегу Двуячкорной бухты, минует м. Киик-Атлама, затем идет вдоль берега Коктебельской бухты, проходит мыс. Лагерны и мыс Планерный (Мальчик), следует вдоль горного массива Карадаг. Далее граница поворачивает на юг следует до мыса Толстый, проходит м. Бугас и Меганом (т. 927), заворачивает в Судакскую бухту и далее следует до т. 21008 вдоль берега моря в направлении на запад-юго-запад. На этом отрезке граница пересекает устья рек, протекающих по южным склонам главной горной гряды Крыма, наиболее крупными из которых являются (в порядке пересечения их устьев границей участка): рр. Таракташ, Ворон, Ускут, Андус. От т. 21008 граница следует на север, поднимаясь от берега моря на главную гряду Крымских гор до т. 923 на Демерджи-яйле."""
"""Бассейны рек Берингова моря от южной границы бассейна р. Вывенка до северной границы бассейна р.Камчатка""","""Водохозяйственный участок 19.06.00.003 расположен в Камчатском крае и охватывает бассейны рек Берингова моря от южной границы бассейна р. Вывенка до северной границы бассейна р. Камчатка. Площадь водохозяйственного участка составляет 38,0 тыс. км2. От т.19016 примыкания к береговой линии Берингова моря границы с водохозяйственным участком 19.06.00.002 (Бассейны рек Берингова моря от северной границы бассейна р. Опука до южной границы бассейна р.Вывенка) граница простирается в южном направлении вдоль береговой линии Карагинского залива, огибает п-ов Озерной (т.833) на береговой линии Карагинского залива Берингова моря на п-ове Озерной, далее проходит через т.834 точку примыкания к береговой линии Камчатского залива границы с водохозяйственным участком 19.07.00.001 (Камчатка), поворачивает на северо-запад, пересекает хр. Кумероч – водороздел бассейнов рек Еловка и Озерная, спускается в долину р. Еловка, разделяя рр. Еловка и Маимля, затем поднимается по восточному склону Срединного хр. к т.835 – точке схождения границ водохозяйственных участков 19.06.00.003, 19.07.00.001 и 19.08.00.001 (Бассейны рек Охотского моря от западной границы бассейна р. Пенжина до южной границы бассейна р. Тахтаяма) на границе между Корякским а.о. и Камчатской областью. От этой точки граница водохозяйственного участка следует на север по Срединному хр. разделяя бассейны рек Охотского и Берингова морей до т.19017 схождения границ водохозяйственных участков 19.06.00.002, 19.06.00.003 и 19.08.00.001, поворачивает на юго-восток и замыкается в исходной т.19016. На прибрежном участке следования границы в Берингово море впадают реки Тымлат, Карага, Оссора, Дранка, Хайлюля, Ука, Озерная, Уколка. На побережье вместе с кочкарниками многочисленны лужайки альпийской растительности, использующиеся под летние оленьи пастбища. Рельеф горных хребтов, разделенных глубокими и сложно построенными депрессиями, весьма разнообразен. Верховья почти всех рек занимают троговые долины. Многие хребты имеют современное оледенение. Аномально низкое положение снеговой линии обусловлено климатическими особенностями. На склонах гор представлены разнообразные растительные группировки: лишайниковые, травянисто-лишайниковые, мохово-травянисто-лишайниковые, лишайнико-кустарничковые, а в нижних частях склонов и в долинах, расположенных ниже 200- 250 м – крупнокустарниковые тундры и пойменные леса. Среди каменных и щебенчатых россыпей растут дриада, рододендрон камчатский, ивы красноплодная и сетчатая, брусника, голубика."""
Попигай,"""Водохозяйственный участок 17.04.03.001 включает бассейн р. Попигай от истока до устья. Водохозяйственный участок расположен на территории Таймырского (Долгано-Ненецкого) автономного округа и, частично, Республики Саха (Якутия) на северной окраине Среднесибирского плоскогорья, в нижнем течении на Северо-Сибирской низменности. Площадь водохозяйственного участка составляет 50,3 тыс. км2. От т. 668 в устье р. Попигай в месте впадения реки в Хатангу граница следует на восток до т.17043 схождения границ водохозяйственных участков 17.04.04.002 (Реки бассейна моря Лаптевых от мыса Прончищева до границы между Таймырским (Долгано-Ненецким) а.о. и Респ. Саха (Якутия) без р. Хатанга), 17.04.03.001 и 17.04.04.001 (Хатанга от истока до устья без р. Попигай) и далее до верховьев бассейна оз. Киенг-Кюель (т.682) на водоразделе границ водохозяйственных участков 17.04.04.002, 17.04.03.001 и 18.01.00.001 (Реки бассейна моря Лаптевых (включая р. Анабар) от восточной границы бассейна р. Тикян-Юрях на западе до границы бассейна р. Оленек на востоке), затем поворачивает на юго-восток, проходит по Кряжу Сюрях-Дянгы, пересекая границу между Таймырским (Долгано-Ненецким) автономным округом и Республикой Саха (Якутия) в т.683, т.684, т.685, поворачивает на юго-запад, проходит по возвышенности Халчаганахата до т.671. От т.685 до т.671 граница практически совпадает с административной границей между Республикой Саха и Таймырским автономным округом. В соответствии с рельефом местности абсолютные высоты повышаются от нулевых отметок в устье до 820 м, что отражается в смене ландшафтов. В северной, низменной, части территории преобладают ландшафты мохово-лишайниковой тундры, южнее - кустарничковой тундры. По мере движения на юг тундровые ландшафты сменяются лесотундровыми, а при переходе на Анабарское плато в ландшафтной структуре начинает проявляться высотная поясность: в понижениях развиты лесотундровые ландшафты, выше – ландшафты горной тундры, а на наиболее высоких участках - разреженная растительность гольцов. От водораздельной точки (т.671) водохозяйственных участков 18.01.00.001, 17.04.02.001 (Котуй) и 17.04.03.001 граница поворачивает на запад по Анабарскому плато, проходит по водоразделу рек Фомич и Медвежья через т.670, поворачивает на север, пересекает гряду Хара-Тас и подходит к точке схождения границ водохозяйственных участков 17.04.02.001, 17.04.03.001 и 17.04.04.001 (Хатанга от слияния Хеты и Котуя до устья) - т.669. Затем граница делает петлю в восточном направлении и по Северо-Сибирской низменности подходит к устью р. Попигай при ее впадении в р. Хатанга (т.668). На Анабарском плато в ландшафтной структуре проявляется высотная поясность: в понижениях развиты лесотундровые ландшафты, выше – ландшафты горной тундры, а на наиболее высоких участках - разреженная растительность гольцов. Склоны Хара-Тасской гряды покрыты лиственничными рединами, сменяющимися ерниковыми, мохово-лишайниковыми и кустарничковыми тундрами. Выше 250-300 м междуречья покрыты горной тундрой. На востоке Северо-Сибирской низменности господствует кустарничково-травяная и лишайниково- лиственничная лесотундры."""
"""Бассейны рек Восточно-Сибирского моря от восточной границы бассейна р. Колыма до границы бассейна Чукотского моря""","""Водохозяйственный участок 19.02.00.001 охватывает территорию бассейнов рек Восточно- Сибирского моря и целиком расположен в Чукотском автономном округе. Площадь водохозяйственного участка составляет 101,5 тыс. км2. От т.784 - точки примыкания к береговой линии Восточно-Сибирского моря границы с водохозяйственным участком 19.01.04.001 (Колыма от впадения р. Омолон до устья без р. Анюй) граница простирается в восточном направлении вдоль береговой линии Восточно-Сибирского моря, сворачивая к северо-востоку у берегов полуострова Кыттык, проходит по берегу полуострова Киттон к т.806 на береговой линии Восточно-Сибирского моря у о. Айон, огибает Чаунскую губу и подходит к м. Шелагский т.807 на береговой линии Восточно-Сибирского моря у мыса Шелагский. На пути следования граница пересекает устья рек Кэйкгывеем, Раучуа, Лелювеем, Пучьэвеем, Чаун, Паляваам, Млелин и др. Поверхность прибрежной территории приподнята над уровнем моря в среднем на 50-80 м в начале участка и до 200 м в его конце (на Чаунской низменности) и отличается небольшими колебаниями высот. Ее рельеф, тем не менее, не является идеально равнинным. Здесь нередки широкие, но неглубокие долины транзитных рек и аласные понижения площадью иногда до нескольких сотен квадратных километров. На междуречных участках много небольших котловин, образовавшихся в результате термокарстовых процессов, многие из них заняты озерами. В отдельных местах над поверхностью равнины поднимаются невысокие сопки и гряды. На всей приморской территории господствуют ландшафты арктических тундр, обычно заболоченных, характеризующихся разреженным растительным покровом из мхов и лишайников, встречаются осоки, пушица, полярная ива. От м. Шелагский граница следует на восток вдоль береговой линии Восточно-Сибирского моря, где в начале участка к побережью близко подходят северо-западные отроги Шелагского хребта, до м. Якан у пролива Лонга (граница Восточно-Сибирского моря) (т.808) - точки примыкания границы с водохозяйственным участком 19.03.00.001 (Бассейны рек Чукотского моря). На этом участке границы в море впадают реки Въэйввем, Кэвеем, Пегтымель. Приморская низменность к югу сменяется горами северных отрогов Чукотского нагорья (Эквыватапский хребет). Прибрежная полоса занята пятнистой тундрой (оголенные пятна грунта занимают около 15%) с лишайниково-моховым и кустарниково-травянистым мозаичным растительным покровом. От т.808 граница водохозяйственного участка отходит от побережья в южном направлении, пересекает Эквыватапский, Пегтымельский и Паляваимский хребты и достигает т.810схождения границ водохозяйственных участков 19.02.00.001, 19.03.00.001 и 19.05.00.002 (Анадырь от впадения р. Майн до устья). Далее граница следует в западном и затем в юго-западном направлении, выходит на Анадырское плоскогорье к т.811 и далее следует дот.788. Граница разделяет бассейны рек Паляваам, Эльгыкаквын, Мильгувеем, Мал.Чуан и Бол.Осиновка, Бол.Пыкапваам, Юрумкувеем, Энмываам в бассейне Анадыря. Арктические травяно-кустарничково-моховые и кустарничково-лишайниковые тундры сменяются горными тундрами в сочетании с зарослями кедрового стланика. Значительное участие в ландшафтной структуре принимают болота различного типа. От т.788 схождения границ водохозяйственных участков 19.01.03.001 (Анюй, включая реки Большой и Малый Анюй), 19.05.00.001 (Анадырь от истока до впадения р. Майн), 19.05.00.002 (Анадырь от впадения р. Майн до устья) и 19.02.00.001 граница простирается в северо-западном направлении до т.787 на водоразделе у истоков р. Раучуа, затем проходит по водоразделу правых притоков р. Малый Анюй и левых притоков р. Раучуа на водоразделе бассейнов рр. Кейнгывэеем и Лельвэргыргын, затем проходит на запад до границы между Республикой Саха (Якутия) и Чукотским а.о. (т.805) и, следуя по этой границе, замыкается в исходной точке на побережье Восточно-Сибирского моря. По мере приближения к побережью Восточно-Сибирского моря среднегорный рельеф (отметки высот от 700 до 900 м) Анадырского плоскогорья и Анюйского хребта переходит в равнинный и низменный на побережье. В начале отрезка господствуют горные кустарничковые, моховые и лишайниковые тундры, на побережье зональные тундровые ландшафты характеризуются сильной заболоченностью."""
Чепца,"""Водохозяйственный участок 10.01.03.001 включает полностью бассейн р. Чепца (левого притока р. Вятка) и замыкается в расчетном створе в месте впадения р Чепца в р. Вятка (т.10089). Участок вытянут с северо-запада на юго-восток вдоль бассейна реки и его площадь составляет 20,4 тыс. км2. От т.10089 граница между водохозяйственными участками 10.01.03.001 и 10.01.03.002 (Вятка от истока до г. Киров без р. Чепца) простирается на юго-восток по горному хребту Вятский Увал, с которого берут начало все небольшие правые притоки р. Чепца. Не меняя направления, граница водохозяйственного участка доходит до административной границы между Кировской областью и Удмуртской Республикой и пересекает ее в т.10090. Огибая верховья р. Вятка и бассейн ее правого притока (р. Белая), граница участка вновь пересекает ту же административную границу и в районе истока р. Белая достигает т.335 (пересечение границы Пермского края и Удмуртской Республики). Точка 335 является также точкой схождения границ водохозяйственных участков 10.01.03.001, 10.01.03.002 и 10.01.01.001 (Кама от истока до в/п с. Бондюг). От т.335 в том же юго-восточном направлении граница проходит до истока р. Кама, рядом с которым находится т.334 (пересечение границы Пермского края и Удмуртской Республики). В этой точке сходятся границы водохозяйственных участков 10.01.03.001, 10.01.01.001 и 10.01.01.009 (Кама от г. Березники до Камского г/у без р. Косьва (от истока до Широковского г/у), Чусовая и Сылва). От этой точки граница участка отклоняется на юго-юго-восток и перемещается вдоль административной границы до т.10025, где сходятся границы водохозяйственных участков 10.01.03.001, 10.01.01.009 и 10.01.01.010 (Кама от Камского г/у до Воткинского г/у). Недалеко на юг в верховьях р. Очер (правого притока р. Кама) расположена т.10027, в которой пересекаются границы участков 10.01.03.001, 10.01.01.010 и 10.01.01.014. Далее граница рассматриваемого участка опускается к югу в направлении административной границы (правее от нее) и пересекает ее в т.333, расположенной рядом с истоком р. Ита. От т.333 граница уходит на запад к т.332 (точка схождения границ водохозяйственных участков 10.01.01.012, 10.01.01.014. и 10.01.03.001 в верховьях р. Иж) и дальше к истоку р. Ува в т.10035 (точка схождения границ водохозяйственных участков 10.01.01.012, 10.01.03.001 и 10.01.03.005 (р. Вятка от в/п пгт. Аркуль до г. Вятские Поляны)). От т.10035 граница резко поворачивает на север, затем примерно через 50 км отклоняется к северо-западу до т.10091, в которой пересекает административную границу между Республикой Удмуртия и Кировской областью. Продолжаясь к западу, граница огибает верховья р. Лумпун с севера и верховья р. Коса (левый приток р. Чепца) с юга и затем уходит на северо-запад к верховьям р. Лобань в точку 10092 (точка схождения границ водохозяйственных участков 10.01.03.001, 10.01.03.005 и 10.01.03.004 (р. Вятка от г. Котельнич до в/п пгт. Аркуль)). Далее к северо-западу, затем от истока р. Ошлань (правого притока р. Воя) к западу, граница приходит в т.10093, где стыкуются участки 10.01.03.001, 10.01.03.004 и 10.01.03.003 (Вятка от г. Киров до г. Котельнич). Небольшой участок границы на север по водоразделу верховьев рр. Быстрица и Филипповка (левый приток р. Чепца) приводит к т.10094, где сходятся границы водохозяйственных участков 10.01.03.001, 10.01.03.003 и 10.01.03.002. Продолжаясь в северном направлении, граница водохозяйственного участка 10.01.03.001 повторяет очертания русла р. Просница, проходя восточнее ее бассейна, и достигает замыкающего створа в т.10089 в устье р. Чепца."""
"""Вятка от в/п пгт. Аркуль до г. Вятские Поляны""","""Водохозяйственный участок 10.01.03.005 включает часть бассейна р. Вятка от в/п пгт Аркуль (т.10100) и замыкается в расчетном створе у г. Вятские Поляны (т.10102). Площадь водохозяйственного участка составляет 27,1 тыс. км2. От точки замыкающего створа граница между водохозяйственными участками 10.01.03.005 и 10.01.03.006 (Вятка от г. Вятские Поляны до устья) направлена к юго-западу, пересекает административную границу между Кировской областью и Республикой Татарстан. В верховьях р. Меша достигает т.10103, где пересекаются границы водохозяйственных участков 10.01.03.005, 10.01.03.006 и 11.01.00.003 (Камский участок Куйбышевского в-ща от устья р. Кама до пгт. Камское устье без р. Шешма и Волга). От т.10103 граница участка поворачивает на северо-запад и, разделяя бассейны рр. Вятки и Камы, попадает в т.11003, где сходятся границы участков 10.01.03.005, 11.01.00.003 и 11.01.00.001 (Волжский участок Куйбышевского в-ща от г. Казань до пгт. Камское устье). Далее в том же направлении, оставляя с севера бассейн р. Шошма, граница достигает т.294 (точка схождения границ водохозяйственных участков 10.01.03.005, 11.01.00.001 и 08.01.04.007 (Волга от Чебоксарского г/у до г. Казань (Куйбышевское в-ще) без рр. Свияга и Цивиль). Обогнув бассейн р. Шошма, граница участка пересекает административную границу между Республикой Марий Эл и Республикой Татарстан в т.293 и далее простирается на северо-запад по территории Республики Марий Эл к истоку р. Ировка (правый приток р. Илеть) до т.10101, в которой пересекаются границы водохозяйственных участков 10.01.03.005, 08.01.04.007 и 10.01.03.004 (Вятка от г. Котельнич до в/п пгт. Аркуль). Повернув на северо-восток, граница участка идет по водоразделу рр. Уржумка и Буй (правые притоки р. Вятка), пересекает административную границу Республики Марий Эл и Кировской области, доходит до т.10100, где пересекает р. Вятка (ниже пгт Аркуль), продолжается, не меняя направления, вдоль бассейна р. Воя (левый приток р. Вятка), огибает верховья р. Лобань (правый приток р. Кильмезь) и у истока р. Белая Лобань (левый приток р. Лобань) попадает в т.10092, где граничат три водохозяйственных участка: 10.01.03.005, 10.01.03.004 и 10.01.03.001 (Чепца). После практически прямого и длинного участка продвижения на северо-восток, граница с небольшими отклонениями к югу и северу в истоках р. Коса (приток р. Чепца), рр. Лумпун, Святица, Лема и Пажма, приходит в т.10091, где пересекает административную границу между Кировской обл. и Республикой Удмуртия. Продолжая восточное направление, граница достигает верховьев р. Пестерь (приток р. Кильмезь) и, огибая ее бассейн, приобретает южное направление. В т.10035 соседство с участком 10.01.03.001 переходит в соседство с водохозяйственным участком 10.01.01.012 (Иж). Продвигаясь к югу вдоль р. Ныга, затем вдоль р. Пычас (бассейн р. Кильмезь), граница участка попадает сначала в т.10034 (точка схождения границ водохозяйственных участков 10.01.03.005, 10.01.01.012 и 10.01.01.015 (Кама от Нижнекамского г/у до устья без р. Вятка), а затем в т.10042, где сходятся границы участков 10.01.03.005, 10.01.01.015 и 10.01.03.006. От т.10042 граница участка поворачивает на запад, огибает верховья рр. Люга и Пыжманка (притоки р Вятка) и от истока р. Пыжманка идет на юго-запад, пересекая административную границу между Республикой Удмуртия и Кировской обл. Продолжаясь в том же направлении, граница водохозяйственного участка 10.01.03.005 замыкается в расчетном створе на р. Вятка в т.10102 (г. Вятские Поляны)."""
"""Малый Узень""","""Водохозяйственный участок 12.01.00.001 охватывает бассейн р. Малый Узень от истока у г. Ершов до Государственной границы РФ с Казахстаном. Площадь участка составляет 5,6 тыс. км2, верхняя северная часть участка располагается на южной границе возвышенности Каменный Сырт. Р. Мал. Узень пересекает Государственную границу РФ с Казахстаном в т.367 и от нее движется вдоль Государственной границы до т.349, точки примыкания к Государственной границе границы с водохозяйственным участком 11.01.00.021 (Торгун). Далее граница водохозяйственного участка 12.02.00.001 следует на север до т.11066 – точки схождения границ водохозяйственных участков 12.02.00.001, 11.01.00.021 и 11.01.00.020 (Еруслан). От этой точки граница движется в северо- восточном направлении, через т.11090 – точку схождения границ водохозяйственных участков 12.02.00.001, 11.01.00.020 и 11.01.00.017 (Бол. Иргиз от Сулакского г/у до устья) до т.12001 – точки схождения границ водохозяйственных участков 12.02.00.001, 12.02.00.002 (Большой Узень) и 11.01.00.017. После этого граница поворачивает на юг и следует до т.12002 – точка примыкания границы между водохозяйственными участками 12.02.00.001 и 12.02.00.002 к Государственной границе РФ с Казахстаном, после чего следует вдоль Государственной границы и замыкается в начальной точке."""
"""Острова Карского моря в пределах внутренних морских вод и территориального моря РФ, прилегающего к береговой линии гидрографической единицы 15.01.00""","""Водохозяйственный участок 15.01.00.100 включает водные объекты островов Карского моря в пределах внутренних морских вод и территориального моря РФ, прилегающего к береговой линии гидрографической единицы 03.01.00. Площадь островов составляет около 0,4 тыс. км2. Граница водохозяйственного участка проходит по береговой линии островов."""
Иркут,"""Водохозяйственный участок 16.01.01.002 охватывает бассейн левого притока Ангары – р. Иркут и замыкается в расчетном створе (т.16006) у впадения р. Иркут в р. Ангара на границе с водохозяйственным участком 16.01.01.004 (Ангара от Иркутского г/у до впадения р. Белая без рр. Иркут, Китой). Река Иркут берет начало от слияния двух рек - Белого Иркута, стекающего с горного массива Мунку-Саридак, и Черного Иркута, истоком которого служит озеро Ильчир в Тункинских гольцах на высоте 2000 м. Участок расположен на территории Республики Бурятия и Иркутская области. Площадь водохозяйственного участка составляет 15 тыс. км2. От т.16006, расположенной в устье р. Иркут при ее впадении в Ангару, граница водохозяйственного участка 16.01.01.002 идет на юг через т.16005 (точка схождения границ водохозяйственных участков 16.01.01.001 - Иркутское в-ще (включая оз. Байкал и р. Ангара от истока до Иркутского г/у), 16.01.01.002 и 16.01.01.004) и т.16004 (точка схождения границ водохозяйственных участков 16.01.01.001, 16.01.01.002и 16.02.00.001 - бассейны рек южной части оз. Байкал в междуречье рек Селенга и Ангара). В т.16004 граница водохозяйственного участка поворачивает вначале на юго-запад, затем резко уходит на юг, проходит далее по водоразделу с бассейнами рек, стекающих в южную часть оз. Байкал и подходит к точке пересечения границы между Иркутской областью и Республикой Бурятия на границе с водохозяйственным участком 16.02.00.001 (т.575), далее следует к верховьям р. Снежная в точке схождения границ водохозяйственных участков 16.01.01.002, 16.02.00.001 и 16.03.00.001 - Джида (т.576) и, простираясь в западном направлении в верховья бассейнов рек Зун-Мурен (16.01.01.002) и Джида (16.03.00.001), выходит в т.577 на Государственную границу РФ с Монголией. От этой точки до т.16007 граница водохозяйственного участка бассейна р. Иркут следует в северо-западном направлении по хребтам Восточного Саяна и Большого Саяна и совпадает с Государственной границей РФ с Монголией. В т.16007 на границе между водохозяйственными участками 16.01.01.002 и 16.01.01.006 (Ока) граница водохозяйственного участка 16.01.01.002 поворачивает на север и по водоразделу рек Иркут и Ока (16.01.01.006) подходит к водораздельной т.16008 водохозяйственных участков 16.01.01.002, 16.01.01.005 (Белая) и 16.01.01.006 (Ока) и далее по водоразделу р. Иркут и р. Мал. Белая к т.16009 (точка схождения границ водохозяйственных участков 16.01.01.002, 16.01.01.003 – Китой и 16.01.01.005). Здесь граница резко поворачивает на юго-восток, огибает исток р. Иркут, затем следует в восточном направлении по водоразделу рек Иркут и Китой до т.16010 на границе с водохозяйственным участком 16.01.01.003 в месте ее пересечения с административной границей между Иркутской областью и Республикой Бурятия. От т.16010 граница водохозяйственного участка сначала продолжается на восток, затем резко поворачивает на северо-восток, проходит т.16011 на водоразделе водохозяйственных участков 16.01.01.002, 16.01.01.003 и 16.01.01.004 и замыкается в расчетном створе у впадения р. Иркут в р. Ангара (т.16006). Абсолютные высоты на Большом Саяне достигают 2700 м. Территория представляет собой складчато-глыбовые горные массивы со значительными перепадами относительных высот, склоны хребтов расчленены глубоко врезанными узкими речными долинами с преобладанием горной тайги. В горах проявляется высотная поясность в смене ландшафтов: с высоты более 900-1000 м светлохвойная тайга сменяется редколесьем, а далее луговыми и тундровыми ландшафтами. Наиболее высокие водоразделы, как правило, лишены растительного покрова."""
"""Обь от впадения Иртыша до впадения р. Северная Сосьва""","""Водохозяйственный участок 15.02.01.001 полностью включает часть бассейна Оби между впадением в нее притоков р. Иртыш и р. Северная Сосьва. Водохозяйственный участок целиком расположен на территории Ханты-Мансийского автономного округа. Площадь водохозяйственного участка составляет 87 тыс. км2. На нижнем участке после впадения Иртыша Обь разделяется на множество рукавов и проток. Строго говоря, р. Северная Сосьва впадает в одну из наиболее крупных проток Оби – р. Малая Обь. От места впадения р. Северная Сосьва в р. Малая Обь (т.527 - схождение границ водохозяйственных участков 15.02.01.001, 15.02.02.001 - Северная Сосьва и 15.02.03.001 - Обь от впадения р. Северная Сосьва до в/п г. Салехард) граница участка пересекает основное русло Оби и далее идет на восток по Увалу Нумто - водоразделу бассейнов рек Казым и Куноват, пересекает в т.528 административную границу между Ямало-Ненецким и Ханты-Мансийским автономными округами и далее на протяженном участке (до т.373) проходит вблизи этой административной границы. Следуя от т.528, граница огибает верховья рек Сорум и Бол. Хулымъеган - т.521 - схождение границ водохозяйственных участков 15.02.01.001, 15.02.03.001 и 15.03.00.001 (Надым), затем поворачивает на юго-восток, разделяя бассейны рек Казым, Левая Хетта и Надым (т.522) и выходит на водораздел к т.373. Рельеф приграничной территории равнинный с небольшими поднятиями холмов Увала Нумто с абсолютными отметками от 20 м до 150 м в приподнятых местах. Характерны северотаежные ландшафты лесной зоны, однако из-за значительного переувлажнения территории здесь широко представлены ландшафты гидроморфного ряда (различные типы болот, заболоченных лугов), на речных террасах произрастают сосновые боры, распространены также вторичные березовые леса Т.373 - схождение границ водохозяйственных участков 13.01.11.001 (Обь от впадения р. Вах до г. Нефтеюганск), 13.01.11.002 (Обь от г. Нефтеюганск до впадения р. Иртыш), 15.03.00.001 и 15.02.00.001 в верховьях бассейнов рек Казым, Надым и Пим. От этой точки до т.368 граница описываемого участка Нижней Оби совпадает с границей подбассейна Верхней Оби. От т.373 граница участка простирается на запад до верховьев р. Ай-Пим (т.372), далее по Увалу Нумто, разделяя бассейны рек Нанъеган, Нанклемынг, Лямин, Назым, Татьеган (Верхняя Обь) и рек Сюньеган, Ун-Вошъеган, Пемут, Сорумамия (Нижняя Обь), до водораздела в верховьях р. Назым (т.371) и затем до водораздела в верховьях реки Амня (т.370). Отсюда граница, переходя на возвышенность Белогорский материк, поворачивает на юг, проходит по водоразделу р. Назым (т.369), пересекает р. Обь выше впадения в нее р. Иртыш и доходит до точки схождения границ (т.368) водохозяйственных участков 13.01.11.002, 14.01.07.001 (Иртыш от впадения р. Тобол до устья (выше г. Ханты-Мансийск) без р. Конда) и 15.02.01.001. Абсолютная высота местности на водораздельных участках колеблется от 100 до 150 м, ближе к устью р. Иртыш она снижается до 20 м. Распространены пихтово-еловые и лиственнично-еловые южнотаежные леса, в более влажных местах сменяющиеся березово-сосновыми и кедрово- сосновыми лесами. Значительную роль в ландшафтной структуре территории играют болота различных типов. Следуя от точки т.368, граница пересекает р. Иртыш в его нижнем течении южнее г. Ханты- Мансийск, уходит в западном направлении по заозеренно-заболоченной Кондинской низменности, проходит через т.477 (схождение границ водохозяйственных участков 14.01.06.001 - Конда, 14.01.07.001 и 15.02.01.001), огибая исток р. Ковенская, поворачивает на северо-запад, проходит по водоразделу в верховьях р. Юконда (т.476), и достигает т.475, в которой сходятся границы водохозяйственных участков 14.01.06.001, 15.02.01.001 и 15.02.02.001. От т.475 граница уходит на север по водоразделу р. Малая Сосьва и бассейнов мелких притоков р. Обь, через точку т.529 в верховьях р.Няргиюган, вблизи места слияния Малой и Северной Сосьвы (т.530) и, следуя далее по водоразделу бассейнов рек Северная Сосьва и Малая Обь, замыкается в т.527. В приграничной полосе распространены пихтово-еловые и лиственнично-еловые леса, в более влажных местах сменяющиеся березово-сосновыми и кедрово-сосновыми лесами. Значительную роль в ландшафтной структуре территории играют болота различных типов. Рельеф участка границы колеблется в пределах 100 м и доходит до 150 м на поднятиях Северо-Сосьвинской возвышенности."""
"""Егорлык от Новотроицкого г/у до устья""","""Водохозяйственный участок 05.01.05.006 включает часть бассейна р. Егорлык от Новотроицкого г/у до расчетного створа в месте впадения р. Егорлык в Пролетарсокое в-ще (т.5123). Площадь водохозяйственного участка составляет 12.9 тыс. км2. От точки замыкающего створа граница участка идет на юг, делает петлю в восточном направлении вокруг верховьев р. Большой Гок, пересекая в т.5124 границу Респ. Калмыкия и Ставропольского края, и далее на юго-восток по водоразделу рр. Левая Вегень и Бол. Кугульта до т.5116, где сходятся границы водохозяйственных участков 05.01.05.002 (Калаус), 05.01.05.007 (Маныч от истока до Пролетарского г/у без рр. Калаус и Егорлык) и 05.01.05.006. От этой точки граница уходит на юг, затем поворачивает на запад и у истока р. Ташла севернее г. Ставрополь проходит т.5115 – точку схождения границ водохозяйственных участков 05.01.05.002, 05.01.05.005 (Егорлык от Егорлыкского г/у до Новотроицкого г/у) и 05.01.05.006. Здесь граница отклоняется на северо- запад, следует вдоль бассейна р. Русская до т.5121, где пересекает р. Егорлык у Новотроицкого г/у, и далее достигает т.5122, в которой сходятся границы водохозяйственных участков 05.01.05.005, 05.01.05.006 и 06.02.00.010 (Кубань от г. Армавир до г. Усть-Лабинск без р. Лаба). В северо-западном направлении граница идет по водоразделу рр. Кубань и Расшеватка, проходя т.199 – точку схождения границ водохозяйственных участков 05.01.05.006, 06.01.00.002 (Бейсуг) и 06.02.00.010, и в т.201 пересекая границу Ставропольского и Краснодарского краев. В т.6002 у истока р. Корсун сходятся границы водохозяйственных участков 06.01.00.001 (Ея), 06.01.00.002 и 05.01.05.006, а в т.5125 - границы водохозяйственных участков 05.01.05.006, 05.01.05.007 и 06.01.00.001. От этой точки граница следует на восток, пересекает границу Ростовской области и Краснодарского края (т.5126), и замыкает участок в расчетном створе – т.5123."""
"""Егорлык от Сенгилеевского г/у до Егорлыкского г/у""","""Водохозяйственный участок 05.01.05.004 включает часть бассейна р. Егорлык от Сенгилеевского г/у до Егорлыкского г/у с расчетным створом у Егорлыкского г/у (т.5119). Площадь водохозяйственного участка составляет 0.2 тыс. км2. От точки замыкающего створа граница участка идет на северо-восток до т.5118 – точки схождения границ водохозяйственных участков 05.01.05.003 (Егорлык от истока до Сенгилеевского г/у), 05.01.05.004 и 05.01.05.005 (Егорлык от Егорлыкского г/у до Новотроицкого г/у), после которой, следуя на юг, пересекает р. Егорлык у Сенгилеевского г/у (т.5117) и достигает т.198 – точки пересечение границы Краснодарского и Ставропольского края и схождения границ водохозяйственных участков 05.01.05.003, 05.01.05.004 и 06.02.00.006 (Кубань от г. Невинномысск до г. Армавир без р. Уруп). На небольшом расстоянии на запад от этой точки граница проходит две соседствующие точки – точку 6031, в которой сходятся границы водохозяйственных участков 05.01.05.005, 05.01.05.004 и 06.02.00.010 (Кубань от г. Армавир дог. Усть-Лабинск без р. Лаба) и точку 5120, в которой сходятся границы водохозяйственных участков 06.02.00.006, 06.02.00.010 и 05.01.05.004. Далее граница поворачивает на север и замыкает участок в т.5119."""
"""Тагил от г. Нижний Тагил до устья""","""Водохозяйственный участок 14.01.05.015 охватывает бассейн р. Тагил от г. Нижний Тагил до устья. Участок расположен в Свердловской области, его площадь составляет 8,1 тыс. км2. От расчетного створа впадения р. Тагил в р. Тура (т.14041) граница водохозяйственного участка 14.01.05.015 следует на юг по водоразделу рр. Кыртомка и Тура, Сусатка до т.14053 схождения границ водохозяйственных участков 14.01.05.015, 14.01.05.019 (Ница от начала реки до устья) и 14.01.05.023 (Тура от впадения р. Тагил до устья без рр. Тагил, Ница и Пышма), поворачивает на запад, проходит т.14054 схождения границ водохозяйственных участков 14.01.05.015, 14.01.05.018 (Реж (без р. Аять от истока до Аятского г/у) и Нейва (от Невьянского г/у) до их слияния) и 14.01.05.019, проходит по водоразделу рр. Мугай и Синячиха, Ива и Нейва до т.14049 схождения границ водохозяйственных участков 14.01.05.014 (Тагил от истока до г. Нижний Тагил без р. Черная), 14.01.05.015 и 14.01.05.018, поворачивает на северо-запад, пересекает р. Тагил ниже г. Нижний Тагил в т.14048 и достигает т.14052 схождения границ водохозяйственных участков 14.01.05.014, 14.01.05.015 (Чусовая от г. Ревда до в/п пгт. Кын). От т.14052 граница поворачивает на север, проходит по водоразделу рр. Серебряная и Баранча, проходит т.14042 схождения границ водохозяйственных участков 14.01.05.012 (Тура от истока до впадения р. Тагил), 14.01.05.015 и 10.01.01.006, поворачивает на восток, проходит по водоразделам рр. Тура и Баранча, Ясьва и Салда, Тагил и Выя, обходит истоки рр. Юрья, Пия и замыкается в начальной точке."""
"""Индигирка от впадения Неры до впадения Момы""","""Водохозяйственный участок 18.05.00.002 охватывает территорию бассейна р. Индигирка от впадения Неры до впадения р. Мома, расположен целиком в Респ. Саха (Якутия). Площадь водохозяйственного участка составляет 73,5 тыс. км2. От т.18098 впадения р. Мома в р. Индигрка граница участка поворачивает на северо-восток, проходит через т.776 схождения границ водохозяйственных участков 18.05.00.002, 18.05.00.003 (Индигирка от впадения Момы до в/п Белая Гора) и 19.01.00.004 (Колыма от в/п ГМС. Коркодон до в/п г. Среднеколымск) поворачивает на юго-восток, пересекает хребты Гармычан и Улахан–Чистай и подходит к точке пересечения с административной границей между Республикой Саха (Якутия) и Магаданской областью (т.777). На этом отрезке граница проходит по водоразделу бассейнов рек Седедема, Ожогина, Чечелюгун, Зырянка, Рассоха бассейна Колымы и рек Бадяриха, Мома, Артык бассейна Индигирки. Абсолютная высота местности сначала возрастает до 2009 м, затем несколько снижается (до 1600 м), что является одним из важных факторов дифференциации ландшафтов. По мере движения на юг и увеличения абсолютной высоты господствующее положение занимают ландшафты редкостойных горных лиственничных лесов и предгольцовых редколесий, поднимающихся до высот 700-800 м. Значительные площади приподнятых участков входят в состав горно-тундрового пояса, особенно типичного для Момского хребта. От т.777 граница отклоняется на юго-восток, выходит к северной оконечности хребта Охандя, оставляя с запада бассейны рек Делянкир, Худжах, Тымтей а с востока -рр. Берелех, Аян–Ярях (бассейн Колымы), еще раз пересекает административную границу между Республикой Саха (Якутия) и Магаданской областью (т.778), поворачивает на северо-запад, проходит через т.18096 выше впадения р. Нера в р. Индигирка, далее через т.18097 схождения границ водохозяйственных участков 18.05.00.001, 18.05.00.002 и 18.04.02.001 (Адыча), поворачивает на север, проходит через т.763 на границе с водохозяйственным участком 18.04.02.001 на водоразделе р. Чакры (Муолакан) и Чибагалах, т.18099 схождения границ водохозяйственных участков 18.05.00.002, 18.05.00.003 и 18.04.02.001, поворачивает на северо-восток и замыкается в начальной т.18098. Отрезок границы характеризуется горным рельефом с высотами до 2500 м. Большая часть поверхности покрыта редкостойными северотаежными лиственничными лесами, поднимающимися по склонам до высоты 1100-1200 м. В наземном покрове преобладают лишайники или кустарнички (брусника, вороника, богульник)."""
"""Мезень от истока до в/п д. Малонисогорская""","""Водохозяйственный участок 03.03.00.001 охватывает верхнюю часть бассейна р. Мезень с замыкающим расчетным створом в т.3030 у в/п д. Малонисогорская. Водохозяйственный участок расположен на территории Архангельской области и Республики Коми. Площадь водохозяйственного участка составляет 56,4 тыс. км2. От точки замыкающего створа граница участка извиваясь идет на восток по водоразделу рр. Пежа и Мезень до т.3032, где сходятся границы водохозяйственных участков 03.03.00.001, 03.03.00.002 (Мезень от в/п д. Малонисогорская до устья ) и 03.05.03.002 (Печора от в/п Усть- Цильма до устья), и далее до т.3028, в которой сходятся границы водохозяйственных участков 03.03.00.001, 03.05.03.002 (Печора от в/п п. Шердино до впадения р. Уса ) и 03.05.03.001. Здесь граница поворачивает на юг, пересекает границу Республики Коми и Архангельской обл. в т.123, по возвышенности четласский Камень (самой высокой части Тиманского кряжа) у стока р. Мезень подходит к т.84 схождения границ водохозяйственных участков 03.02.02.002 (Вычегда от г. Сыктывкар до устья), 03.03.00.001 и 03.05.03.001. Абсолютная высота достигает отметки 400 на возвышенности четласский Камень, территория характеризуется сглаженностью форм рельефа, резкие гребни и крутые склоны встречаются не часто, преобладают выположенные гряды, разделенные широкими заболоченными понижениями, местами развит карст. Здесь распространены ландшафты Тиманской провинции лесной зоны с разреженным древостоем из ели и лиственницы, плоские междуречья сильно заболочены. От т.84 граница идет по юго-западным отрогам Тиманского кряжа, обходит с запада верховья р. Елва (03.02.00), пересекает в т.83 административную границу Республики Коми и Архангельской области, поворачивает на юг и подходит в т.82 схождения границ водохозяйственных участков03.03.00.001, 03.02.02.002 и 03.02.03.001 (Северная Двина от впадения р. Вычегда до впадения р. Вага). Абсолютная высота местности снижается до 190 м, господствует холмистый рельеф моренных равнин. Распространены ландшафты Мезенско-Двинской провинции лесной зоны Русской равнины с преобладанием среднетаежных еловых лесов с примесью пихты, на песках произрастают сосново-еловые леса. От т.82 граница участка следует по возвышенности Беломорско-Кулойский уступ на запад вдоль административной границы Республики Коми и Архангельской области до т.3020 – точки схождения границ водохозяйственных участков 03.02.03.001, 03.02.03.003 (Пинега) и 03.03.00.001, затем поворачивает на север и простирается по водоразделу рр. Пинега и Вашка, проходя пересечение административной границы Республики Коми и Архангельской области в т.3029 и в т.81, достигает т.3019 – точки схождения границ водохозяйственных участков 03.02.03.003, 03.03.00.003 (реки бассейна Белого моря от мыса Воронов до мыса Канин Нос (исключая р. Мезень) и 03.03.00.001. Немного на восток от этой точки в т.3033 сходятся границы водохозяйственных участков 03.03.00.001, 03.03.00.002 и 03.03.00.003, а в т.3030 участок замыкается на р. Мезень у в/п д. Малони"""
Аргунь,"""Водохозяйственный участок 20.03.02.001 охватывает целиком бассейн р. Аргунь, правой составляющей Амура. От истоков в отрогах Бол. Хингана на протяжении 311 км Аргунь протекает по территории Китая, где называется Хайлар или Даянь-хэ. Далее Аргунь являетсяпограничной рекой между Россией и Китаем. По выходе с гор Большого Хингана река приобретает равнинный характер, на нижнем участке до устья – это типичная горная река с галечно-валунными перекатами. Главные притоки: Уров, Урюмкан, Газимур — слева; Гэньхэ, Нюэрхэ — справа. В бассейне Аргуни насчитывается около 1800 озёр общей площадью 50,9 км2. Водохозяйственный участок целиком расположен на территории Читинской области, площадь водохозяйственного участка составляет 49 тыс. км2 . В соответствии с Реестром опорных точек описание границы водохозяйственного участка 20.03.02.001 начинается от т.879, расположенной в месте слияния рр. Шилка и Аргунь в точке схождения границ водохозяйственных участков 20.03.01.004 (Шилка), 20.03.02.001 и 20.03.03.001 (Амур от истока до впадения р. Зея) на Государственной границе РФ с Китаем на границе РФ с Китаем. От т.879 до т.884 граница водохозяйственного участка 20.03.02.001 совпадает с Государственной границей РФ с Китаем. Следуя от слияния с р. Шилка в т.879 в юго-западном направлении по р. Аргунь, граница пересекает устья рек Газимур (т.880), Урюмкан, Уров, Цзилюхэ (Китай) (т.881), Урюлюнгуй при их впадении в р. Аргунь, поворачивает на запад (т.882), проходит точку пересечения рекой Аргунь Государственной границы РФ с Китаем (т.883) и в точке примыкания границы с водохозяйственным участком 20.03.01.200 (Бассейны озер Барун-Торей и Зун-Торей) к Государственной границе РФ с Китаем (т.884) поворачивает на север. До т.883 граница идет по долине р. Аргунь с абсолютными высотами местности 500-700 м, далее высоты возрастают, достигая в конце этого участка границы 1400 м. К равнинным пространствам приурочены массивы степей и лесостепей, характерные не только для равнин, но и для низкогорных участков хребтов. Зональный тип растительности горного участка представлен горными лиственничными и лиственнично-кедровыми лесами, сменяющимися с высотой редколесьями, лугами, тундрой, гольцовыми поверхностями. От т.884 до т.890 граница делает изгиб на восток, частично захватывая юго-западные склоны Кличкинского хребта и лежащее между ним и Нерчинским хребтом плоское болотистое понижение. От т.890, расположенной на гребне Нерчинского хребта на водоразделе рр. Борзя и Урулюнгуй, относящихся, соответственно, к водохозяйственным участкам 20.03.01.003 и 20.03.02.001, граница следует по Нерчинскому хребту, затем по западным отрогам Газимурского и Урюмканского хребтов, переходя на Борщовочный хребет в т.20008 схождения границ водохозяйственных участков 20.03.01.003 (Онон), 20.03.01.004 (Шилка) и 20.03.02.001, далее граница в северо- восточном направлении проходит по водоразделу правых притоков р. Шилка и притока р. Аргунь – р. Газимур до замыкания в т.879 – точке слияния с р. Шилка. Абсолютная высота на этом отрезке границы вначале возрастает, достигая 1174 м, затем снижается до 500 м. В рельефе выражены плоские или куполообразные вершины, склоны хребтов расчленены глубоко врезанными узкими речными долинами. На юге территории массивы степей и лесостепей характерны не только для равнин, но и для низкогорных участков хребтов (Нерчинского, Кличкинского). На севере развиты ландшафты горной лиственничной тайги, выше отметок 800 м сменяющиеся подгольцовым редколесьем, а местами и каменистой тундрой."""
"""Урал от Ириклинского г/у до г. Орск""","""Водохозяйственный участок 12.01.00.004 охватывает российскую часть бассейна р. Урал от Ириклинского гидроузла до г. Орск. Площадь участка составляет 19 тыс. км2, его территория располагается на поверхности Зауральского плато. Расчетный створ на р. Урал ниже г. Орск в т.12022. От этой точки граница водохозяйственного участка движется на север до точки (т.12023) схождения границ водохозяйственных участков 12.01.00.004, 12.01.00.003 (Урал от Магнитогорского г/у Ириклинского г/у) и 12.01.00.008 (Урал от г. Орск до впадения р. Сакмара), после чего поворачивает на восток и проходит створ Ириклинского гидроузла (т.12013). Далее граница водохозяйственного участка 12.01.00.004 проходит до т.12018, в которой она примыкает к Государственной границе РФ с Казахстаном вместе с водохозяйственным участком 12.01.00.003. Далее, в тт.12024 и 12025, к Государственной границе РФ с Казахстаном примыкает граница водохозяйственных участков 12.01.00.004 и 14.01.05.002 (Тобол от истока до впадения р. Уй без р. Увелька). От этой точки граница водохозяйственного участка 12.01.00.004 проходит по Государственной границе РФ с Казахстаном в западном направлении, через т.356 в районе оз. Шалкар-Ега-Кара, пересекает трансграничную р. Орь в т.357 и замыкается в начальной точке."""
"""Обь от впадения р. Северная Сосьва до г. Салехард""","""Водохозяйственный участок 15.02.03.001 включает нижнюю часть бассейна Оби от впадения р. Северная Сосьва до г. Салехард. Водохозяйственный участок почти полностью расположен на территории Ямало-Ненецкого, а также частично Ханты-Мансийского автономных округов. Площадь водохозяйственного участка составляет 91,7 тыс. км2. Т.15001 – расчетный створ водохозяйственного участка на р. Обь у г. Салехард. Отсюда граница простирается в восточном направлении до т.15002 схождения границ водохозяйственных участков 15.02.03.001, 15.02.03.002 (Обь от г. Салехард до устья) и 15.03.00.001 (Надым), после чего, поворачивает на юг и проходит по водоразделу бассейнов рек Полуй и Ярудей (т.520) к точке между границами водохозяйственных участков 15.02.01.001 (Обь от впадения р.Северная Сосьва до г. Салехард), 15.02.03.001 и 15.03.00.001 на административной границе между Ямало-Ненецким и Ханты-Мансийским автономными округами (т.521). Рельеф данного участка границы низменный, с постепенным поднятием до 150 м над уровнем моря в районе Увала Нумто. Лесотундровые ландшафты начала этого отрезка границы далее уступают место северотаежным ландшафтам лесной зоны, однако из-за значительного переувлажнения территории здесь широко представлены ландшафты гидроморфного ряда (различные типы болот, заболоченных лугов), на речных террасах произрастают сосновые боры, распространены также вторичные березовые леса. От т.521 граница на большом участке протяженности следует вблизи административной границы Ямало-Ненецкого автономного округа с Ханты-Мансийским (до т.140) и Республикой Коми (до т.137). От т.521 граница подбассейна Оби поворачивает на запад, огибает верховья рек Сорум (15.02.01) и Бол. Хулымъеган, Куноват (15.02.03) (т.528), пересекает р. Обь в месте впадения в нее р. Северная Сосьва (т.527) - схождение границ водохозяйственных участков 15.02.01.001, 15.02.02.001 (Северная Сосьва) и 15.02.03.001, пересекает административную границу между Ямало-Ненецким и Ханты-Мансийским автономными округами (т.531), проходит по водоразделу бассейнов рек Кемпаж, Хулга и Сыня до т.140. Начальный отрезок границы проходит по Увалу Нумто, затем по Северо-Сосьвинской возвышенности и выходит к отрогам Полярного Урала. Для равнинной части характерны северотаежные ландшафты лесной зоны, однако из-за значительного переувлажнения территории здесь широко представлены ландшафты гидроморфного ряда (различные типы болот, заболоченных лугов), на речных террасах произрастают сосновые боры, распространены также вторичные березовые леса. В горах господствуют ландшафты лесотундрового редколесья с сибирской лиственницей, на наиболее высоких участках - ивняково-ерниковой тундры в сочетании с лугами. От точки схождение границ (т.140) водохозяйственных участков 03.05.02.001 (Уса), 15.02.02.001 и 15.02.03.001 граница участка следует в северо-восточном направлении по горам Полярного Урала, огибает верховья р. Чагым-Харута (т.139), продолжается до водораздела бассейнов рек Танью и Юнъяга (т.138) и далее к верховьям р. Большая Уса (т.137) до точки схождения границ водохозяйственных участков 03.05.02.001, 15.02.03.001 и 15.02.03.002. Отсюда, следуя в южном направлении граница замыкается в расчетном створе водохозяйственного участка. Рельеф участка – среднегорье с абсолютными отметками от до 725 до 1200 м. Вершины гор Полярного Урала заняты гольцовыми холодными пустынями с накипными лишайниками и полигональными тундрами, ниже они сменяются моховыми, кустарничково-моховыми и кустарничкого-травяными формациями и редколесьями."""
"""Бассейны рек Берингова моря от мыса Дежнева до северо-восточной границы бассейна р. Анадырь""","""Водохозяйственный участок 19.04.00.001 охватывает территорию бассейнов рек Берингова моря (до бассейна Анадыря) и целиком расположен на территории Чукотского автономного округа на крайнем северо-востоке России. Площадь водохозяйственного участка составляет 83,6 тыс. км2. Описание границы водохозяйственного участка 19.04.00.001 начинается от самой восточной точки территории России - мыса Дежнева - т.814, разделяющей на побережье водохозяйственные участки бассейнов рек, впадающих в Берингово и Чукотское море. От точки границы на мысе Дежнева граница, огибая Чукотский полуостров, следует в юго-западном направлении по берегу Берингова моря до мыса Чукотский - т.820 на береговой линии Берингова моря на мысе Чукотский, затем поворачивает северо-запад и по берегу Анадырского залива заходит в залив Креста - т.821 на береговой линии залива Креста Берингова моря, огибает побережье залива в юго-западном направлении, доходит до мыса Низкий - т.822 на береговой линии Берингова моря на мысе Низкий, и далее идет по берегу Анадырского залива до границы с бассейном р. Анадырь к т.823. На пути следования граница участка пересекает устья рек Игэльвеем, Гэтлянгэн, Курупкан, Эргувеем, Конэнмывеем, Мамчергыргын, Волчья и др. Рельеф прибрежной части Чукотского полуострова представляет собой плоскогорье с абсолютными отметками от 200 до 400 м, восточное побережье характеризуется крутыми берегами, рассеченными узкими фиордообразными заливами. За мысом Рэткын плоскогорье переходит в низменность, которая тянется до т.823, за исключением гористого участка побережья в северной оконечности залива Креста. На побережье многочисленны термокарстовые озера, особенно на низменных участках побережья, примыкающих к заливам. Плоские межозерные пространства заняты арктическими тундрами. В т.823 граница водохозяйственного участка отходит от побережья и простирается в северном направлении по водоразделу левого притока р. Анадырь – р. Танюрер и р. Инпынэкуль до т.819 - схождения границ водохозяйственных участков 19.03.00.001 (Бассейны рек Чукотского моря), 19.04.00.001 и 19.05.00.002 (Анадырь от впадения р. Майн до устья). В этой точке граница поворачивает на восток, выходит на хр. Искатень, разделяет бассейны левых притоков р. Амгуэма, р. Вэльмай, и Тнэквеем, Канчалан, Конэнмывеем, проходит черезт.818 на водоразделе бассейнов р. Лынгатгыргаваам и Эргувеем, поворачивает на юго-восток в верховья р. Ионивеем к т.817 на водоразделе бассейнов р. Чаатамье и Ионивеем, после чего делает петлю в северном направлении, огибая верховья бассейна р. Игэльвеемв т.816 на водоразделе бассейнов р. Игэльвеем и Арэнайваам, огибает по хребту Гэнканый верховья р. Чегитун и выходит к т.815 на водоразделе бассейнов р. Игэльвеем и Арэнайваам и по водоразделу бассейна р. Кооленьвеем замыкается в самой восточной точке территории России - мысе Дежнева (т.814). На начальном отрезке этого участка границы она проходит по Анадырской низменности, затем выходит на среднегорье, проходит по хребту Искатень, оставляет с севера Улювеемскую впадину и, проходя на завершающем участке по хребту Гэнканый, выходит к побережью Берингова пролива. Приморские участки границы заняты мохово-лишайниковыми и травянисто- кочкарными тундрами с вкраплениями приморских лугов, при подъеме в горы они сменяются горными тундрами На наиболее высоких участках границы господствуют ландшафты холодной пустыни, ниже распространены пятнистые кустарничково-лишайниковые тундры."""
"""Лугань от гидроузла Мироновского водохранилища до устья""","""Водохозяйственный участок 05.01.04.012 включает часть бассейна Лугань от гидроузла Мироновского водохранилища до устья. Площадь водохозяйственного участка составляет 3.34 тыс. км2. От точки т.5141 схождение границы водохозяйственных участков 05.01.05.010, 05.01.04.011 и 05.01.04.012 на пересечении границ ЛНР и ДНР идет на север до схождения границы водохозяйственных участков 05.01.04.008, 05.01.04.010 и 05.01.04.012 в т.5140 . Затем по водоразделу реки Лугань огибает водохозяйственный участок 05.01.04.010 и идет к точке т.5102 – точке схождения границ водохозяйственных участков 05.01.04.010, 05.01.04.005 и 05.01.05.010. От точки т.5102 возвращается в замыкающий створ – т.5141."""
"""Мая от истока до в/п с. Аим""","""Водохозяйственный участок 18.03.06.005 охватывает территорию бассейна р. Мая от истока до впадения р. Аим (в/п с. Аим), расположен в Хабаровском крае. Площадь водохозяйственного участка составляет 108,0 тыс. км2. От т.18064 на расчетном створе ниже устья р. Аим и в/п с. Аим граница пересекает хр. Кандык и следует на восток, разделяя верховья рек (с юга) Ингили, Оннё и (с севера) Бол.Кандык, Муковля, Тайма. Затем граница поднимается на хр. Челат, проходит через т.18065 на водоразделе рр. Диктанда и Тайма, поворачивает на северо-восток, выходит на Юдомо-Майское нагорье к т.713 схождения границ водохозяйственных участков 18.03.06.005, 18.03.06.006 (Мая от в/п с. Аим до устья) и 20.01.00.001 (Бассейны рек Охотского моря от северо-восточной границы бассейна р.Иня до границы бассейна р. Уда) на водоразделе рр. Амка и Мая, поворачивает на юг, затем на юго-запад, выходит на хр. Джугджур покрытый горными лиственничными и лиственнично- кедровыми лесами, а на наиболее высоких участках – редколесьями, лугами, тундрами, к т.18066 на водоразделе рр. Сев.Уй и Мал.Кемкара. Далее граница поворачивает на запад, проходит через точку схождения границ водохозяйственных участков 18.03.06.005, 20.01.00.001 и 20.02.00.001 (Уда) - т.714 и выходит на водораздел водохозяйственных участков 18.03.06.003 (Учар), 18.03.06.005 и 20.02.00.001 к т.18063. На пути следования граница разделяет верховья рек бассейна р. Мая и реки бассейна Охотского моря. Абсолютные высоты возрастают от 700 до 1800 м. На склонах распространена горная лиственничная тайга; встречаются леса из аянской ели. Выше 1200 м тайга сменяется поясом кедрового стланика, верхние части заняты горными тундрами, гольцовыми поверхностями. От т.18063 граница поворачивает на север, пересекает хребты Геран и Улканский, проходит через т.18062 на водоразделе рр. Хоюнда и Чумикан, поворачивает на северо-запад, пересекает административную границу между Хабаровским краем и Республикой Саха (Якутия) на гребне хр. Кет-Кап в т.18061, далее следует по административной границе до т.18060 на водоразделе водохозяйственных участков 18.03.06.003, 18.03.06.004 (Алдан от впадения р. Учур до впадения р. Мая) и 18.03.06.005, затем поворачивает на северо-восток, поднимается на хр. Дыгды-Сисе к точке схождения границ водохозяйственных участков 18.03.06.004, 18.03.06.005 и 18.03.06.006 - т.18067, поворачивает на юго-восток и замыкается в исходной т.18064. Граница разделяет верховья рек Маймакан, Чумикан, Омня, Лата, Бол. и Мал. Аим, Муотакан, Нюкари, Чыян, Улах, Далдын бассейна Мая и рек Бириндя, Улкан, Томптокан, Юна, Онне, Чюльбю, Дянда, Эльге, Бургала бассейнов Учура и Алдана. Абсолютные высоты местности снижаются от 2200 м на юге водохозяйственного участка до700 м на севере. В горах преобладает однообразная тайга из даурской лиственницы, наиболее высокие склоны покрыты подгольцовым редколесьем, а местами и каменистой тундрой. На равнине господствуют среднетаежные ландшафты."""
"""Сунгача, вкл. оз. Ханка""","""Водохозяйственный участок 20.03.07.001 охватывает бассейн р. Сунгача, включая оз. Ханка. Река Сунгача вытекает из северо-восточной части оз. Ханка и впадает в р. Уссури с левого ее берега. Река Сунгача имеет два основных притока – р. Белая (дл. 87 км), р.Черная (дл. 37 км), протекает по широкой заболоченной Приханкайской низменности. Река не имеет собственной долины; пойма реки широкая, двухсторонняя, с трудно уловимыми очертаниями границ, постепенно сужается вниз по течению. На всем своем протяжении р.Сунгача является государственной границей; левобережье ее принадлежит Китайской Народной Республики. Озеро Ханка является одним из крупнейших озер России и Китая, его площадь составляет 4190 км2 (из них 3030 км2 в РФ). На российской территории в оз. Ханка впадают многочисленные реки, самыми крупными из которых являются Илистая, Мельгуновка, Комиссаровка, вытекает р. Сунгача. Водохозяйственный участок расположен на территории Приморского края, площадь водохозяйственного участка составляет 21 тыс. км2 . В соответствии с Реестром опорных точек описание границы водохозяйственного участка 20.03.07.001 начинается от т.867, расположенной в месте впадения Сунгачи в р. Уссури (расчетный створ) на границе РФ и Китая на границе с водохозяйственным участком 20.03.07.002 (Уссури от истока до впадения р. Большая Уссурка без р. Сунгача). От этой точки граница водохозяйственного участка идет на юг, затем, огибая верховья р. Белая, уходит на юго-запад по хребту Синий, далее обходит верховья притоков р. Арсеньевка (20.03.07.002), вновь поворачивая на юг и подходит к точке (т.20019) схождения границ водохозяйственных участков 20.03.07.001, 20.03.07.002 и 20.04.00.003 (Реки бассейна Японского моря от восточной границы бассейна р. Партизанская до восточной границы бассейна р.Раздольная). Здесь граница поворачивает на северо-запад и по водоразделу рек Илистая (20.03.07.001) и Артемовка (20.04.00.003) проходит точку схождения границ водохозяйственных участков 20.03.07.001, 20.04.00.004 - Реки бассейна Японского моря от восточной границы бассейна р. Раздольная до р. Туманная (граница РФ с КНДР) и 20.04.00.003 (т.20028) и далее по водоразделу бассейнов рек Нестеровка (20.03.07.001) и Раздольная (20.04.00.004) идет к точке границы между водохозяйственными участками 20.04.00.004 и 20.03.07.001 на Государственной границе РФ с Китаем – т.866. В начале граница идет по плоской либо слабо волнистой поверхности Приханкайской низменности с господством мелколиственных лесов в сочетании с закустаренными лугами и болотами, далее с подъемомв горы господствующее положение занимают дальневосточные кедрово-широколиственные леса. От т.866 и до замыкания в т.867 граница водохозяйственного участка совпадает с Государственной границей РФ Китаем. Следуя по Государственной границе РФ, граница водохозяйственного участка проходит точку пересечения (т.20029) береговой линией оз. Ханка Государственной границы РФ с Китаем, пересекает оз. Ханка (т.20027), далее проходит место впадения р. Шмаковка в р. Сунгача (т.20020) и доходит до точки замыкания (т.867), где к Государственной границе РФ с Китаем подходит трансграничная река Уссури. В начале этого участка граница поднимается на восточные отроги хребта Лаоелин (плоскогорье с высотами 400-600м) с горно-лиственничными лесами, затем опускается Приханкайскую низменность и далее в долину р. Сунгача, где заболоченные участки (болота травяно-мохового типа с редкими зарослями камыша) чередуются с суходолами, обычно покрытыми кустарниками и представляющими собой супесчаные гряды."""
"""Уфа от Долгобродского г/у до Нязепетровского г/у""","""Водохозяйственный участок 10.01.02.009 охватывает верхнюю часть бассейна р. Уфа между двумя гидроузлами на территории Челябинской области Долгобродским и Нязепетровским с замыкающим створом в т.10071. Площадь водохозяйственного участка составляет 1,6 тыс. км2. От точки замыкающего створа граница участков 10.01.02.009 и 10.01.02.011 (Уфа от Нязепетровского г/у до Павловского г/у без р. Ай) следует на северо-восток по водоразделу рр. Нязя и Куказар до т.10072, в которой сходятся границы водохозяйственных участков 10.01.01.005 (Чусовая от истока до г. Ревда без р. Ревда (от истока до Новомариинского г/у)), 10.01.02.009 и 10.01.02.011, и затем поворачивает на юго-восток до т.317 - точки схождения границ водохозяйственных участков 14.01.05.007, 10.01.01.005 и 10.01.02.009 у истока р. Чусовая. В южном направлении граница участков 10.01.02.009 и 14.01.05.007 достигает т.10068 - точки схождения границ водохозяйственных участков 10.01.02.008 (Уфа от истока до Долгобродского г/у), 10.01.02.009 и 14.01.05.007, после которой поворачивает на запад и в т.10067 пересекает р. Уфа. Далее граница участков 10.01.02.009 и 10.01.02.008 поворачивает на юг к истоку р. Суроям до т.10070 - точки схождения границ водохозяйственных участков 10.01.02.008, 10.01.02.009 и 10.01.02.010 (Ай) - и немного на запад - до т.10073 - точки схождения границ водохозяйственных участков 10.01.02.009, 10.01.02.010 и 10.01.02.011. От этой точки граница участков 10.01.02.009 и 10.01.02.011 идет на север по водоразделу рр. Ураим и Суроям до замыкающего створа - т.10071."""
"""Уфа от Павловского г/у до в/п пгт. Шакша""","""Водохозяйственный участок 10.01.02.012 включает нижнюю часть бассейна р. Уфа с замыкающим створом у водомерного поста пгт. Шакша в т.10082. Площадь водохозяйственного участка составляет 5,4 тыс. км2. От точки замыкающего створа граница участков 10.01.02.012 и 10.01.02.014 (Белая от в/п с. Охлебино до г. Уфа без рр. Уфа (от истока до пгт. Шакша) и Дема (от истока до в/п д. Бочкарева)) простирается в северо-западном направлении по водоразделу рр. Белая и Изяк до т.10083, в которой сходятся границы участков 10.01.02.012, 10.01.02.014 и 10.01.02.015 (Белая от г. Уфа до г. Бирск). Далее граница продолжает направление на северо-запад и у истока р. Бол.Изяк приходит в точку 10084 - точку схождения границ водохозяйственных участков 10.01.02.012, 10.01.02.015 и 10.01.02.016 (Белая от г. Бирск до устья), после которой граница поворачивает на север, и между бассейнами рр. Бирь и Уса доходит до т.10079, где сходятся границы водохозяйственных участков 10.01.02.011 (Уфа от Нязепетровского г/у до Павловского г/у без р. Ай), 10.01.02.012 и 10.01.02.016. От этой точки граница участков 10.01.02.012 и 10.01.02.011 направляется на юго-восток, пересекает створ Павловского г/у в т.10078 и огибает в северном направлении бассейн р. Яманьелга, затем плавно поворачивает на юго-восток и доходит до т.10064 - точки схождения границ водохозяйственных участков 10.01.02.006 (Сим), 10.01.02.011 и 10.01.02.012 вблизи пересечения границы между Челябинской обл. и Республикой Башкортостан. Огибая верховья р. Сим, граница участков 10.01.02.012 и 10.01.02.006 резко поворачивает на запад, затем на юго-запад по водоразделу бассейнов рр. Сим и Уфа, в т.10063 пересекает административную границу между Челябинской обл. и Республикой Башкортостан, и достигает т.10062 - точки схождения границ водохозяйственных участков 10.01.02.006, 10.01.02.012 и 10.01.02.014, после которой резко поворачивает на северо-запад и между притоками р. Уфа рр. Таушка и Юрмаш приходит в точку замыкающего створа - т.10082."""
"""Уфа от Долгобродского г/у до Нязепетровского г/у""","""Водохозяйственный участок 10.01.02.009 охватывает верхнюю часть бассейна р. Уфа между двумя гидроузлами на территории Челябинской области Долгобродским и Нязепетровским с замыкающим створом в т.10071. Площадь водохозяйственного участка составляет 1,6 тыс. км2. От точки замыкающего створа граница участков 10.01.02.009 и 10.01.02.011 (Уфа от Нязепетровского г/у до Павловского г/у без р. Ай) следует на северо-восток по водоразделу рр. Нязя и Куказар до т.10072, в которой сходятся границы водохозяйственных участков 10.01.01.005 (Чусовая от истока до г. Ревда без р. Ревда (от истока до Новомариинского г/у)), 10.01.02.009 и 10.01.02.011, и затем поворачивает на юго-восток до т.317 - точки схождения границ водохозяйственных участков 14.01.05.007, 10.01.01.005 и 10.01.02.009 у истока р. Чусовая. В южном направлении граница участков 10.01.02.009 и 14.01.05.007 достигает т.10068 - точки схождения границ водохозяйственных участков 10.01.02.008 (Уфа от истока до Долгобродского г/у), 10.01.02.009 и 14.01.05.007, после которой поворачивает на запад и в т.10067 пересекает р. Уфа. Далее граница участков 10.01.02.009 и 10.01.02.008 поворачивает на юг к истоку р. Суроям до т.10070 - точки схождения границ водохозяйственных участков 10.01.02.008, 10.01.02.009 и 10.01.02.010 (Ай) - и немного на запад - до т.10073 - точки схождения границ водохозяйственных участков 10.01.02.009, 10.01.02.010 и 10.01.02.011. От этой точки граница участков 10.01.02.009 и 10.01.02.011 идет на север по водоразделу рр. Ураим и Суроям до замыкающего створа - т.10071."""
"""Бассейны озер Барун-Торей и Зун-Торей""","""Водохозяйственный участок 20.03.01.200 вытянут вдоль государственной границы РФ с Монголией и охватывает бассейн озер Барун-Торей и Зун-Торей, соединенных между собой узкой протокой Утыча, морфологически сильно различающихся. Реки, обводняющие озера - Улдзя и Ималка - впадают в южную и юго-западную часть озера Барун-Торей. Основной водосбор рек находится на территории Монголии. Непостоянство водного режима озер определяет большую изменчивость морфометрических характеристик за многолетний период. Известно, что за последние 200-220 лет озера неоднократно высыхали и наполнялись с периодичностью около 30 лет. В прошлом столетии озера четырежды пересыхали. Береговая линия сильно изрезана, изобилует мысами и заливами. На озерах насчитывается до одиннадцати островов, количество которых меняется в зависимости от уровня наполнения. Водохозяйственный участок целиком расположен на территории Читинской области, площадь водохозяйственного участка составляет 8 тыс. км2 . В соответствии с Реестром опорных точек описание границы водохозяйственного участка начинается от т.890, расположенной на водоразделе водохозяйственных участков 20.03.01.003 (Онон), 20.03.02.001 (Аргунь) и 20.03.01.200. От этой точки граница идет сначала на восток, затем поворачивает на юго-запад и подходит к точке примыкания к Государственной границе РФ с Китаем на границе между водохозяйственными участками 20.03.01.003 и 20.03.02.001 (т.884). От т.884 граница поворачивает на северо-запад и до т.885 совпадает с Государственной границей РФ с Китаем. В т.885 сходятся Государственные границы РФ, Китая и Монголии, далее до т.20044 граница водохозяйственного участка следует по Государственной границе РФ с Монголией, пересекая в т.886 трансграничную р. Ямлахын-Гол. В т.20044 граница водохозяйственного участка резко поворачивает на северо-восток, проходит по хр.Эрмана по водоразделу рек Онон, Борзя (20.03.01.003) и бассейна озер Барун-Торей и Зун-Торей, затем выходит на предгорную равнину, поворачивает на восток и, поднимаясь на юго-западные отроги Нерчинского хребта, замыкается в исходной т.890. Граница пересекает обширные межгорные плоские или волнисто-увалистые равнины, над поверхностью которых поднимаются невысокие останцовые сопки, и затем поднимается на хребты Южного Забайкалья. Характерные отметки высот составляют 600-1000 м. К равнинным пространствам приурочены массивы степей и лесостепей, характерные не только для равнин, но и для низкогорных участков хребтов. Зональный тип растительности горного участка представлен горными лиственничными и лиственнично-кедровыми лесами, сменяющимися с высотой редколесьями, лугами, тундрой, гольцовыми поверхностями."""
"""Волга от Куйбышевского г/у до Саратовского г/у (Саратовское в-ще) без рр. Сок, Чапаевка, Мал.Иргиз, Самара и Сызранка""","""Водохозяйственный участок 11.01.00.015 охватывает Саратовское водохранилище Волжского каскада между гидроузлами Куйбышевским и Саратовским – расчетный створ в т.11052. Площадь водохозяйственного участка составляет 8,6 тыс. км2. От т.11052 у г. Балаково граница участков 11.01.00.015 и 11.01.00.022 (Волга от Саратовского г/у до Волгоградского г/у (Волгоградское в-ще) без рр. Бол.Иргиз, Бол.Караман, Терешка, Еруслан, Торгун) идет на северо-восток вдоль берега Саратовского в-ща до т.11053 – точки схождения границ водохозяйственных участков 11.01.00.015, 11.01.00.019 (Терешка) и 11.01.00.022, затем граница участков 11.01.00.015 и 11.01.00.019 отделяет бассейн р. Терешка от Саратовского в-ща и севернее г. Возрождение пересекает административную границу Ульяновской и Самарской областей в т.11063. Далее граница поворачивает на северо-запад и доходит до т.11043, где сходятся границы водохозяйственных участков 10.01.01.013 (Сызранка от истока до г. Сызрань (выше города)) 11.01.00.015 и 11.01.00.019. После этой точки граница участков 11.01.00.015 и 11.01.00.013 поворачивает на восток, по водоразделу рр. Сызранка и Кубра приходит в устьевой створ р. Сызранка выше г. Сызрань (т.11042), после которого резко разворачивается в северо– западном направлении, оконтуривая бассейн р. Крымза. У истока р. Крымза граница проходит точку 11016 – точку схождения границ водохозяйственных участков 11.01.00.005 (Куйбышевское в-ще от пгт. Камское устье до Куйбышевского г/у без р. Бол.Черемшан), 11.01.00.013 и 11.01.00.015, затем поворачивает на юго-восток, возвращаясь к г. Сызрань. Далее граница участков 11.01.00.015 и 11.01.00.005 направляется на восток и, разделяя Саратовское в-ще и долину нижнего течения р. Уса – притока Куйбышевского в-ща, достигает т.11015, обозначающую створ Куйбышевского гидроузла в г. Жигулевск. На северо-восток от Куйбышевской плотины в т.11013 сходятся границы четырех водохозяйственных участков: 11.01.00.004 (Бол.Черемшан), 11.01.00.005 и 11.01.00.006 (Сок) и 11.01.00.015. После этой точки граница участков 11.01.00.015 и 11.01.00.006 в юго–восточном направлении проходит через устье р. Сок (т.11018), поворачивает на восток от г. Самара и в точке 11023 проходит узел схождения границ водохозяйственных участков 11.01.00.006, 11.01.00.011(Самара от в/п с. Елшанка до г. Самара (выше города) без р. Бол.Кинель) и 11.01.00.015. Далее граница участков 11.01.00.015 и 11.01.00.011 огибает г. Самара, в т.11038 пересекает р. Самара (выше города) и в т.11039 (к югу от г. Самара) фиксирует схождение границ водохозяйственных участков 11.01.00.011, 11.01.00.012 (Чапаевка) и 11.01.00.015. Повернув на запад вдоль р. Чапаевка, граница пересекает ее устье (т.11040). По водоразделу рр. Чапаевка и Безенчук граница участков 11.01.00.015 и 11.01.00.012 направляется на юго-восток до т.11041 – точки схождения границ водохозяйственных участков 11.01.00.012, 11.01.00.015 и 11.01.00.016 (Бол. Иргиз от истока до Сулакского г/у), затем поворачивает на юго-запад и пересекает границу между Саратовской и Самарской областями вблизи точки (11049) схождения границ водохозяйственных участков 11.01.00.015, 11.01.00.016 и 11.01.00.014 (Мал. Иргиз). Эта административная граница пересекается еще дважды в т.11048 и т.11047 при следовании границы водохозяйственного участка вдоль водораздела рр. Мал. Иргиз и Чагра. Граница участков 11.01.00.015 и 11.01.00.014, поворачивая к юго-западу, пересекает устье р. Мал.Иргиз в т.11046 и через т.11051 восточнее г. Балаково, в которой сходятся границы четырех водохозяйственных участков: 11.01.00.017 (Бол. Иргиз от Сулакского г/у до устья), 11.01.00.015, 11.01.00.022 и 11.01.00.014, возвращается в замыкающий створ – т.11052."""
"""Печора от в/п п.Шердино до впадения р. Уса""","""Водохозяйственный участок 03.05.01.002 охватывает часть бассейна р. Печора от в/п п. Шердино до впадения р. Уса с замыкающим расчетным створом на р. Печора у впадения р. Уса в т.150. Водохозяйственный участок полностью расположен на территории Республики Коми. Площадь водохозяйственного участка составляет 51,9 тыс. км2.В точке замыкающего створа сходятся границы водохозяйственных участков 03.05.01.002, 03.05.02.001 (Уса) и 03.05.03.001 (Печора от впадения р. Уса до в/п Усть-Цильма), далее граница участка следует на юго-восток по водоразделу рр. Печора и Бол. Сыля до т.143, где сходятся границы водохозяйственных участков 03.05.01.002, 03.05.02.001 и 15.02.02.001 (Северная Сосьва) на границе Респ.Коми и Ханты-Мансийского а.о. От этой точки граница уходит на юг по водоразделу рр. Печора и Сев. Сосьва через т.144, обозначающей водораздел бассейнов рек Щугор и Волья на границе Респ.Коми и Ханты-Мансийского а.о., до т.145 – точки схождения границ водохозяйственных участков 03.05.01.001 (Печора от истока до в/пп. Шердино), 03.05.01.002 и 15.02.02.001 на границе Респ.Коми и Ханты-Мансийского а.о. Здесь граница поворачивает на запад, делает петли сначала в т.3036 на водоразделе рр. Илыч и Подречье, затем в т.3035 на водоразделе рр. Кылым и Верх. Пидж, а затем на север от нее проходит т.3034 – верхний расчетный створ участка – р. Печора у в/п Шердино. Отсюда граница уходит на северо-запад к истоку р. Велью, где в т.3037 сходятся границы водохозяйственных участков 03.05.03.001, 03.05.01.001 и 03.05.01.002, далее поворачивает на север и через т. 151 на водоразделе бассейнов рек Лемью и Сэбысь и т.3038, обозначающую схождение разнонаправленных участков границы с водохозяйственным участком 03.05.03.001 на водоразделе рр. Лыжа и Боровая, возвращается к замыкающему створу в т.150."""
"""Бассейн оз. Тополиное и р. Бурла""","""Водохозяйственный участок 13.02.00.004 охватывает водные объекты бассейна оз. Тополиное, а также бассейн р. Бурла. Участок расположен в Алтайском крае и Новосибирской области на Государственной границе РФ с Казахстаном, его площадь составляет 33 тыс. км2.От начальной т.13036 схождения границ водохозяйственных участков 13.02.00.004, 13.02.00.005 (Бассейн оз. Чаны и водные объекты до границы с бассейном р. Иртыш) и 13.01.02.007 (Обь от Новосибирского г/у до впадения р. Чулым без: рр. Иня и Томь), граница водохозяйственного участка 13.02.00.004 следует в юго-западном направлении в верховьях р. Карасук, проходит т.13031 схождения границ водохозяйственных участков 13.02.00.004, 13.01.02.005 (Обь от г. Барнаул до Новосибирского г/у без р. Чумыш) и 13.01.02.007, следует по водоразделу рр. Обь и Бурла до т.13030 схождения границ водохозяйственных участков 13.02.00.002 (бассейн оз. Кулундинское), 13.02.00.004 и 13.01.02.005, далее следует на запад по водоразделу рр. Бурла и Чуман, проходит т.13054 схождения границ водохозяйственных участков 13.02.00.002, 13.02.00.003 (Водные объекты южнее бассейна р. Бурла без бассейнов озер Кучукского и Кулундинского) и 13.02.00.004, после чего примыкает к Государственной границе РФ с Казахстаном в т.13055 на границе с водохозяйственным участком 13.02.00.003. Далее граница поворачивает на северо- запад, следует вдоль Государственной границы, проходит вблизи оз. Бол. Тополиное, к т.451 примыкания к Государственной границе РФ границы между Новосибирской областью и Алтайским краем, проходит оз. Чаган, Студеное, Красновишневое, Баган, Жарагаш. Этот участок границы водохозяйственного участка завершается в т.13056, в которой она примыкает к Государственной границе РФ с Казахстаном вместе с водохозяйственным участком 13.02.00.005. Далее граница водохозяйственного участка следует на восток, проходит по водоразделу рр. Баган и Чулым и замыкается в начальной точке."""
"""Бассейны рек Охотского моря от западной границы бассейна р. Пенжина до южной границы бассейна р. Тахтаяма""","""Водохозяйственный участок 19.10.00.001 охватывает бассейны рек Охотского моря от западной границы бассейна р. Пенжина до южной границы бассейна р. Тахтаяма и расположен в Магаданской области. Площадь водохозяйственного участка составляет 85,3 тыс. км2. Отт.846 примыкания к береговой линии Пенжинской губы Охотского моря границы водохозяйственных участков 19.09.00.001 (Пенжина) и 19.10.00.001 граница участка следует по побережью Пенжинской губы на юго-запад, пересекает административную границу между Корякским автономным округом и Магаданской областью (т.847), огибает полуостров Тайгонос, доходит до м. Вархаламский (т.848), следует далее в юго-западном направлении по берегу Гижигинской губы и залива Шелехова до т.19026 примыкания к береговой линии Охотского моря границы с водохозяйственным участком 19.10.00.002 (Бассейны рек Охотского моря от южной границы бассейна р. Тахтаяма до северо-восточной границы бассейна р. Иня). Основные реки, впадающие в Охотское море на рассматриваемом отрезке границы: Тылхой, Кенгевеем, Авекова, Гижига, Наяхан, Алики, Угулан, Арбутла. Практически на всем протяжении рассматриваемого участка границы к побережью довольно близко подходят горные хребты, исключение составляет низменное побережье в конце этого участка (Ямская низменность). Ландшафтная структура территории относительно разнообразна. Северная часть участка характеризуется сочетанием зональных тундровых ландшафтов и болот. По низменным участкам побережья широко распространены кочкарные, грядово-мочажинные болота в сочетании с осоково-разнотравными лугами. Хорошо дренированные нижние части склонов, конусы выноса малых рек, сухие морские террасы заняты типичной «кедротундрой». От т.19026 граница водохозяйственного участка делает широкую петлю в западном направлении, проходит черезт.19006 схождения границ водохозяйственных участков 19.01.01.002 (Колыма от Колымской ГЭС до впадения р. Сеймчан), 19.10.00.001 и 19.10.00.002, поднимается на Туманский хр. (т.795) на водоразделе бассейнов р. Угулан и Бол.Купка, затем поворачивает на северо-восток, проходит через т.19005 схождения границ водохозяйственных участков 19.01.01.002, 19.01.01.003 (Колыма от впадения р. Сеймчан до в/п ГМС Коркодон) и 19.10.00.001, разделяя верховья рек Буюнда, Килгана, Бол.Купка, Балыгычан (бассейн Колымы) и рек бассейна Охотского моря: Арбутла, Угулан, Кананыга. Абсолютные высоты на отрезке границы доходят до 1500 м. Отсюда граница простирается в северо-восточном направлении по хребтам Колымского нагорья, проходит через т.794 - точку схождения границ водохозяйственных участков 19.01.01.003, 19.01.02.001 (Омолон) и 19.10.00.001, далее граница по водоразделу между бассейнами рек Омолон, Кегали, и рек бассейна Охотского моря – рр. Наяхан, Черная, Гижига, Парень проходит вблизи административной границы между Корякским автономным округом и Магаданской областью до т.793 схождения границ водохозяйственных участков 19.01.02.001, 19.09.00.001 (Пенжина) и 19.10.00.001. Отсюда граница поворачивает на юго-восток, проходит по Ичигемскому хребту и, разделяя бассейны рек Тылхой и Олхан, к побережью Пенжинской губы и замыкается в т.846. В горах преобладают ландшафты горных кустарниковых, моховых и лишайниковых тундр и зарослей кустарников в сочетании с лиственничными редколесьями. Наиболее высокие водораздельные пространства лишены растительного покрова. Прибрежная территория представляет собой серию морских сильно заболоченных террас. По низменным местам широко распространены кочкарные, осоково-пушицевые болота и реже - осоково-разнотравные луга."""
"""Кама от истока до в/п с. Бондюг""","""Водохозяйственный участок 10.01.01.001 охватывает верхнюю часть бассейна р. Кама с замыкающим створом у с. Бондюг в т.10001. Площадь водохозяйственного участка составляет 46,3 тыс. км2. От точки замыкающего створа граница участков 10.01.01.001 и 10.01.01.002 (Кама от в/п с. Бондюг до г. Березники) направляется на юг по водоразделу двух крупных на этом участке притоков Камы - рр. Лопва и Уролка. В истоке Уролки граница приходит в т.10002 - точку схождения границ водохозяйственных участков 10.01.01.001, 10.01.01.002 и 10.01.01.009 (Кама от г. Березники до Камского г/у без р. Косьва (от истока до Широковского г/у), Чусовая и Сылва). Далее граница участков 10.01.01.001 и 10.01.01.009 поворачивает на запад и идет до т.10003, в которой пересекается граница между Кировской обл. и Пермским краем, и затем плавно поворачивает на юг к истоку Камы. Самой южной точки участка граница достигает в т.334, которая является точкой пересечения границ Пермского края и Удмуртской Республики и точкой схождения границ водохозяйственных участков 10.01.01.001, 10.01.01.009 и 10.01.03.001 (Чепца). Далее граница участков 10.01.01.001 и 10.01.03.001 простирается на северо-запад по водоразделу бассейнов рр. Кама и Вятка, проходя в т.335 узел схождения границ водохозяйственных участков 10.01.01.001, 10.01.03.001 и 10.01.03.002 (Вятка от истока до г. Киров без р. Чепца) и в этой же точке пересекая границу Пермского края и Удмуртской Республики. Дальше граница отклоняется на север, идет по тому же водоразделу рр. Кама и Вятка и после небольшой петли вокруг истока р. Нырмыч граница достигает т.92 - точки схождения границ водохозяйственных участков 03.02.02.001 (Вычегда от истока до г. Сыктывкар), 10.01.01.001 и 10.01.03.002. Отсюда граница участков 10.01.01.001 и 03.02.02.001 продолжается на север, в т.91 пересекает точку границ Республики Коми, Пермского края и Кировской обл. и следует сначала на северо-запад, затем, огибая обширную, гидрографически разветвленную территорию верхней части бассейна р. Весляна, уходит на восток, в т.90 вновь пересекая административную границу Республики Коми и Пермского края. По водоразделу Камы и Вычегды граница водохозяйственного участка 10.01.01.001 в т.10004 приходит к узлу схождения границ водохозяйственных участков 03.02.02.001, 10.01.01.001 и 10.01.01.002, после которого, резко повернув на юг вдоль водораздела рр. Пильва и Колва, граница замыкается в створе р. Камы у с. Бондюг (т.10001)."""
"""Яуза от истока до Кармановского г/у""","""Водохозяйственный участок 08.01.01.002 охватывает бассейн р. Яуза с Яузским водохранилищем от истока до расчетного замыкающего створа Кармановский г/у – т.8003. Площадь водохозяйственного участка составляет 0,44 тыс. км2. От точки замыкающего створа граница участков 08.01.01.002 и 08.01.01.003 (Вазуза от истока до Зубцовского г/у без р. Яуза до Кармановского г/у) идет в северо-восточном направлении вдоль Яузского в-ща, пересекает административную границу Смоленской и Тверской областей и в т.8004 – точке схождение границ водохозяйственных участков 08.01.01.002, 08.01.01.003 и 08.01.01.006 (Волга от г. Зубцов до г. Тверь без р. Тверца) поворачивает на юго-восток, вновь пересекает границу областей Тверской и Московской и приходит в т.8005, где сходятся границы водохозяйственных участков 08.01.01.002, 08.01.01.006 и 09.01.01.011 (Руза от истока до Рузского г/у). От этой точки граница участков 08.01.01.002 и 09.01.01.011 поворачивает на юго-запад, пересекает канал Вазузской гидротехнической системы и у истока р. Иночь достигает т.287 – точки схождение границ водохозяйственных участков 09.01.01.010 (Москва от истока до Можайского г/у), 09.01.01.011 и 08.01.01.002, на небольшом расстоянии от которой пересекает административную границу Московской и Смоленской областей. У истока р. Яуза граница участка проходит т.8006 – точку схождение границ водохозяйственных участков 08.01.01.002, 08.01.01.003 и 09.01.01.010, от которой резко уходит на северо-запад к замыкающему створу т.8003."""
"""Косьва от истока до Широковского г/у""","""Водохозяйственный участок 10.01.01.003 охватывает верхнюю часть бассейна р. Косьва от истока до расчетного замыкающего створа - Широковский г/у - т.10008. Площадь водохозяйственного участка составляет 4,8 тыс. км2. От точки замыкающего створа граница участков 10.01.01.003 и 10.01.01.009 (Кама от г. Березники до Камского г/у без р. Косьва (от истока до Широковского г/у), Чусовая и Сылва) простирается на север по водоразделу бассейнов рр. Яйва и Косьва вдоль истоков левых притоков р. Яйва - рр. Чайва, Чикман, Кадь - и, пересекая в т.10009 административную границу Свердловской и Пермской областей, доходит до т.10007 - точки схождения границ водохозяйственных участков 10.01.01.002 (Кама от в/п с. Бондюг до г. Березники), 10.01.01.003 и 10.01.01.009. Далее граница участков 10.01.01.003 и 10.01.01.002, огибая истоки рр. Тыпыл и Пожва, приходит к т.10006, где сходятся границы водохозяйственных участков 10.01.01.002, 10.01.01.003 и 14.01.05.024 (Сосьва от истока до в/п д. Морозково). От этой точки граница участков 10.01.01.003 и 14.01.05.024 направляется на юг по водоразделу рр. Тыпай и Ольва до т.14075 - точки схождения границ водохозяйственных участков 10.01.01.002, 14.01.05.024 и 14.01.05.025 (Тавда от стока до устья без р. Сосьва (от истока до в/п д. Морозково)) и далее до т.314 - точки пересечения границы между Свердловской обл. и Пермским краем вблизи точки схождения границ водохозяйственных участков 10.01.01.003, 10.01.01.007 (Чусовая от в/п пгт. Кын до устья) и 14.01.05.025. Повернув на юго-запад, граница участков 10.01.01.003 и 10.01.01.007 по водоразделу рр. Косьва и Усьва доходит до т.10019, в которой сходятся участки 10.01.01.003, 10.01.01.007 и 10.01.01.009. Немного к северу от этой точки граница участка достигает замыкающего створа - т.10008."""
"""Чусовая от в/п пгт. Кын до устья""","""Водохозяйственный участок 10.01.01.007 охватывает нижнюю часть бассейна р. Чусовая от в/п пгт. Кын до расчетного замыкающего створа в устье реки - т.10018. Площадь водохозяйственного участка составляет 12,6 тыс. км2. От точки замыкающего створа граница участков 10.01.01.007 и 10.01.01.009 (Кама от г. Березники до Камского г/у без р. Косьва (от истока до Широковского г/у), Чусовая и Сылва) простирается на север вдоль верховьев притоков р. Вильва и, делая резкую петлю вокруг истока р. Куб, поворачивает на северо-восток. Далее по водоразделу рр. Косьва и Усьва граница достигает т.10019 - точки схождения границ водохозяйственных участков 10.01.01.003 (Косьва от истока до Широковского г/у), 10.01.01.007 и 10.01.01.009. От этой точки граница участка 10.01.01.007 с участком 10.01.01.003 продолжается на северо-восток по водоразделу тех же рек до т.314, в которой сходятся границы водохозяйственных участков 10.01.01.003, 10.01.01.007 и 14.01.05.025 (Тавда от стока до устья без р. Сосьва (от истока до в/п д. Морозково). Затем граница участков 10.01.01.007 и 14.01.05.025 проходит т.14043 - точку схождения границ водохозяйственных участков 10.01.01.007, 14.01.05.012 (Тура от истока до впадения р. Тагил) и 14.01.05.025, и резко поворачивает на юг до т.315, где происходит пересечение границы между Свердловской обл. и Пермским краем вблизи точки схождения границ водохозяйственных участков 10.01.01.006 (Чусовая от г. Ревда до в/п пгт. Кын), 10.01.01.007 и 14.01.05.012. Далее граница направляется на юго-запад вдоль водоразделов рр. Сылвица и Серебряная до т.10016 - точки пересечения р. Чусовая границы с водохозяйственным участком 10.01.01.006 ниже пгт. Кын и, отклонившись на запад, доходит до т.10017, где сходятся границы водохозяйственных участков 10.01.01.006, 10.01.01.007 и 10.01.01.008 (Сылва). Отсюда граница участков 10.01.01.007 и 10.01.01.008 простирается на запад по водоразделу рр. Лысьва и Каменка до т.10020 - точки схождения границ водохозяйственных участков 10.01.01.007, 10.01.01.008 и 10.01.01.009. От этой точки на север, обогнув исток р. Кутамыш, граница участка приходит к замыкающему створу - т.10018."""
"""Нугуш от истока до Нугушского г/у""","""Водохозяйственный участок 10.01.02.003 включает часть бассейна р. Нугуш с замыкающим створом на р. Нугуш в створе Нугушского г/у в т.10053. Площадь водохозяйственного участка составляет 3,0 тыс. км2. От точки замыкающего створа граница участков 10.01.02.003 и 10.01.02.004 (Белая от Юмагузинского г/у до г. Салават без р. Нугуш (от истока до Нугушского г/у)), следует на север по водоразделу рр. Урюк и Тор до т.10054 - точки схождения границ водохозяйственных участков 10.01.02.003, 10.01.02.004 и 10.01.02.007 (Белая от г. Стерлитамак до в/п с. Охлебино без р. Сим), затем плавно огибает в восточном направлении верховья рр. Ямаш, Урюк, истоки р. Бол.Шишиняк и у истока р. Бол.Нугуш приходит в точку (10050) схождения границ водохозяйственных участков 10.01.02.002 (Белая от в/п Арский Камень до Юмагузинского г/у), 10.01.02.003 и 10.01.02.007. От этой точки граница участков 10.01.02.002 и 10.01.02.003 резко уходит на юг по водоразделу р. Белая и р. Нугуш до верховьев р. Кужа, затем, повернув на юго-запад вдоль водораздела рр. Белая и Кужа, приходит в т.10049, где вблизи замыкающего створа в т.10053 сходятся границы водохозяйственных участков 10.01.02.002, 10.01.02.003 и 10.01.02.004."""
Сим,"""Водохозяйственный участок 10.01.02.006 включает бассейн р. Сим (правого притока р. Белая) от устья до замыкающего расчетного створа в месте впадения р. Сим в р. Белая (т.10061). Площадь водохозяйственного участка составляет 11,7 тыс. км2. В т.10061 смыкаются границы трех водохозяйственных участков - 10.01.02.006, 10.01.02.007 (Белая от г. Стерлитамак до в/п с. Охлебино без р. Сим) и 10.01.02.014 (Белая от в/п с. Охлебино до г. Уфа без рр. Уфа (от истока до пгт. Шакша) и Дема (от истока до в/п д. Бочкарева)). Недалеко к северу от т.10061 в т.10062 соседство с участком 10.01.02.014 переходит в соседство с участком 10.01.02.012 (Уфа от Павловского г/у до в/п пгт. Шакша). По водоразделу бассейнов рек Сим и Уфа граница вначале продолжается в северном направлении, затем делает петлю к югу, огибая верховья р. Салдыбаш (приток р. Уфа), и в т.10063 пересекает границу между Челябинской обл. и Республикой Башкортостан. Вдоль русла р. Аша (правого притока р. Сим в ее верхнем течении), повторяя его очертания, граница идет на северо-восток и в верховьях этой реки меняет направление на юго-восточное. Здесь находится т.10064 (точка схождения границ водохозяйственных участков 10.01.02.006, 10.01.02.011 (Уфа от Нязепетровского г/у до Павловского г/у без р. Ай) и 10.01.02.012 вблизи пересечения границы между Челябинской обл. и Республикой Башкортостан). От т.10064 граница участка идет вдоль административной границы на юго-восток и в верховьях рр. Верх. Биянка и Ниж. Биянка (притоки р. Сим) поворачивает к югу и по территории Челябинской области вновь выходит к административной границе в т.10065. Не переходя на территорию Башкортостана, граница участка перемещается на юг по водоразделу рр. Сим и Катав (приток р. Юрюзань), отклоняется к западу у истока р. Нила (приток р. Катав) и далее, продвигаясь к юго-востоку, достигает т.10066, где выходит окончательно на территорию Башкортостана. Обогнув исток р. Юрюзань, граница участка попадает в т.10045, где стыкуются границы трех водохозяйственных участков:10.01.02.006, 10.01.02.011 и 10.01.02.001 (Белая от истока до в/п Арский Камень). От т.10045 граница спускается к юго-западу вдоль р. Бол. Инзер (приток р. Инзер) до т.10044, в которой граничат участки 10.01.02.006, 10.01.02.001 и 10.01.02.002 (Белая от в/п Арский Камень до Юмагузинского г/у). Далее граница огибает с юга верховья р. Инзер и постепенно приобретая западное направление, добирается до т.10051, где сходятся границы водохозяйственных участков 10.01.02.002, 10.01.02.006 и 10.01.02.007. От т.10051 в перемещении границы участка к замыкающему створу преобладает северо-западное направление. Существенное отклонение от этого направления к северу происходит только в устье реки Бол. Реват. По водоразделу рр. Инзер (приток р. Сим) и Мендим (приток р. Белой) граница, разделяя водохозяйственные участки 10.01.02.006 и 10.01.02.007, достигает замыкающего створа в т.10061."""
"""Белая от Юмагузинского г/у до г. Салават без р.Нугуш (от истока до Нугушского г/у)""","""Водохозяйственный участок 10.01.02.004 включает часть бассейна р. Белая с замыкающим створом на р. Белая у г. Салават в т.10055. Площадь водохозяйственного участка составляет 3,7 тыс. км2. От точки замыкающего створа граница участков 10.01.02.004 и 10.01.02.005 (Белая от г. Салават до г. Стерлитамак) следует на юго-восток до т.10056 - точки схождения границ водохозяйственных участков 10.01.02.004, 10.01.02.005 и 10.01.02.007 (Белая от г. Стерлитамак до в/п с. Охлебино без р. Сим) - и затем в верховьях рр. Тор и Селеук достигает т.10054 - точки схождения границ водохозяйственных участков 10.01.02.003 (Нугуш от истока до Нугушского г/у), 10.01.02.004 и 10.01.02.005. От этой точки граница участков 10.01.02.004 и 10.01.02.003 резко разворачивается на юг до створа Нугушского г/у в т.10053 и идет к востоку в т.10049, где пересекаются границы водохозяйственных участков 10.01.02.004, 10.01.02.003 и 10.01.02.002 (Белая от в/п Арский Камень до Юмагузинского г/у). Затем, поворачивая к юго-западу, граница пересекает р. Белую в т.10048 створе Юмагузинского г/у. Далее граница огибает с востока бассейн небольшого притока р. Белой - р. Иртюбяк и проходит через т.10052 - точку схождения границ водохозяйственных участков 10.01.02.002, 10.01.02.003 и 12.01.00.005 (Большой Ик). Извиваясь между истоками притоков р. Белой, граница участков 10.01.02.004 и 12.01.00.005 в западном направлении проходит т.12011 - точку схождения границ водохозяйственных участков 10.01.02.004, 12.01.00.005 и 12.01.00.006. (Сакмара без р. Большой Ик). Затем эта граница подходит к административной границе между Оренбургской обл. и Республикой Башкортостан (т.325) и, не пересекая ее, достигает т.10057, где сходятся границы водохозяйственных участков 10.01.02.004, 10.01.02.005 и 12.01.00.007. От этой точки, повернув на север, граница участка 10.01.02.004 по водоразделу бассейнов рр. Сухайля и Белая возвращается к замыкающему створу - т.10056."""
"""Белая от в/п Арский Камень до Юмагузинского г/у""","""Водохозяйственный участок 10.01.02.002 охватывает часть бассейна р. Белая от в/п Арский Камень до расчетного замыкающего створа у Юмагузинского г/у (т.10048). Территория участка вытянута с северо-востока на юго-запад и, повторяя очертания бассейна р. Белой в рассматриваемой его части, напоминает форму сапога, носок которого указывает на северо-восток. Площадь участка составляет 7,8 тыс. км2. От точки замыкающего створа граница между водохозяйственными участками 10.01.02.002 и 10.01.02.004 (Белая без р. Нугуш до Нугушского г/у от Юмагузинского г/у до г. Салават) быстро достигает т.10049, в которой граничат три участка: 10.01.02.002, 10.01.02.004 и 10.01.02.003 (Нугуш от истока до Нугушского г/у). Продвинувшись на юго-восток до истока р. Кужа (левый приток р. Нугуш), граница направляется на северо-восток по водоразделу рр. Нугуш и Белая и в устье р. Большой Нугуш (приток р. Нугуш) приходит в т.10050, где сходятся границы участков 10.01.02.002, 10.01.02.003 и 10.01.02.007 (Белая от г. Стерлитамак до в/п с. Охлебино без р. Сим). Продолжая северо-восточное направление, граница участка достигает т.10051, где граничат три водохозяйственных участка - 10.01.02.002, 10.01.02.007 и 10.01.02.006 (Сим от истока до устья). Резко свернув на юго-восток и огибая верховья р. Инзер, граница попадает в т.10044 (точка схождения границ водохозяйственных участков 10.01.02.002, 10.01.02.006 и 10.01.02.001 (Белая от истока до в/п Арский Камень)). От т.10044 граница идет в южном направлении, пересекает р. Белая в т.10043 (ниже в/п Арский Камень) и доходит до т.10047, в которой граничат участки 10.01.02.002, 10.01.02.001 и 12.01.00.002 (Урал от Верхнеуральского г/у до Магнитогорского г/у), затем до т.12014 точки схождения границ водохозяйственных участков 10.01.02.002, 12.01.00.002 и 12.01.00.003 (Урал от Магнитогорского г/у Ириклинского г/у). Далее на юго-запад граница простирается до т.323 (водораздел в верховьях р. Сакмара; где сходятся границы участков 10.01.02.002, 12.01.00.003 и 12.01.00.006 (Сакмара без р. Большой Ик), продолжается в том же направлении до т.324 и поворачивает на северо-запад, отклоняясь в противоположную сторону в верховьях р. Мал. Ик и проходя т.12012 - точку схождения границ водохозяйственных участков 10.01.02.002, 12.01.00.005 (Большой Ик) и 12.01.00.006. Повторяя очертания водораздела этой реки, граница достигает т.10052, где начинается соседство с водохозяйственным участком 10.01.02.004, и, огибая бассейн р. Иртюбяк (левый приток р. Белая), замыкается в расчетном створе р. Белой в т.1004."""
Сылва,"""Водохозяйственный участок 10.01.01.008 охватывает бассейн р. Сылва - притока Камского в-ща от истока до расчетного замыкающего створа в устье реки - т.10021. Площадь водохозяйственного участка составляет 19,7 тыс. км2. От точки замыкающего створа граница участков 10.01.01.008 и 10.01.01.009 (Кама от г. Березники до Камского г/у без р. Косьва (от истока до Широковского г/у), Чусовая и Сылва) идет сначала на восток, затем на северо-восток по водоразделу бассейнов р. Шаква и левых притоков Сылвинского плеса Камского в-ща до точки 10020 - точки схождения границ водохозяйственных участков 10.01.01.007 (Чусовая от в/п пгт. Кын до устья), 10.01.01.008 и 10.01.01.009, после которой граница участков 10.01.01.008 и 10.01.01.007 снова поворачивает на восток до т.10017, в которой сходятся границы водохозяйственных участков 10.01.01.006 (Чусовая от г. Ревда до в/п пгт. Кын), 10.01.01.007 и 10.01.01.008. Дальнейшее направление границы на юго-восток идет по водоразделу рр. Сылва и Чусовой до т.336 - точки схождения границ водохозяйственных участков 10.01.01.006, 10.01.01.008 и 10.01.02.011 (Уфа от Нязепетровского г/у до Павловского г/у без р. Ай) в верховьях р. Сылва. От этой точки граница участков 10.01.01.008 и 10.01.02.011 направляется на юго-запад по водоразделу бассейнов рр. Бисерть и Учь через границу Свердловской и Пермской областей в т.337, огибает верховья р. Ирень и, повернув на северо-запад, приходит в т.10022 - точку схождения границ водохозяйственных участков 10.01.01.008, 10.01.01.010 (Кама от Камского г/у до Воткинского г/у) и 10.01.02.011. Направление на северо-запад сохраняется вдоль водораздела Воткинского в-ща и бассейна р. Сылва до поворота границы на восток в верховьях рр. Бырма и Юг, после которого граница достигает т.10023 - точки схождения границ водохозяйственных участков 10.01.01.008, 10.01.01.009 и 10.01.01.010. От этой точки граница идет в том же восточном направлении до замыкающего створа - т.10021."""
"""Кама от в/п с. Бондюг до г. Березники""","""Водохозяйственный участок 10.01.01.002 охватывает верхнюю часть бассейна р. Кама до расчетного замыкающего створа у г. Березники - т.10005. Площадь водохозяйственного участка составляет 38,1 км2. От точки замыкающего створа граница участков 10.01.01.002 и 10.01.01.009 (Кама от г. Березники до Камского г/у без р. Косьва (от истока до Широковского г/у), Чусовая и Сылва) направляется на северо-запад по водоразделу бассейнов рр. Кондас и Кама с притоком Лысьва. У истоков рр. Лысьва и Сырья граница поворачивает на юго-запад и у истока р. Уролка приходит в т.10002 - точку схождения границ водохозяйственных участков 10.01.01.001 (Кама от истока до в/п с. Бондюг), 10.01.01.002 и 10.01.01.009. Затем граница участков 10.01.01.002 и 10.01.01.001 поворачивает на север до створа на р. Кама у с. Бондюг и далее, сохраняя северное направление доходит до т.10004, в которой сходятся границы участков 03.02.02.001 (Вычегда от истока до г. Сыктывкар), 10.01.01.001 и 10.01.01.002. Это направление границы участков сохраняется при разделении бассейнов рр. Березовка и Кукью, Нем через т.89 на границе Республики Коми и Пермской области до т.88 - точки схождения границ водохозяйственных участков 03.02.02, 03.05.01 и 10.01.01.002. Далее граница резко поворачивает на восток и затем на юг, огибая верховья р. Березовка до т.149 - точки пересечения границы Республики Коми и Пермского края. После плавного поворота границы на восток через т.148 на водоразделе бассейнов рек Колва и Печора граница приходит в т.147 - точку схождения границ водохозяйственных участков 03.05.01.001 (Печора от истока до в/п п. Шердино), 14.01.05.025 (Тавда от стока до устья без р. Сосьва (от истока до в/п д. Морозково) и 10.01.01.001 вблизи точки схождения границ Респ. Коми, Свердловской обл. и Пермского края. От этой точки граница участка идет на юг через пересечение границы между Свердловской обл. и Пермским краем в т.313 на границе с водохозяйственным участком 14.01.05.025 и далее до т.14077 - точки схождения границ водохозяйственных участков 14.01.05.024 (Сосьва от истока до в/п д. Морозково), 14.01.05.025 и 10.01.01.002 вблизи точки схождения границ Респ. Коми, Свердловской обл. и Пермского края. В этом же направлении граница доходит до т.10006 - точки схождения границ водохозяйственных участков 10.01.01.002, 10.01.01.003 (Косьва от истока до Широковского г/у) и 14.01.05.025. Здесь граница участков 10.01.01.002 и 10.01.01.003 поворачивает на запад, проходя т.10007, в которой сходятся границы водохозяйственных участков 10.01.01.002, 10.01.01.003 и 10.01.01.009, затем по направлению вдоль водораздела рр. Яйва, Ик и Зырянка, Глухая Вильва приходит в замыкающий створ - т.10005."""
"""Белая от г. Стерлитамак до в/п с. Охлебино без р.Сим""","""Водохозяйственный участок 10.01.02.007 включает часть бассейна р. Белой от г. Стерлитамак и замыкается в расчетном створе у в/п с. Охлебино (т.10061). Площадь водохозяйственного участка составляет 9,6 тыс. км2. В т.10061 смыкаются границы трех водохозяйственных участков: 10.01.02.007, 10.01.02.006 (Сим) и 10.01.02.014 (Белая от в/п с. Охлебино до г. Уфа без рр. Уфа (от истока до пгт. Шакша) и Дема (от истока до в/п д. Бочкарева)). От т.10061 граница направляется к юго-востоку вдоль бассейна р. Мендим (правый приток р. Белая), огибает с севера верховья р. Бол. Реват и, оставляя с юго-запада верховья рр. Зилим и Зигаза, достигает т.10051, где сходятся границы водохозяйственных участков 10.01.02.007, 10.01.02.006 и 10.01.02.002 (Белая от в/п Арский Камень до Юмагузинского г/у). От т.10051 на небольшом расстоянии по прямой к юго-западу граница приходит в т.10050 (точка схождения границ водохозяйственных участков 10.01.02.007, 10.01.02.002 и 10.01.02.003 (Нугуш от истока до Нугушского г/у)). Отсюда в направлении к западу, огибая верховья рр. Большой Нугуш и Ямаш с севера и рр. Большой Шишеняк и Зиган с юга, граница участка достигает т.10054, в которой граничат водохозяйственные участки 10.01.02.007, 10.01.02.003 и 10.01.02.004 (Белая от Юмагузинского г/у до г. Салават без р. Нугуш (от истока до Нугушского г/у)). Продолжаясь к западу по водоразделу р. Тор (правый приток р. Нугуш) и р. Селеук (приток р. Белой ниже г. Стерлитамак), граница попадает в т.10056 на стыке участков 10.01.02.007, 10.01.02.004 и 10.01.02.005 (Белая от г. Салават до г. Стерлитамак). От т.10056 граница участка уходит на север вдоль бассейна р. Селеук до т.10058, расположенной на р. Белой ниже г. Стерлитамак. Отсюда территория участка выклинивается к западу, включая в себя бассейн р. Куганак. В верховьях Куганака находится т.10060, в которой встречаются границы участков 10.01.02.007, 10.01.02.005 и 10.01.02.014 (Белая от в/п с. Охлебино до г. Уфа без рр. Уфа (от истока до пгт. Шакша) и Дема (от истока до в/п д. Бочкарева)). Обогнув бассейн р. Куганак, граница простирается на северо-восток по водоразделу р. Белой и р. Уршак и замыкается в расчетном створе на р. Белой в т.10061."""
"""Чусовая от в/п пгт. Кын до устья""","""Водохозяйственный участок 10.01.01.007 охватывает нижнюю часть бассейна р. Чусовая от в/п пгт. Кын до расчетного замыкающего створа в устье реки - т.10018. Площадь водохозяйственного участка составляет 12,6 тыс. км2. От точки замыкающего створа граница участков 10.01.01.007 и 10.01.01.009 (Кама от г. Березники до Камского г/у без р. Косьва (от истока до Широковского г/у), Чусовая и Сылва) простирается на север вдоль верховьев притоков р. Вильва и, делая резкую петлю вокруг истока р. Куб, поворачивает на северо-восток. Далее по водоразделу рр. Косьва и Усьва граница достигает т.10019 - точки схождения границ водохозяйственных участков 10.01.01.003 (Косьва от истока до Широковского г/у), 10.01.01.007 и 10.01.01.009. От этой точки граница участка 10.01.01.007 с участком 10.01.01.003 продолжается на северо-восток по водоразделу тех же рек до т.314, в которой сходятся границы водохозяйственных участков 10.01.01.003, 10.01.01.007 и 14.01.05.025 (Тавда от стока до устья без р. Сосьва (от истока до в/п д. Морозково). Затем граница участков 10.01.01.007 и 14.01.05.025 проходит т.14043 - точку схождения границ водохозяйственных участков 10.01.01.007, 14.01.05.012 (Тура от истока до впадения р. Тагил) и 14.01.05.025, и резко поворачивает на юг до т.315, где происходит пересечение границы между Свердловской обл. и Пермским краем вблизи точки схождения границ водохозяйственных участков 10.01.01.006 (Чусовая от г. Ревда до в/п пгт. Кын), 10.01.01.007 и 14.01.05.012. Далее граница направляется на юго-запад вдоль водоразделов рр. Сылвица и Серебряная до т.10016 - точки пересечения р. Чусовая границы с водохозяйственным участком 10.01.01.006 ниже пгт. Кын и, отклонившись на запад, доходит до т.10017, где сходятся границы водохозяйственных участков 10.01.01.006, 10.01.01.007 и 10.01.01.008 (Сылва). Отсюда граница участков 10.01.01.007 и 10.01.01.008 простирается на запад по водоразделу рр. Лысьва и Каменка до т.10020 - точки схождения границ водохозяйственных участков 10.01.01.007, 10.01.01.008 и 10.01.01.009. От этой точки на север, обогнув исток р. Кутамыш, граница участка приходит к замыкающему створу - т.10018."""
Сылва,"""Водохозяйственный участок 10.01.01.008 охватывает бассейн р. Сылва - притока Камского в-ща от истока до расчетного замыкающего створа в устье реки - т.10021. Площадь водохозяйственного участка составляет 19,7 тыс. км2. От точки замыкающего створа граница участков 10.01.01.008 и 10.01.01.009 (Кама от г. Березники до Камского г/у без р. Косьва (от истока до Широковского г/у), Чусовая и Сылва) идет сначала на восток, затем на северо-восток по водоразделу бассейнов р. Шаква и левых притоков Сылвинского плеса Камского в-ща до точки 10020 - точки схождения границ водохозяйственных участков 10.01.01.007 (Чусовая от в/п пгт. Кын до устья), 10.01.01.008 и 10.01.01.009, после которой граница участков 10.01.01.008 и 10.01.01.007 снова поворачивает на восток до т.10017, в которой сходятся границы водохозяйственных участков 10.01.01.006 (Чусовая от г. Ревда до в/п пгт. Кын), 10.01.01.007 и 10.01.01.008. Дальнейшее направление границы на юго-восток идет по водоразделу рр. Сылва и Чусовой до т.336 - точки схождения границ водохозяйственных участков 10.01.01.006, 10.01.01.008 и 10.01.02.011 (Уфа от Нязепетровского г/у до Павловского г/у без р. Ай) в верховьях р. Сылва. От этой точки граница участков 10.01.01.008 и 10.01.02.011 направляется на юго-запад по водоразделу бассейнов рр. Бисерть и Учь через границу Свердловской и Пермской областей в т.337, огибает верховья р. Ирень и, повернув на северо-запад, приходит в т.10022 - точку схождения границ водохозяйственных участков 10.01.01.008, 10.01.01.010 (Кама от Камского г/у до Воткинского г/у) и 10.01.02.011. Направление на северо-запад сохраняется вдоль водораздела Воткинского в-ща и бассейна р. Сылва до поворота границы на восток в верховьях рр. Бырма и Юг, после которого граница достигает т.10023 - точки схождения границ водохозяйственных участков 10.01.01.008, 10.01.01.009 и 10.01.01.010. От этой точки граница идет в том же восточном направлении до замыкающего створа - т.10021."""
"""Дема от истока до в/п д. Бочкарева""","""Водохозяйственный участок 10.01.02.013 охватывает практически весь бассейн р. Дема с замыкающим створом р. Дема у в/п д. Бочкарева в т.10085. Площадь водохозяйственного участка составляет 12,5 тыс. км2. От точки замыкающего створа граница участков 10.01.02.013 и 10.01.02.014 (Белая от в/п с. Охлебино до г. Уфа без рр. Уфа (от истока до пгт. Шакша) и Дема (от истока до в/п д. Бочкарева)) простирается в южном направлении по водоразделу бассейнов рр. Дема и Уршак до т.10059, где сходятся границы водохозяйственных участков 10.01.02.005 (Белая от г. Салават до г. Стерлитамак), 10.01.02.013 и 10.01.02.014. Далее граница участков 10.01.02.013 и 10.01.02.005 огибает верховья р. Бол.Изяк, исток р. Дема и, повернув на юго-запад, пересекает границу (т.327) между Оренбургской обл. и Республикой Башкортостан вблизи точки схождения границ водохозяйственных участков 10.01.02.005, 10.01.02.013 и 12.01.00.006 (Сакмара без р. Большой Ик). От этой точки граница участка идет на юго-запад до т.328, в которой сходятся границы водохозяйственных участков 10.01.02.013, 11.01.00.010 (Самара от Сорочинского г/у до с. Елшанка) и 12.01.00.006, далее к северо-западу в т.11030 - точку схождения границ водохозяйственных участков 10.01.02.013, 11.01.00.008 (Бол.Кинель без р. Кутулук от истока до Кутулукского г/у) и 11.01.00.010. От этой точки граница идет на северо-запад по водоразделу рр. Бол.Кинель и Садак до т.329 - точки схождения границ водохозяйственных участков 10.01.01.013 (Ик), 10.01.02.013 и 11.01.00.008. Здесь граница участков 10.01.02.013 и 10.01.01.013 круто уходит на северо-восток, пересекая в т.339 границу между Оренбургской обл. и Республикой Башкортостан, и затем плавно поворачивает на север к истоку р. Черемсан, где в т.10039 сходятся границы водохозяйственных участков 10.01.01.013, 10.01.02.013 и 10.01.02.015 (Белая от г. Уфа до г. Бирск). Далее граница огибает оз. Аспикуль, идет в северо-восточном направлении вдоль бассейна р. Дема и, повернув на восток, доходит до точки т.10086 - точки схождения границ участков 10.01.01.013, 10.01.02.014 и 10.01.02.015. Отсюда граница участка 10.01.01.013 идет к югу до замыкающего створа - т.10085."""
"""Кама от Нижнекамского г/у до устья без р.Вятка""","""Водохозяйственный участок 10.01.01.015 включает нижнюю часть бассейна р. Камы с расчетным замыкающим створом в т.312, в которой сходятся границы водохозяйственных участков 10.01.01.013, 10.01.01.014 и 10.01.01.015. Площадь водохозяйственного участка составляет 8,0 тыс. км2. От точки замыкающего створа граница участков 10.01.01.014 (Кама от Воткинского г/у до Нижнекамского г/у без рр. Буй (от истока до Кармановского г/у), Иж, Ик и Белая) и 10.01.01.015 простирается на северо-восток и идет по водоразделу бассейнов рр. Тойма и Вятка, пересекая в т.341 границу между Республикой Татарстан и Удмуртской Республикой. В этом же направлении в т.10042 сходятся границы водохозяйственных участков 10.01.01.015, 10.01.03.005 (Вятка от в/п пгт. Аркуль до г. Вятские Поляны) и 10.01.03.006 (Вятка от г. Вятские Поляны до устья), а в т.10034 границы участков 10.01.01.012 (Иж), 10.01.01.015 и 10.01.03.005. После этой точки граница участков 10.01.01.015 и 10.01.01.012 резко уходит на юго-восток до т.10033 - точки схождения границ водохозяйственных участков 10.01.01.012, 10.01.01.014 и 10.01.01.015 - и затем поворачивает на юго-запад по водоразделу р. Тойма и Нижнекамского в-ща. В т.10041 граница участка пересекает Нижнекамское в-ще в створе гидроузла у г. Набережные Челны и идет на юг по водоразделу р. Зай и р. Мензеля до т.10040, где сходятся границы водохозяйственных участков 10.01.01.013 (Ик), 10.01.01.014 и 10.01.01.015. Далее в южном направлении граница участков 10.01.01.015 и 10.01.01.013 достигает верховьев бассейна р. Зай, огибает истоки этой реки и приходит в т.330 точку пересечения границ Республики Татарстан, Оренбургской и Самарской обл. и схождения границ водохозяйственных участков 10.01.01.013, 10.01.01.015 и 11.01.00.002 (Шешма). От точки 330 граница участка принимает северо-западное направление и по водоразделу бассейна р. Зай и рр. Куван, Кучуй замыкается в расчетном створе - т.312."""
"""Дема от истока до в/п д. Бочкарева""","""Водохозяйственный участок 10.01.02.013 охватывает практически весь бассейн р. Дема с замыкающим створом р. Дема у в/п д. Бочкарева в т.10085. Площадь водохозяйственного участка составляет 12,5 тыс. км2. От точки замыкающего створа граница участков 10.01.02.013 и 10.01.02.014 (Белая от в/п с. Охлебино до г. Уфа без рр. Уфа (от истока до пгт. Шакша) и Дема (от истока до в/п д. Бочкарева)) простирается в южном направлении по водоразделу бассейнов рр. Дема и Уршак до т.10059, где сходятся границы водохозяйственных участков 10.01.02.005 (Белая от г. Салават до г. Стерлитамак), 10.01.02.013 и 10.01.02.014. Далее граница участков 10.01.02.013 и 10.01.02.005 огибает верховья р. Бол.Изяк, исток р. Дема и, повернув на юго-запад, пересекает границу (т.327) между Оренбургской обл. и Республикой Башкортостан вблизи точки схождения границ водохозяйственных участков 10.01.02.005, 10.01.02.013 и 12.01.00.006 (Сакмара без р. Большой Ик). От этой точки граница участка идет на юго-запад до т.328, в которой сходятся границы водохозяйственных участков 10.01.02.013, 11.01.00.010 (Самара от Сорочинского г/у до с. Елшанка) и 12.01.00.006, далее к северо-западу в т.11030 - точку схождения границ водохозяйственных участков 10.01.02.013, 11.01.00.008 (Бол.Кинель без р. Кутулук от истока до Кутулукского г/у) и 11.01.00.010. От этой точки граница идет на северо-запад по водоразделу рр. Бол.Кинель и Садак до т.329 - точки схождения границ водохозяйственных участков 10.01.01.013 (Ик), 10.01.02.013 и 11.01.00.008. Здесь граница участков 10.01.02.013 и 10.01.01.013 круто уходит на северо-восток, пересекая в т.339 границу между Оренбургской обл. и Республикой Башкортостан, и затем плавно поворачивает на север к истоку р. Черемсан, где в т.10039 сходятся границы водохозяйственных участков 10.01.01.013, 10.01.02.013 и 10.01.02.015 (Белая от г. Уфа до г. Бирск). Далее граница огибает оз. Аспикуль, идет в северо-восточном направлении вдоль бассейна р. Дема и, повернув на восток, доходит до точки т.10086 - точки схождения границ участков 10.01.01.013, 10.01.02.014 и 10.01.02.015. Отсюда граница участка 10.01.01.013 идет к югу до замыкающего створа - т.10085."""
"""Белая от г. Бирск до устья""","""Водохозяйственный участок 10.01.02.016 включает нижнюю часть бассейна р. Белая с замыкающим устьевым створом при впадении р. Белой в Нижнекамское в-ще в т.331. Площадь водохозяйственного участка составляет 21,0 тыс. км2. От точки замыкающего створа граница участков 10.01.02.016 и 10.01.02.014 (Белая от в/п с. Охлебино до г. Уфа без рр. Уфа (от истока до пгт. Шакша) и Дема (от истока до в/п д. Бочкарева)) простирается в северо-восточном направлении по водоразделу бассейнов рр. Быстрый Танып и Буй до т.10031 - точки схождения границ водохозяйственных участков 10.01.01.011 (Буй от истока до Кармановоского г/у), 10.01.01.014 и 10.01.02.016. После этой точки граница участков 10.01.02.016 и 10.01.01.011 сохраняет северо-восточное направление, огибая верхнюю часть бассейна р. Гарейка, у истока р. Арей поворачивает на север, в т.338 пересекает административную границу между Пермским краем и Республикой Башкортостан и вблизи истока р. Буй приходит в т.10028, в которой сходятся границы водохозяйственных участков 10.01.01.010 (Кама от Камского г/у до Воткинского г/у), 10.01.01.011 и 10.01.02.016. Далее граница участков 10.01.02.016 и 10.01.01.010 уходит на северо-восток и делает большую петлю вокруг верхней части бассейна р. Быстрый Танып, поворачивая на юго-восток в т.10081 - точке схождения границ водохозяйственных участков 10.01.01.010, 10.01.02.011 (Уфа от Нязепетровского г/у до Павловского г/у без р. Ай) и 10.01.02.016. Юго-восточное направление границы участка плавно сменяется южным, и на водоразделе рр. Уфа и Быстрый Танып в т.10080 пересекается административная граница между Республикой Башкортостан и Пермским краем. Длинный и ровный отрезок границы участков 10.01.02.016 и 10.01.02.011 в южном направлении заканчивается в верховьях р. Бирь в т.10079 - точке схождения границ водохозяйственных участков 10.01.02.011, 10.01.02.012 (Уфа от Павловского г/у до в/п пгт. Шакша) и 10.01.02.016. Далее граница участков 10.01.02.016 и 10.01.02.015, пройдя через точку 10084, в которой сходятся границы водохозяйственных участков 10.01.02.012, 10.01.02.015 (Белая от г. Уфа до г. Бирск) и 10.01.02.016, идет уже на северо-запад и в т.10088 у г. Бирск пересекает р. Белую, затем резко поворачивает на юго-запад и вдоль бассейна р. Чермасан идет к верховьям р. Сюнь до т.10038 - точки схождения границ водохозяйственных участков 10.01.01.013 (Ик), 10.01.02.015 и 10.01.02.016. Отсюда граница участков 10.01.02.016 и 10.01.01.013 плавно поворачивает на северо-запад по водоразделу бассейнов рр. Сюнь и Ик, в т.340 пересекает границу между Республиками Башкортостан и Татарстан, затем постепенно уходит на северо-восток вдоль бассейна р. Сюнь через точку 10037, в которой сходятся границы водохозяйственных участков 10.01.01.013, 10.01.01.014 и 10.01.02.016, и приходит к замыкающему створу - т.331."""
"""Белая от г. Уфа до г. Бирск""","""Водохозяйственный участок 10.01.02.015 включает часть бассейна р. Белая и полностью бассейн ее крупнейшего притока на этом участке - р. Черемсан - с замыкающим створом на р. Белая ниже г. Бирск в т.10088. Площадь водохозяйственного участка составляет 8,2 тыс. км2. От точки замыкающего створа граница участков 10.01.02.015 и 10.01.02.016 (Белая от г. Бирск до устья) направляется на юго-восток вдоль водораздела рр. Белая и Бирь до т.10084 - точки схождения границ водохозяйственных участков 10.01.02.012 (Уфа от Павловского г/у до в/п пгт. Шакша), 10.01.02.015 и 10.01.02.016 - и далее по водоразделу рр. Белая и Изяк до т.10083 - точки схождения границ водохозяйственных участков 10.01.02.012, 10.01.02.014 (Белая от в/п с. Охлебино до г. Уфа без рр. Уфа (от истока до пгт. Шакша) и Дема (от истока до в/п д. Бочкарева)) и 10.01.02.015. Здесь граница принимает юго-западное направление и через небольшое расстояние пересекает р. Белая севернее г. Уфа в т.10087, продолжается до т.10086, где сходятся границы водохозяйственных участков 10.01.01.013 (Ик), 10.01.02.014 и 10.01.02.015. От этой точки граница участков 10.01.02.015 и 10.01.02.013 идет на юго-запад, огибая истоки правых притоков р. Дема, до истоков р. Черемсан вблизи оз. Аспикуль. От т.10039, в которой сходятся границы водохозяйственных участков 10.01.01.013 (Ик), 10.01.02.013 и 10.01.02.015, граница поворачивает на северо-запад и по водоразделу бассейнов рр. Усень и Черемсан доходит до т.10038 - точки схождения границ водохозяйственных участков 10.01.01.013, 10.01.02.015 и 10.01.02.016. Далее граница участков 10.01.02.015 и 10.01.02.016, отделяя бассейн р. Черемсан от верховьев бассейнов рр. Сюнь, База, Куваш, плавно поворачивает на северо-восток, замыкаясь в расчетном створе - т.10088."""
"""Вятка от истока до г.Киров без р.Чепца""","""Водохозяйственный участок 10.01.03.002 включает бассейн р. Вятка от истока и замыкается в расчетном створе на р. Вятка ниже г. Киров в т.10095. Участок имеет сложную конфигурацию, располагаясь в основном к северо-востоку от г. Киров, и занимает площадь 27,9 тыс. км2. От т.10095 граница участка уходит к северо-востоку, оставляя слева территорию участка 10.01.03.003 (Вятка от г. Киров до г. Котельнич). Обогнув верховья р. Медянка (правого притока р. Вятка), граница продолжается к северо-западу по водоразделу рек Летка и Великая (правых притоков р. Вятка) до т.10096, где пересекает административную границу между Кировской областью и Республикой Коми. Сохраняя направление, граница достигает т.10097, расположенной в верховьях р. Волосница, где сходятся границы водохозяйственных участков 10.01.03.002, 10.01.03.003 и 03.02.01.002 (бассейн Северной Двины). Повернув на север, граница участка пересекает ту же административную границу в т.96 и далее простирается на северо-восток по территории Респ. Коми, огибает верховья р. Кобра (правого притока р. Вятка) и на этом изгибе проходит через т.95 (схождение разнонаправленных участков границы с водохозяйственным участком 03.02.01.002 в верховьях р. Кобра) и т.94 (схождение границ водохозяйственных участков 03.02.01.002, 03.02.02.001 и 10.01.03.002). Извиваясь к востоку вдоль бассейна р. Кобра, граница участка трижды (первое пересечение в т.93) пересекает административную границу между Республикой Коми и Кировской областью, и достигает т.92, находящейся между истоками рр. Пашняк, Сева и Бол. Созим. В т.92 пересекаются границы водохозяйственных участков 10.01.03.002, 03.02.02.001 и 10.01.01.001 (Кама от истока до в/п с. Бондюг). От т.92 граница уходит к югу, выклиниваясь в верховьях р. Нырмыч (левый приток р. Кама), поворачивает на восток, огибает с востока бассейн р. Вятка и, практически повторяя очертания русла Вятки, простирается на юг до ее верховьев до т.335. В этой точке пересекаются границы Пермского края и Удмуртской Республики, а также сходятся границы водохозяйственных участков 10.01.03.002, 10.01.01.001, 10.01.03.001 (Чепца). Продолжаясь от т.335, по водоразделу р. Чепца в направлении с юго-запада на северо-восток, граница участка в т.10090 пересекает административную границу между Удмуртией и Кировской областью и далее следует в том же направлении до устья р. Чепца (т.10089). После пересечения точки 10089, граница делает существенную петлю к юго-востоку, огибая бассейн р. Просница (левого притока р. Вятка). В верховьях р. Просница находится т.10094, где сходятся границы водохозяйственных участков 10.01.03.002, 10.01.03.001 и 10.01.03.003. Затем граница водохозяйственного участка 10.01.03.002 поднимается к северо-западу, огибает территорию города Киров с запада и достигает замыкающего створа в т.10095."""
"""Ревда от истока до Новомариинского г/у""","""Водохозяйственный участок 10.01.01.004 охватывает верхнюю часть бассейна р. Ревда от истока до расчетного замыкающего створа Новомариинского г/у - т.10010. Площадь водохозяйственного участка составляет 0,63 тыс. км2. От точки замыкающего створа граница участков 10.01.01.004 и 10.01.01.005 (Чусовая от истока до г. Ревда без р. Ревда (от истока до Новомариинского г/у)) идет вначале на восток, затем на юг, огибая правую часть бассейна р. Ревда, до т.10011 - точки схождения границ водохозяйственных участков 10.01.01.004, 10.01.01.005 и 10.01.02.011 (Буй от истока до Кармановоского г/у). Далее граница участков 10.01.01.004 и 10.01.02.011 резко поворачивает на север вдоль западной части бассейна р. Ревда до т.10012, в которой сходятся границы водохозяйственных участков 10.01.01.004, 10.01.01.005 и 10.01.02.011. На небольшом расстоянии от этой точки на восток граница замыкается в расчетном створе - т.10010."""
"""Белая от в/п Арский Камень до Юмагузинского г/у""","""Водохозяйственный участок 10.01.02.002 охватывает часть бассейна р. Белая от в/п Арский Камень до расчетного замыкающего створа у Юмагузинского г/у (т.10048). Территория участка вытянута с северо-востока на юго-запад и, повторяя очертания бассейна р. Белой в рассматриваемой его части, напоминает форму сапога, носок которого указывает на северо-восток. Площадь участка составляет 7,8 тыс. км2. От точки замыкающего створа граница между водохозяйственными участками 10.01.02.002 и 10.01.02.004 (Белая без р. Нугуш до Нугушского г/у от Юмагузинского г/у до г. Салават) быстро достигает т.10049, в которой граничат три участка: 10.01.02.002, 10.01.02.004 и 10.01.02.003 (Нугуш от истока до Нугушского г/у). Продвинувшись на юго-восток до истока р. Кужа (левый приток р. Нугуш), граница направляется на северо-восток по водоразделу рр. Нугуш и Белая и в устье р. Большой Нугуш (приток р. Нугуш) приходит в т.10050, где сходятся границы участков 10.01.02.002, 10.01.02.003 и 10.01.02.007 (Белая от г. Стерлитамак до в/п с. Охлебино без р. Сим). Продолжая северо-восточное направление, граница участка достигает т.10051, где граничат три водохозяйственных участка - 10.01.02.002, 10.01.02.007 и 10.01.02.006 (Сим от истока до устья). Резко свернув на юго-восток и огибая верховья р. Инзер, граница попадает в т.10044 (точка схождения границ водохозяйственных участков 10.01.02.002, 10.01.02.006 и 10.01.02.001 (Белая от истока до в/п Арский Камень)). От т.10044 граница идет в южном направлении, пересекает р. Белая в т.10043 (ниже в/п Арский Камень) и доходит до т.10047, в которой граничат участки 10.01.02.002, 10.01.02.001 и 12.01.00.002 (Урал от Верхнеуральского г/у до Магнитогорского г/у), затем до т.12014 точки схождения границ водохозяйственных участков 10.01.02.002, 12.01.00.002 и 12.01.00.003 (Урал от Магнитогорского г/у Ириклинского г/у). Далее на юго-запад граница простирается до т.323 (водораздел в верховьях р. Сакмара; где сходятся границы участков 10.01.02.002, 12.01.00.003 и 12.01.00.006 (Сакмара без р. Большой Ик), продолжается в том же направлении до т.324 и поворачивает на северо-запад, отклоняясь в противоположную сторону в верховьях р. Мал. Ик и проходя т.12012 - точку схождения границ водохозяйственных участков 10.01.02.002, 12.01.00.005 (Большой Ик) и 12.01.00.006. Повторяя очертания водораздела этой реки, граница достигает т.10052, где начинается соседство с водохозяйственным участком 10.01.02.004, и, огибая бассейн р. Иртюбяк (левый приток р. Белая), замыкается в расчетном створе р. Белой в т.1004."""
"""Кама от Воткинского г/у до Нижнекамского г/у без рр.Буй (от истока до Кармановского г/у), Иж, Ик и Белая""","""Водохозяйственный участок 10.01.01.014 включает часть бассейна р. Камы между Воткинским и Нижнекамским гидроузлами с расчетным замыкающим створом в т.10041. Площадь водохозяйственного участка составляет 16,2 тыс. км2. От точки замыкающего створа граница участков 10.01.01.014 и 10.01.01.015 (Кама от Нижнекамского г/у до устья без р. Вятка) следует на северо-восток по водоразделу Нижнекамского в-ща и р. Тойма до т.10033 - точки схождения границ водохозяйственных участков 10.01.01.012 (Иж), 10.01.01.014 и 10.01.02.015, после которой резко уходит на юго-восток, пересекает долину в устье р. Иж (т.10032) и, огибая верховья бассейнов рр. Бима и Кырыкмас, направляется на север по водоразделу бассейнов рр. Кама и Иж до т.332 в верховьях р. Иж, в которой сходятся границы водохозяйственных участков 10.01.01.012, 10.01.01.014. и 10.01.03.001 (Чепца). Далее граница участков 10.01.01.014 и 10.01.03.001 простирается на северо-восток, делает петлю вокруг истока р. Ита, пересекает в т.333 границу Пермского края и Удмуртской Республики и в северном направлении достигает т.10027, где сходятся границы водохозяйственных участков 10.01.01.010 (Кама от Камского г/у до Воткинского г/у), 10.01.01.014 и 10.01.03.001. От этой точки граница участков 10.01.01.014 и 10.01.01.010 направляется на юго-восток, далее огибает верховья бассейна р. Сиваи, поворачивает на юго-запад и идет по водоразделу Воткинского водохранилища и бассейна р. Сива до верхнего расчетного створа участка в т.10026 - Воткинский г/у. Затем граница делает большую восточную петлю вокруг бассейна р. Пизь, проходя у истока р. Бол.Уса т.10029 - точку схождения границ водохозяйственных участков 10.01.01.010, 10.01.01.011 (Буй от истока до Кармановоского г/у) и 10.01.01.014, направляется на юго-запад и плавно поворачивает на юг и далее на юго-восток. После пересечения р. Буй у Кармановского г/у в т.10030, граница участков 10.01.01.014 и 10.01.01.011 проходит т.10031, в которой сходятся границы водохозяйственных участков 10.01.01.011, 10.01.01.014 и 10.01.02.016 (Белая от г. Бирск до устья). По водоразделу бассейнов рр. Быстрый Танып и Буй граница участка в юго-западном направлении пересекает Нижнекамское водохранилище в месте впадения в него р. Белая (т.331) и далее достигает т.10037 - точки схождения границ водохозяйственных участков 10.01.01.013 (Ик), 10.01.01.014 и 10.01.02.016. Здесь граница резко поворачивает на север, вновь пересекает Нижнекамское водохранилище в месте впадения р. Ик (т.10036) и большой петлей огибает бассейн р. Мензеля, у истока которой проходит точку схождения границ водохозяйственных участков 10.01.01.013, 10.01.01.014 и 10.01.01.015 (т.10040). Затем граница участка 10.01.01.014 с участком 10.01.01.015 идет на север по водоразделу рр. Зай и Мензеля к замыкающему створу (т.10041) у г. Набережные Челны."""
"""Вятка от истока до г.Киров без р.Чепца""","""Водохозяйственный участок 10.01.03.002 включает бассейн р. Вятка от истока и замыкается в расчетном створе на р. Вятка ниже г. Киров в т.10095. Участок имеет сложную конфигурацию, располагаясь в основном к северо-востоку от г. Киров, и занимает площадь 27,9 тыс. км2. От т.10095 граница участка уходит к северо-востоку, оставляя слева территорию участка 10.01.03.003 (Вятка от г. Киров до г. Котельнич). Обогнув верховья р. Медянка (правого притока р. Вятка), граница продолжается к северо-западу по водоразделу рек Летка и Великая (правых притоков р. Вятка) до т.10096, где пересекает административную границу между Кировской областью и Республикой Коми. Сохраняя направление, граница достигает т.10097, расположенной в верховьях р. Волосница, где сходятся границы водохозяйственных участков 10.01.03.002, 10.01.03.003 и 03.02.01.002 (бассейн Северной Двины). Повернув на север, граница участка пересекает ту же административную границу в т.96 и далее простирается на северо-восток по территории Респ. Коми, огибает верховья р. Кобра (правого притока р. Вятка) и на этом изгибе проходит через т.95 (схождение разнонаправленных участков границы с водохозяйственным участком 03.02.01.002 в верховьях р. Кобра) и т.94 (схождение границ водохозяйственных участков 03.02.01.002, 03.02.02.001 и 10.01.03.002). Извиваясь к востоку вдоль бассейна р. Кобра, граница участка трижды (первое пересечение в т.93) пересекает административную границу между Республикой Коми и Кировской областью, и достигает т.92, находящейся между истоками рр. Пашняк, Сева и Бол. Созим. В т.92 пересекаются границы водохозяйственных участков 10.01.03.002, 03.02.02.001 и 10.01.01.001 (Кама от истока до в/п с. Бондюг). От т.92 граница уходит к югу, выклиниваясь в верховьях р. Нырмыч (левый приток р. Кама), поворачивает на восток, огибает с востока бассейн р. Вятка и, практически повторяя очертания русла Вятки, простирается на юг до ее верховьев до т.335. В этой точке пересекаются границы Пермского края и Удмуртской Республики, а также сходятся границы водохозяйственных участков 10.01.03.002, 10.01.01.001, 10.01.03.001 (Чепца). Продолжаясь от т.335, по водоразделу р. Чепца в направлении с юго-запада на северо-восток, граница участка в т.10090 пересекает административную границу между Удмуртией и Кировской областью и далее следует в том же направлении до устья р. Чепца (т.10089). После пересечения точки 10089, граница делает существенную петлю к юго-востоку, огибая бассейн р. Просница (левого притока р. Вятка). В верховьях р. Просница находится т.10094, где сходятся границы водохозяйственных участков 10.01.03.002, 10.01.03.001 и 10.01.03.003. Затем граница водохозяйственного участка 10.01.03.002 поднимается к северо-западу, огибает территорию города Киров с запада и достигает замыкающего створа в т.10095."""
"""Буй от истока до Кармановоского г/у""","""Водохозяйственный участок 10.01.01.012 включает верхнюю часть бассейна р. Буй - притока Нижнекамского в-ща до расчетного замыкающего створа у Кармановского г/у - т.10030. Площадь водохозяйственного участка составляет 3,8 тыс. км2. От точки замыкающего створа граница участков 10.01.01.011 и 10.01.01.014 (Кама от Воткинского г/у до Нижнекамского г/у без рр. Буй (от истока до Кармановского г/у), Иж, Ик и Белая) идет на север по водоразделу рр. Пизь и Ошья, затем плавно поворачивает на северо-восток, огибая истоки правых притоков р. Буй, и у истока р. Ирмиза проходит т.10029 - точку схождения границ водохозяйственных участков 10.01.01.010 (Кама от Камского г/у до Воткинского г/у), 10.01.01.011 и 10.01.01.014. От этой точки граница участков 10.01.01.011 и 10.01.01.010 идет на юго-восток до истоков р. Буй, где в т.1028 сходятся границы водохозяйственных участков 10.01.01.010, 10.01.01.011 и 10.01.02.016 (Белая от г. Бирск до устья), затем в т.338 пересекает границу между Пермским краем и Республикой Башкортостан и плавно поворачивает сначала на юг, затем на юго-запад по водоразделу бассейнов рр. Буй и Быстрый Танып приходит в т.10031 - точку схождения границ водохозяйственных участков 10.01.01.011, 10.01.01.014 и 10.01.02.016. Отсюда, направляясь строго на северо-запад, граница замыкается в расчетном створе Кармановского г/у - т.10030."""
"""Кама от Камского г/у до Воткинского г/у""","""Водохозяйственный участок 10.01.01.010 включает часть бассейна р. Камы между двумя гидроузлами - Камским и Воткинским с замыкающим створом у Воткинского г/у в т.10026. Площадь водохозяйственного участка составляет 14,3 тыс. км2. От точки замыкающего створа граница участков 10.01.01.010 и 10.01.01.014 (Кама от Воткинского г/у до Нижнекамского г/у без рр. Буй (от истока до Кармановского г/у), Иж, Ик и Белая) идет на север по водоразделу Воткинского в-ща и бассейна р. Сива и, огибая верховья бассейна р. Сива, в северо-западном направлении достигает т.10027 - точки схождения границ водохозяйственных участков 10.01.01.010, 10.01.01.014 и 10.01.03.001 (Чепца). Немного севернее этой точки вновь сходятся границы трех водохозяйственных участков в т.10025 - участки 10.01.01.009 (Кама от г. Березники до Камского г/у без р. Косьва (от истока до Широковского г/у), Чусовая и Сылва), 10.01.01.010 и 10.01.03.001. От этой точки граница участков 10.01.01.010 и 10.01.01.009 следует на северо-восток по водоразделу бассейна р. Лысьва и Воткинского в-ща, затем у излучины Камского в-ща круто поворачивает на юг, пересекает Каму в створе Камского г/у в т.10024 и далее достигает т.10023 - точки схождения границ водохозяйственных участков 10.01.01.008 (Сылва), 10.01.01.009 и 10.01.01.010. Далее граница участков 10.01.01.010 и 10.01.01.008 следует вначале на запад вдоль р. Юг, затем огибает верховья р. Бырма, поворачивает на юг по водоразделу Воткинского в-ща и западной части бассейна р. Ирень до т.10022 у истока р. Бол.Тарт. В этой точке сходятся границы водохозяйственных участков 10.01.01.008, 10.01.01.010 и 10.01.02.011 (Уфа от Нязепетровского г/у до Павловского г/у без р. Ай), а к западу от нее в рядом расположенной т.10081 - границы водохозяйственных участков 10.01.01.010, 10.01.02.011 и 10.01.02.016 (Белая от г. Бирск до устья). Далее граница участков 10.01.01.010 и 10.01.02.016 следует в юго-западном направлении до т.10028, где сходятся границы водохозяйственных участков 10.01.01.010, 10.01.01.011 и 10.01.02.016, затем граница отклоняется на северо-запад, проходя по водоразделу рр. Буй и Тулва до т.10029 - точки схождения границ водохозяйственных участков 10.01.01.010, 10.01.01.011 и 10.01.01.014, после которой, огибая верхнюю часть бассейна р. Пизь, граница замыкается в расчетном створе - т.10026."""
"""Белая от истока до в/п Арский Камень""","""Водохозяйственный участок 10.01.02.001 включает небольшую территорию бассейна р. Белая от истока до замыкающего створа в т.10043 (ниже в/п Арский Камень). Площадь водохозяйственного участка составляет 2,3 тыс. км2. От т.10043 граница между водохозяйственными участками 10.01.02.001 и 10.01.02.002 (Белая от в/п Арский Камень до Юмагузинского г/у) направляется к северу между соседними правыми притоками р. Белой, устья которых разделены точкой 10043. К востоку от верховьев р. Нура в т.10044 встречаются границы участков 10.01.02.001, 10.01.02.002 и 10.01.02.006 (Сим). Повернув от этой точки на север, граница достигает т.10045, в которой сходятся границы водохозяйственных участков 10.01.02.001, 10.01.02.006 и 10.01.02.011 (Уфа от Нязепетровского г/у до Павловского г/у без р. Ай). Простираясь далее вдоль русла р. Юрюзань (в ее верхнем течении), граница участка пересекает административную границу Республики Башкортостан с Челябинской областью и, поворачивая на восток, возвращается на территорию Республики Башкортостан в т.10046, где сходятся границы водохозяйственных участков 10.01.02.001, 10.01.02.011 и 12.01.00.001 (Урал от истока до Верхнеуральского г/у). От этой точки граница следует на юг, через т.322 (водораздел в верховьях р. Белая) приходит в т.12021 - точку схождения границ водохозяйственных участков 10.01.02.001, 12.01.00.001 и 12.01.00.002 (Урал от Верхнеуральского г/у до Магнитогорского г/у), затем в т.10047 - точку схождения границ водохозяйственных участков 10.01.02.001, 10.01.02.002 и 12.01.00.002, и, повернув на запад, возвращается к замыкающему створу - т.10043."""
"""Белая от в/п с. Охлебино до г. Уфа без рр.Уфа (от истока до пгт. Шакша) и Дема (от истока до в/п д. Бочкарева)""","""Водохозяйственный участок 10.01.02.014 включает часть бассейна р. Белая и полностью бассейн ее крупнейшего притока на этом участке - р. Уршак - с замыкающим створом на р. Белая ниже г. Уфа в т.10087. Площадь водохозяйственного участка составляет 5,5 тыс. км2. От точки замыкающего створа граница участков 10.01.02.014 и 10.01.02.015 (Белая от г. Уфа до г. Бирск) следует на северо-восток до т.10083, где сходятся границы водохозяйственных участков 10.01.02.012 (Уфа от Павловского г/у до в/п пгт. Шакша), 10.01.02.014 и 10.01.02.015. Затем граница резко поворачивает на юго-восток и через т.10082 - точку пересечения р. Уфа границы с водохозяйственным участком 10.01.02.012 у в/п пгт. Шакша - по водоразделу небольших р. Юрмаш и Таушка достигает т.10062, в которой пересекаются границы водохозяйственных участков 10.01.02.006 (Сим), 10.01.02.012 и 10.01.02.014. Далее граница участков 10.01.02.014 и 10.01.02.006 поворачивает на юго-запад до т.10061 - точки впадения р. Сим в р. Белая вблизи точки схождения границ водохозяйственных участков 10.01.02.006, 10.01.02.007 (Белая от г. Стерлитамак до в/п с. Охлебино без р. Сим) и 10.01.02.014. От этой точки граница участков 10.01.02.014 и 10.01.02.007 в южном направлении идет по водоразделу р. Белая и ее притока р. Уршак до двух рядом расположенных точек в верховьях бассейна р. Уршак - тт.10060 и 10059. Первая из них обозначает место схождения границ водохозяйственных участков 10.01.02.005 (Белая от г. Салават до г. Стерлитамак), 10.01.02.007 и 10.01.02.014, вторая - место схождения границ водохозяйственных участков 10.01.02.005, 10.01.02.013 (Дема от истока до в/п д. Бочкарева) и 10.01.02.014. От точки 10059 граница участков 10.01.02.014 и 10.01.02.013 идет на север вдоль водораздела р. Уршак, отделяя ее бассейн от бассейна р. Дема, с которой граница пересекается в т.10085. От т.10086 - точки схождения границ водохозяйственных участков 10.01.01.013, 10.01.02.014 и 10.01.02.015 - граница участка 10.01.02.014 отклоняется на восток и приходит к замыкающему створу (т.10087)."""
"""Белая от г. Бирск до устья""","""Водохозяйственный участок 10.01.02.016 включает нижнюю часть бассейна р. Белая с замыкающим устьевым створом при впадении р. Белой в Нижнекамское в-ще в т.331. Площадь водохозяйственного участка составляет 21,0 тыс. км2. От точки замыкающего створа граница участков 10.01.02.016 и 10.01.02.014 (Белая от в/п с. Охлебино до г. Уфа без рр. Уфа (от истока до пгт. Шакша) и Дема (от истока до в/п д. Бочкарева)) простирается в северо-восточном направлении по водоразделу бассейнов рр. Быстрый Танып и Буй до т.10031 - точки схождения границ водохозяйственных участков 10.01.01.011 (Буй от истока до Кармановоского г/у), 10.01.01.014 и 10.01.02.016. После этой точки граница участков 10.01.02.016 и 10.01.01.011 сохраняет северо-восточное направление, огибая верхнюю часть бассейна р. Гарейка, у истока р. Арей поворачивает на север, в т.338 пересекает административную границу между Пермским краем и Республикой Башкортостан и вблизи истока р. Буй приходит в т.10028, в которой сходятся границы водохозяйственных участков 10.01.01.010 (Кама от Камского г/у до Воткинского г/у), 10.01.01.011 и 10.01.02.016. Далее граница участков 10.01.02.016 и 10.01.01.010 уходит на северо-восток и делает большую петлю вокруг верхней части бассейна р. Быстрый Танып, поворачивая на юго-восток в т.10081 - точке схождения границ водохозяйственных участков 10.01.01.010, 10.01.02.011 (Уфа от Нязепетровского г/у до Павловского г/у без р. Ай) и 10.01.02.016. Юго-восточное направление границы участка плавно сменяется южным, и на водоразделе рр. Уфа и Быстрый Танып в т.10080 пересекается административная граница между Республикой Башкортостан и Пермским краем. Длинный и ровный отрезок границы участков 10.01.02.016 и 10.01.02.011 в южном направлении заканчивается в верховьях р. Бирь в т.10079 - точке схождения границ водохозяйственных участков 10.01.02.011, 10.01.02.012 (Уфа от Павловского г/у до в/п пгт. Шакша) и 10.01.02.016. Далее граница участков 10.01.02.016 и 10.01.02.015, пройдя через точку 10084, в которой сходятся границы водохозяйственных участков 10.01.02.012, 10.01.02.015 (Белая от г. Уфа до г. Бирск) и 10.01.02.016, идет уже на северо-запад и в т.10088 у г. Бирск пересекает р. Белую, затем резко поворачивает на юго-запад и вдоль бассейна р. Чермасан идет к верховьям р. Сюнь до т.10038 - точки схождения границ водохозяйственных участков 10.01.01.013 (Ик), 10.01.02.015 и 10.01.02.016. Отсюда граница участков 10.01.02.016 и 10.01.01.013 плавно поворачивает на северо-запад по водоразделу бассейнов рр. Сюнь и Ик, в т.340 пересекает границу между Республиками Башкортостан и Татарстан, затем постепенно уходит на северо-восток вдоль бассейна р. Сюнь через точку 10037, в которой сходятся границы водохозяйственных участков 10.01.01.013, 10.01.01.014 и 10.01.02.016, и приходит к замыкающему створу - т.331."""
"""Кама от в/п с. Бондюг до г. Березники""","""Водохозяйственный участок 10.01.01.002 охватывает верхнюю часть бассейна р. Кама до расчетного замыкающего створа у г. Березники - т.10005. Площадь водохозяйственного участка составляет 38,1 км2. От точки замыкающего створа граница участков 10.01.01.002 и 10.01.01.009 (Кама от г. Березники до Камского г/у без р. Косьва (от истока до Широковского г/у), Чусовая и Сылва) направляется на северо-запад по водоразделу бассейнов рр. Кондас и Кама с притоком Лысьва. У истоков рр. Лысьва и Сырья граница поворачивает на юго-запад и у истока р. Уролка приходит в т.10002 - точку схождения границ водохозяйственных участков 10.01.01.001 (Кама от истока до в/п с. Бондюг), 10.01.01.002 и 10.01.01.009. Затем граница участков 10.01.01.002 и 10.01.01.001 поворачивает на север до створа на р. Кама у с. Бондюг и далее, сохраняя северное направление доходит до т.10004, в которой сходятся границы участков 03.02.02.001 (Вычегда от истока до г. Сыктывкар), 10.01.01.001 и 10.01.01.002. Это направление границы участков сохраняется при разделении бассейнов рр. Березовка и Кукью, Нем через т.89 на границе Республики Коми и Пермской области до т.88 - точки схождения границ водохозяйственных участков 03.02.02, 03.05.01 и 10.01.01.002. Далее граница резко поворачивает на восток и затем на юг, огибая верховья р. Березовка до т.149 - точки пересечения границы Республики Коми и Пермского края. После плавного поворота границы на восток через т.148 на водоразделе бассейнов рек Колва и Печора граница приходит в т.147 - точку схождения границ водохозяйственных участков 03.05.01.001 (Печора от истока до в/п п. Шердино), 14.01.05.025 (Тавда от стока до устья без р. Сосьва (от истока до в/п д. Морозково) и 10.01.01.001 вблизи точки схождения границ Респ. Коми, Свердловской обл. и Пермского края. От этой точки граница участка идет на юг через пересечение границы между Свердловской обл. и Пермским краем в т.313 на границе с водохозяйственным участком 14.01.05.025 и далее до т.14077 - точки схождения границ водохозяйственных участков 14.01.05.024 (Сосьва от истока до в/п д. Морозково), 14.01.05.025 и 10.01.01.002 вблизи точки схождения границ Респ. Коми, Свердловской обл. и Пермского края. В этом же направлении граница доходит до т.10006 - точки схождения границ водохозяйственных участков 10.01.01.002, 10.01.01.003 (Косьва от истока до Широковского г/у) и 14.01.05.025. Здесь граница участков 10.01.01.002 и 10.01.01.003 поворачивает на запад, проходя т.10007, в которой сходятся границы водохозяйственных участков 10.01.01.002, 10.01.01.003 и 10.01.01.009, затем по направлению вдоль водораздела рр. Яйва, Ик и Зырянка, Глухая Вильва приходит в замыкающий створ - т.10005."""
"""Чусовая от истока до г. Ревда без р.Ревда (от истока до Новомариинского г/у)""","""Водохозяйственный участок 10.01.01.005 охватывает верхнюю часть бассейна р. Чусовая от истока до расчетного замыкающего створа у г. Ревда - т.10013. Площадь водохозяйственного участка составляет 2,0 тыс. км2. От точки замыкающего створа граница участков 10.01.01.005 и 10.01.01.006 (Чусовая от г. Ревда до в/п пгт. Кын) в восточном направлении через небольшое расстояние приходит в т.10014 - точку схождения границ водохозяйственных участков 10.01.01.005, 10.01.01.006 и 14.01.05.005 (Исеть от истока до г. Екатеринбург), от которой граница участков 10.01.01.005 и 14.01.05.005 направляется на юго-восток, пересекая р. Исеть и, оставляя к западу Свердловское Море, затем плавно поворачивает на юг до т.14022 - точки схождения границ водохозяйственных участков 10.01.01.005, 14.01.05.005 и 14.01.05.006 (Исеть от г. Екатеринбург до впадения р. Теча). Далее граница проходит т.14027, в которой сходятся границы водохозяйственных участков 10.01.01.005, 14.01.05.006 и 14.01.05.007 (Теча), затем т.317 у истока р. Чусовая, где сходятся границы участков 10.01.01.005, 14.01.05.007 и 10.01.02.009 (Уфа от Долгобродского г/у до Нязепетровского г/у). На этом участке граница дважды пересекает административную границу Свердловской и Челябинской областей. По направлению на запад граница участков 10.01.01.005 и 10.01.02.009 достигает у истока р. Уфалейки т.10072, в которой сходятся границы водохозяйственных участков 10.01.01.004, 10.01.01.005 и 10.01.02.011 (Уфа от Нязепетровского г/у до Павловского г/у без р. Ай), и далее к северо-востоку - т.10011 - точки схождения границ водохозяйственных участков 10.01.01.004 (Ревда от истока до Новомариинского г/у), 10.01.01.005 и 10.01.02.011. По водоразделу рр. Чусовая и Ревда граница идет на север до т.10010 в створе Новомариинского г/у, к западу от которой граница участка проходит через две рядом расположенные точки: т.10012 - точка схождения границ водохозяйственных участков 10.01.01.004, 10.01.01.005 и 10.01.02.011 и к северо-западу от нее - т.10015 - точка схождения границ водохозяйственных участков 10.01.01.005, 10.01.01.006 и 10.01.02.011. Далее, повернув на северо-восток, граница участка приходит к замыкающему створу - т.10013."""
"""Вятка от г. Вятские Поляны до устья""","""Водохозяйственный участок 10.01.03.006 включает часть бассейна р. Вятка от г. Вятские Поляны (т.10100) и замыкается в расчетном створе в месте впадения р. Вятка в р. Кама (т.312). Площадь этого водохозяйственного участка небольшая и составляет 5,0 тыс. км2. От точки замыкающего створа граница между водохозяйственными участками 10.01.03.006 и 11.01.00.003 (Камский участок Куйбышевского в-ща от устья р. Кама до пгт. Камское устье без р. Шешма и Волга) уходит к северо-западу, огибая истоки рек бассейна нижней Вятки (рр. Ошма и Шия). Повернув к северу, граница участка приходит в т.10103, где пересекаются границы водохозяйственных участков 10.01.03.006, 11.01.00.003 и 10.01.03.005 (Вятка от в/п пгт. Аркуль до г. Вятские Поляны). Далее по прямой к северо-востоку граница пересекает административную границу между Республикой Татарстан и Кировской областью и приходит в т.10102 на р. Вятка у г. Вятские Поляны. Не меняя направления, граница участка пересекает еще одну административную границу между Кировской областью и Удмуртской Республикой, в верховьях р. Пыжманка (левый приток р. Вятка) отклоняется к востоку и у истока р. Люга (левый приток р. Вятка) уходит на юго-восток в т.10042, где сходятся границы водохозяйственных участков 10.01.03.006, 10.01.03.005 и 10.01.01.012 (Иж). От т.10042 граница, практически по прямой линии, пересекает в т.341 административную границу между Удмуртской Республикой и Республикой Татарстан и достигает замыкающего расчетного створа в устье р. Вятка в т.312."""
"""Белая от в/п с. Охлебино до г. Уфа без рр.Уфа (от истока до пгт. Шакша) и Дема (от истока до в/п д. Бочкарева)""","""Водохозяйственный участок 10.01.02.014 включает часть бассейна р. Белая и полностью бассейн ее крупнейшего притока на этом участке - р. Уршак - с замыкающим створом на р. Белая ниже г. Уфа в т.10087. Площадь водохозяйственного участка составляет 5,5 тыс. км2. От точки замыкающего створа граница участков 10.01.02.014 и 10.01.02.015 (Белая от г. Уфа до г. Бирск) следует на северо-восток до т.10083, где сходятся границы водохозяйственных участков 10.01.02.012 (Уфа от Павловского г/у до в/п пгт. Шакша), 10.01.02.014 и 10.01.02.015. Затем граница резко поворачивает на юго-восток и через т.10082 - точку пересечения р. Уфа границы с водохозяйственным участком 10.01.02.012 у в/п пгт. Шакша - по водоразделу небольших р. Юрмаш и Таушка достигает т.10062, в которой пересекаются границы водохозяйственных участков 10.01.02.006 (Сим), 10.01.02.012 и 10.01.02.014. Далее граница участков 10.01.02.014 и 10.01.02.006 поворачивает на юго-запад до т.10061 - точки впадения р. Сим в р. Белая вблизи точки схождения границ водохозяйственных участков 10.01.02.006, 10.01.02.007 (Белая от г. Стерлитамак до в/п с. Охлебино без р. Сим) и 10.01.02.014. От этой точки граница участков 10.01.02.014 и 10.01.02.007 в южном направлении идет по водоразделу р. Белая и ее притока р. Уршак до двух рядом расположенных точек в верховьях бассейна р. Уршак - тт.10060 и 10059. Первая из них обозначает место схождения границ водохозяйственных участков 10.01.02.005 (Белая от г. Салават до г. Стерлитамак), 10.01.02.007 и 10.01.02.014, вторая - место схождения границ водохозяйственных участков 10.01.02.005, 10.01.02.013 (Дема от истока до в/п д. Бочкарева) и 10.01.02.014. От точки 10059 граница участков 10.01.02.014 и 10.01.02.013 идет на север вдоль водораздела р. Уршак, отделяя ее бассейн от бассейна р. Дема, с которой граница пересекается в т.10085. От т.10086 - точки схождения границ водохозяйственных участков 10.01.01.013, 10.01.02.014 и 10.01.02.015 - граница участка 10.01.02.014 отклоняется на восток и приходит к замыкающему створу (т.10087)."""
"""Уфа от истока до Долгобродского г/у""","""Водохозяйственный участок 10.01.02.008, целиком располагаясь на территории Челябинской области, включает верхнюю часть бассейна р. Уфа от устья до замыкающего расчетного створа в т.10067 у Долгобродского г/у. Площадь водохозяйственного участка составляет 1,3 тыс. км2. Направляясь от т.10067 к востоку, граница разделяет водохозяйственные участки 10.01.02.008 и 10.01.02.009 (Уфа от Долгобродского г/у до Нязепетровского г/у). У истока р. Кизил (правого притока р. Уфа) граница участка попадает в т.10068 (точка схождения границ водохозяйственных участков 10.01.02.008, 10.01.02.009 и 14.01.05.007 (Теча)). Далее граница идет к юго-западу вдоль русла р. Кизил до т.318 (водораздел в верховьях р. Теча; граница с водохозяйственным участком 14.01.00.007). Продолжаясь в том же направлении, граница участка проходит т.14033 - точку схождения границ водохозяйственных участков 10.01.02.008, 14.01.05.007 и 14.01.05.008 (Миасс от истока до Аргазинского г/у) и направляется к истоку р. Бол. Егуста (правый приток р. Уфа), затем к истоку Уфы. Повернув на запад, граница доходит до т.10069, в которой граничат участки 10.01.02.008, 14.01.05.008 и 10.01.02.010 (Ай). От этой точки граница делает петлю к северо-востоку между р. Уфа и ее левым притоком р. Азяш и, огибая бассейн р Азяш, уходит к северу от ее истока в т.10070, где встречаются границы участков 10.01.02.008, 10.01.02.010 и 10.01.02.009. От т.10070 граница, продолжая северное направление, замыкается в расчетном створе на р Уфа в т.10067."""
"""Белая от г. Салават до г. Стерлитамак""","""Водохозяйственный участок 10.01.02.005 включает часть бассейна р. Белая и полностью бассейн ее крупнейшего притока на этом участке - р. Ашкадар с замыкающим створом на р. Белая у г. Стерлитамак в т.10058. Площадь водохозяйственного участка составляет 4,3 тыс. км2. От точки замыкающего створа граница участков 10.01.02.005 и 10.01.02.007 (Белая от г. Стерлитамак до в/п с. Охлебино без р. Сим) простирается на юго-восток до верховьев р. Тор, где в т.10056 сходятся границы водохозяйственных участков 10.01.02.004 (Белая от Юмагузинского г/у до г. Салават без р. Нугуш (от истока до Нугушского г/у)), 10.01.02.005 и 10.01.02.007. Здесь граница участков 10.01.02.005 и 10.01.02.004 резко поворачивает в обратном направлении и идет до т.10055 у г. Салават, пересекает створ р. Белой и далее резко поворачивает на юг по водоразделу рр. Белая и Сухайля до т.10057 - точки схождения границ водохозяйственных участков 10.01.02.004, 10.01.02.005 и 12.01.00.006 (Сакмара без р. Большой Ик). Недалеко от этой точки на запад в т.326 происходит пересечение границы между Оренбургской обл. и Республикой Башкортостан. Огибая верховья р. Ашкадар, граница участков 10.01.02.005 и 12.01.00.006 в северо-западном направлении достигает т.327 - точки пересечения границы между Оренбургской обл. и Республикой Башкортостан вблизи точки схождения границ водохозяйственных участков 10.01.02.005, 10.01.02.013 (Дема от истока до в/п д. Бочкарева) и 12.01.00.006. Далее граница идет на север вдоль бассейна р. Ашкадар до верховьев р. Уршак, где в тт.10059 и 10060 сходятся границы водохозяйственных участков: в т.10059 - участков 10.01.02.005, 10.01.02.013 и 10.01.02.014 (Белая от в/п с. Охлебино до г. Уфа без рр. Уфа (от истока до пгт. Шакша) и Дема (от истока до в/п д. Бочкарева)), а в т.10060 - участков 10.01.02.005, 10.01.02.007 и 10.01.02.014. От последней точки граница участков 10.01.02.005 и 10.01.02.007 по водоразделу рр. Куганак и Стерля идет на восток до замыкающего створа - т.10058."""
"""Уфа от Павловского г/у до в/п пгт. Шакша""","""Водохозяйственный участок 10.01.02.012 включает нижнюю часть бассейна р. Уфа с замыкающим створом у водомерного поста пгт. Шакша в т.10082. Площадь водохозяйственного участка составляет 5,4 тыс. км2. От точки замыкающего створа граница участков 10.01.02.012 и 10.01.02.014 (Белая от в/п с. Охлебино до г. Уфа без рр. Уфа (от истока до пгт. Шакша) и Дема (от истока до в/п д. Бочкарева)) простирается в северо-западном направлении по водоразделу рр. Белая и Изяк до т.10083, в которой сходятся границы участков 10.01.02.012, 10.01.02.014 и 10.01.02.015 (Белая от г. Уфа до г. Бирск). Далее граница продолжает направление на северо-запад и у истока р. Бол.Изяк приходит в точку 10084 - точку схождения границ водохозяйственных участков 10.01.02.012, 10.01.02.015 и 10.01.02.016 (Белая от г. Бирск до устья), после которой граница поворачивает на север, и между бассейнами рр. Бирь и Уса доходит до т.10079, где сходятся границы водохозяйственных участков 10.01.02.011 (Уфа от Нязепетровского г/у до Павловского г/у без р. Ай), 10.01.02.012 и 10.01.02.016. От этой точки граница участков 10.01.02.012 и 10.01.02.011 направляется на юго-восток, пересекает створ Павловского г/у в т.10078 и огибает в северном направлении бассейн р. Яманьелга, затем плавно поворачивает на юго-восток и доходит до т.10064 - точки схождения границ водохозяйственных участков 10.01.02.006 (Сим), 10.01.02.011 и 10.01.02.012 вблизи пересечения границы между Челябинской обл. и Республикой Башкортостан. Огибая верховья р. Сим, граница участков 10.01.02.012 и 10.01.02.006 резко поворачивает на запад, затем на юго-запад по водоразделу бассейнов рр. Сим и Уфа, в т.10063 пересекает административную границу между Челябинской обл. и Республикой Башкортостан, и достигает т.10062 - точки схождения границ водохозяйственных участков 10.01.02.006, 10.01.02.012 и 10.01.02.014, после которой резко поворачивает на северо-запад и между притоками р. Уфа рр. Таушка и Юрмаш приходит в точку замыкающего створа - т.10082."""
"""Белая от г. Стерлитамак до в/п с. Охлебино без р.Сим""","""Водохозяйственный участок 10.01.02.007 включает часть бассейна р. Белой от г. Стерлитамак и замыкается в расчетном створе у в/п с. Охлебино (т.10061). Площадь водохозяйственного участка составляет 9,6 тыс. км2. В т.10061 смыкаются границы трех водохозяйственных участков: 10.01.02.007, 10.01.02.006 (Сим) и 10.01.02.014 (Белая от в/п с. Охлебино до г. Уфа без рр. Уфа (от истока до пгт. Шакша) и Дема (от истока до в/п д. Бочкарева)). От т.10061 граница направляется к юго-востоку вдоль бассейна р. Мендим (правый приток р. Белая), огибает с севера верховья р. Бол. Реват и, оставляя с юго-запада верховья рр. Зилим и Зигаза, достигает т.10051, где сходятся границы водохозяйственных участков 10.01.02.007, 10.01.02.006 и 10.01.02.002 (Белая от в/п Арский Камень до Юмагузинского г/у). От т.10051 на небольшом расстоянии по прямой к юго-западу граница приходит в т.10050 (точка схождения границ водохозяйственных участков 10.01.02.007, 10.01.02.002 и 10.01.02.003 (Нугуш от истока до Нугушского г/у)). Отсюда в направлении к западу, огибая верховья рр. Большой Нугуш и Ямаш с севера и рр. Большой Шишеняк и Зиган с юга, граница участка достигает т.10054, в которой граничат водохозяйственные участки 10.01.02.007, 10.01.02.003 и 10.01.02.004 (Белая от Юмагузинского г/у до г. Салават без р. Нугуш (от истока до Нугушского г/у)). Продолжаясь к западу по водоразделу р. Тор (правый приток р. Нугуш) и р. Селеук (приток р. Белой ниже г. Стерлитамак), граница попадает в т.10056 на стыке участков 10.01.02.007, 10.01.02.004 и 10.01.02.005 (Белая от г. Салават до г. Стерлитамак). От т.10056 граница участка уходит на север вдоль бассейна р. Селеук до т.10058, расположенной на р. Белой ниже г. Стерлитамак. Отсюда территория участка выклинивается к западу, включая в себя бассейн р. Куганак. В верховьях Куганака находится т.10060, в которой встречаются границы участков 10.01.02.007, 10.01.02.005 и 10.01.02.014 (Белая от в/п с. Охлебино до г. Уфа без рр. Уфа (от истока до пгт. Шакша) и Дема (от истока до в/п д. Бочкарева)). Обогнув бассейн р. Куганак, граница простирается на северо-восток по водоразделу р. Белой и р. Уршак и замыкается в расчетном створе на р. Белой в т.10061."""
"""Реки бассейна Баренцева моря от восточной границы бассейна р. Воронья до западной границы бассейна р. Иоканга (мыс Святой Нос)""","""Водохозяйственный участок 02.01.00.009 охватывает бассейны рек Баренцева моря от восточной границы бассейна р. Воронья до западной границы бассейна р. Иоканга (мыс Святой Нос - граница между Баренцевым и Белым морями). Участок расположен в Мурманской области, его площадь составляет 16,5 тыс. км2. От мыса Святой Нос на побережье Баренцева моря, на котором расположена т.56 граница водохозяйственного участка движется вглубь Кольского полуострова до т.2023 схождения границ водохозяйственных участков 02.01.00.009, 02.02.00.001 (Поной) и 02.01.00.002 (Реки бассейна Белого моря от мыса Святой Нос до восточной границы бассейна р. Нива без р. Поной). От этой точки граница следует на запад, обходя верховья рр. Лосинга, Пятчема, Сухая, Сахарная в бассейне р. Поной, проходит т.57 на междуречье рр. Рова и Кульйок и достигает т.2018 схождения границ водохозяйственных участков 02.01.00.007 (Воронья от истока до г/у Серебрянское 1, вкл. оз. Ловозеро), 02.01.00.009 и 02.02.00.001.Далее граница движется в северном направлении по водоразделу бассейнов рек оз. Лоаозеро,проходит т.2017 схождения границ водохозяйственных участков 02.01.00.007, 02.01.00.008 (Воронья от г/у Серебрянское 1 до устья) и 02.01.00.009, выходит на побережье Баренцева моря, примыкая к береговой линии в т.2022 на границе с водохозяйственным участком 02.01.00.008 и, следуя далее по побережью на восток, замыкается в начальной точке."""
"""Вятка от г.Киров до г.Котельнич""","""Водохозяйственный участок 10.01.03.003 включает часть бассейна р. Вятка от г. Киров и замыкается в расчетном створе у г. Котельнич (т.10098). Включая бассейны рек Моломна и Великая (правых притоков) и р. Быстрица (левого притока), участок простирается от расчетного створа к северо-северо-западу до Вологодской области (около 200 км) и к юго-востоку до устья р. Быстрица (?100км). Площадь водохозяйственного участка составляет 23,7 тыс. км2. От т.10098 граница между участками 10.01.03.003 и 10.01.03.004 (Вятка от г. Котельнич до в/п пгт. Аркуль) простирается на северо-восток до водораздела с бассейном р. Ветлуга, где попадает в т.10099. В этой точке сходятся границы трех водохозяйственных участков:10.01.03.003, 10.01.03.004 и 08.01.04.001 (Ветлуга от истока до г. Ветлуга). К северу от т.10099 по водоразделу рек Моломна и Ветлуга граница участка достигает административной границы между Кировской и Костромской областями и пересекает ее в т.289. Продолжаясь в том же направлении, граница водохозяйственного участка практически совпадает с административной границей между Кировской и Костромской областями и достигает т.288, расположенной практически на стыке трех областей: Кировской, Костромской и Вологодской. Отклонившись к северо-западу от северного направления административной границы, граница участка достигает т.98, где сходятся границы трех водохозяйственных участков: 10.01.03.003, 08.01.04.001 и 03.02.00.002 (Юг). От т.98 граница направлена к северу и по территории Вологодской области доходит до т.97, в которой пересекает административную границу с Кировской областью. Огибая исток р. Былина, граница участка поворачивает к востоку, затем к юго-востоку и достигает т.10097, в которой сходятся границы трех водохозяйственных участков:10.01.03.003, 03.02.01.002 и 10.01.03.002 (Вятка от истока до г. Киров без р. Чепца). Продолжая юго-восточное направление, граница участка пересекает в т.10096 административную границу между Кировской областью и Республикой Коми и, повторяя практически очертания этой административной границы, уходит к югу в направлении г. Киров. Здесь в т.10095 граница пересекает р. Вятка и, огибая город с запада, опять уходит к югу. Через 20 км граница поворачивает на юго-восток по водоразделу левых притоков р. Вятка рр. Просница и Быстрица, впадающих соответственно выше и ниже по течению пересечения границей р. Вятка и достигает т.10094. Эта точка объединяет водохозяйственные участки 10.01.03.003, 10.01.03.002 и 10.01.03.001 (Чепца). Недалеко к югу расположена т.10093, в которой пересекаются границы участков 10.01.03.003, 10.01.03.001 и 10.01.03.004. Направляясь к замыкающему створу, граница водохозяйственного участка от т.10093 уходит на юго-запад, в исток реки Ивкина, поворачивает на северо-запад и по южной границе бассейна р. Быстрица достигает т.10098 - замыкающего створа участка 10.01.03.003."""
"""Чусовая от г.Ревда до в/п пгт. Кын""","""Водохозяйственный участок 10.01.01.006 охватывает среднюю часть бассейна р. Чусовая до расчетного замыкающего створа у водомерного поста пгт. Кым - т.10016. Площадь водохозяйственного участка составляет 7,8 тыс. км2. От точки замыкающего створа граница участков 10.01.01.006 и 10.01.01.007 (Чусовая от в/п пгт. Кын до устья) простирается на северо-восток с плавным отклонением на север по водоразделу бассейнов рр. Серебряная и Сылвица до т.315 - точки пересечение границы между Свердловской обл. и Пермским краем вблизи точки схождения границ водохозяйственных участков 10.01.01.006, 10.01.01.007 и 14.01.05.012 (Тура от истока до впадения р. Тагил). Далее граница резко уходит на юг по водоразделу бассейнов рр. Серебряная, Межевая Утка и Баранча, Тагил и проходит через ряд точек, обозначающих схождение границ водохозяйственных участков: т.14042 - схождение границ водохозяйственных участков 10.01.01.006, 14.01.05.012 и 14.01.05.015 (Тагил от г. Нижний Тагил до устья), т.14052 - схождение границ водохозяйственных участков 10.01.01.006, 14.01.05.014 (Тагил от истока до г. Нижний Тагил без р. Черная (Исток) (от истока до Черноисточинского г/у)) и 14.01.05.015, т.14047 - схождение границ водохозяйственных участков 10.01.01.006, 14.01.05.013 (Черная (Исток) от истока до Черноисточинского г/у) и 14.01.05.014, т.14046 - схождение границ водохозяйственных участков 10.01.01.006, 14.01.05.013 и 14.01.05.014, и т.14051 - схождение границ водохозяйственных участков 10.01.01.006, 14.01.05.014 и 14.01.05.016 (Нейва от истока до Невьянского г/у). После этого ряда точек граница проходит т.316 у истока р. Ница. Следуя в южном направлении, граница проходит т.14058, в которой сходятся границы водохозяйственных участков 10.01.01.006, 14.01.05.016 и 14.01.05.020 (Пышма от истока до Белоярского г/у), далее т.14023, в которой сходятся границы водохозяйственных участков 10.01.01.006, 14.01.05.005 (Исеть от истока до г. Екатеринбург) и 14.01.05.020, и заканчивается в т.10014 - точке схождения границ водохозяйственных участков 10.01.01.005 (Чусовая от истока до г. Ревда без р. Ревда (от истока до Новомариинского г/у)), 10.01.01.006 и 14.01.05.005. Отсюда граница идет на юго-запад южнее г. Первоуральск через т.10013, в которой пересекает р. Ревду, до т.10015, где сходятся участки 10.01.01.006, 10.01.01.005 и 10.01.02.011 (Уфа от Нязепетровского г/у до Павловского г/у без р. Ай). Затем граница участков 10.01.02.011 и 10.01.01.006 направляется на северо- запад до т.336 - точки схождения границ участков 10.01.01.006, 10.01.02.011 и 10.01.01.008 (Сылва), после которой у истоков рр. Бол. Бизь и Барда приходит в т.10017, где сходятся границы участков 10.01.01.008 (Сылва), 10.01.01.007 и 10.01.01.006. Далее граница поворачивает на восток к замыкающему створу - т.10016."""
"""Кама от г. Березники до Камского г/у без р.Косьва (от истока до Широковского г/у), Чусовая и Сылва""","""Водохозяйственный участок 10.01.01.009 включает Камское водохранилище и часть бокового бассейна этого водохранилища с замыкающим створом у Камского г/у в т.10024. Площадь водохозяйственного участка составляет 35,3 тыс. км2. От точки замыкающего створа граница участков 10.01.01.009 и 10.01.01.010 (Кама от Камского г/у до Воткинского г/у) направляется сначала на север, затем поворачивает на запад, огибая истоки многочисленных правых притоков р. Кама, доходит до т.10025, в которой сходятся границы водохозяйственных участков 10.01.01.009, 10.01.01.010 и 10.01.03.001 (Чепца). После этого граница поворачивает на север и у истока Камы приходит в т.334 - точку пересечения границы Пермского края и Удмуртской Республики и точку схождения границ водохозяйственных участков 10.01.01.001 (Кама от истока до в/п с. Бондюг), 10.01.01.009 и 10.01.03.001. Далее граница участков 10.01.01.009 и 10.01.01.001 продолжается в северном направлении к истоку р. Кува, где в т.10003 пересекает границу между Кировской обл. и Пермским краем и поворачивает на северо-восток по водоразделу бассейнов рр. Лопва и Кондас. В следующей точке границы - т.10002 - сходятся границы водохозяйственных участков 10.01.01.001, 10.01.01.002 (Кама от в/п с. Бондюг до г. Березники) и 10.01.01.009. От этой точки граница участков 10.01.01.009 и 10.01.01.002 огибает верховья бассейна р. Кондас и направляется на юго-восток до т.10005 - верхний створ участка на Камском водохранилище ниже г. Березники. Далее граница идет на северо-восток между бассейном р. Яйва и притоками верхнего участка бассейна р. Вишера до т.10007 - точки схождения границ водохозяйственных участков 10.01.01.002, 10.01.01.003 (Косьва от истока до Широковского г/у) и 10.01.01.009, после которой поворачивает на юг по водоразделу бассейнов рр. Яйва и Косьва. Затем граница проходит через т.10009, где пересекается граница между Свердловской обл. и Пермским краем и через т.10008 - точку пересечения р. Косьвы у Широковского г/у и достигает т.10019 - точки схождения границ водохозяйственных участков 10.01.01.003, 10.01.01.007 (Чусовая от в/п пгт. Кын до устья) и 10.01.01.009. Отсюда граница участков 10.01.01.009 и 10.01.01.007 следует на юго-запад по водоразделу рр. Косьва и Усьва, плавно поворачивает на юг и, огибая истоки правых притоков р. Чусовой, приходит к точке 10018 - створу пересечения границей р. Чусовой. Далее граница делает резкую петлю вокруг истока р. Кутамыш и приходит в т.10020, в которой сходятся водохозяйственные участки 10.01.01.007, 10.01.01.009 и 10.01.01.008 (Сылва). От этой точки граница участков 10.01.01.009 и 10.01.01.008 следует на юго-запад и затем на запад, проходит точку впадения р. Сылва в Камское в-ще (т.10021) и доходит до т.10023 - точки схождения границ водохозяйственных участков 10.01.01.008, 10.01.01.009 и 10.01.01.010, после которой граница резко поворачивает на север и замыкается в расчетном створе - т.10024 в г. Перми."""
"""Кама от Воткинского г/у до Нижнекамского г/у без рр.Буй (от истока до Кармановского г/у), Иж, Ик и Белая""","""Водохозяйственный участок 10.01.01.014 включает часть бассейна р. Камы между Воткинским и Нижнекамским гидроузлами с расчетным замыкающим створом в т.10041. Площадь водохозяйственного участка составляет 16,2 тыс. км2. От точки замыкающего створа граница участков 10.01.01.014 и 10.01.01.015 (Кама от Нижнекамского г/у до устья без р. Вятка) следует на северо-восток по водоразделу Нижнекамского в-ща и р. Тойма до т.10033 - точки схождения границ водохозяйственных участков 10.01.01.012 (Иж), 10.01.01.014 и 10.01.02.015, после которой резко уходит на юго-восток, пересекает долину в устье р. Иж (т.10032) и, огибая верховья бассейнов рр. Бима и Кырыкмас, направляется на север по водоразделу бассейнов рр. Кама и Иж до т.332 в верховьях р. Иж, в которой сходятся границы водохозяйственных участков 10.01.01.012, 10.01.01.014. и 10.01.03.001 (Чепца). Далее граница участков 10.01.01.014 и 10.01.03.001 простирается на северо-восток, делает петлю вокруг истока р. Ита, пересекает в т.333 границу Пермского края и Удмуртской Республики и в северном направлении достигает т.10027, где сходятся границы водохозяйственных участков 10.01.01.010 (Кама от Камского г/у до Воткинского г/у), 10.01.01.014 и 10.01.03.001. От этой точки граница участков 10.01.01.014 и 10.01.01.010 направляется на юго-восток, далее огибает верховья бассейна р. Сиваи, поворачивает на юго-запад и идет по водоразделу Воткинского водохранилища и бассейна р. Сива до верхнего расчетного створа участка в т.10026 - Воткинский г/у. Затем граница делает большую восточную петлю вокруг бассейна р. Пизь, проходя у истока р. Бол.Уса т.10029 - точку схождения границ водохозяйственных участков 10.01.01.010, 10.01.01.011 (Буй от истока до Кармановоского г/у) и 10.01.01.014, направляется на юго-запад и плавно поворачивает на юг и далее на юго-восток. После пересечения р. Буй у Кармановского г/у в т.10030, граница участков 10.01.01.014 и 10.01.01.011 проходит т.10031, в которой сходятся границы водохозяйственных участков 10.01.01.011, 10.01.01.014 и 10.01.02.016 (Белая от г. Бирск до устья). По водоразделу бассейнов рр. Быстрый Танып и Буй граница участка в юго-западном направлении пересекает Нижнекамское водохранилище в месте впадения в него р. Белая (т.331) и далее достигает т.10037 - точки схождения границ водохозяйственных участков 10.01.01.013 (Ик), 10.01.01.014 и 10.01.02.016. Здесь граница резко поворачивает на север, вновь пересекает Нижнекамское водохранилище в месте впадения р. Ик (т.10036) и большой петлей огибает бассейн р. Мензеля, у истока которой проходит точку схождения границ водохозяйственных участков 10.01.01.013, 10.01.01.014 и 10.01.01.015 (т.10040). Затем граница участка 10.01.01.014 с участком 10.01.01.015 идет на север по водоразделу рр. Зай и Мензеля к замыкающему створу (т.10041) у г. Набережные Челны."""
Ик,"""Водохозяйственный участок 10.01.01.013 включает бассейн р. Ик - притока Нижнекамского в-ща до расчетного замыкающего створа в устье реки - т.10036. Площадь водохозяйственного участка составляет 18,0 тыс. км2. От точки замыкающего створа граница участков 10.01.01.013 и 10.01.01.014 (Кама от Воткинского г/у до Нижнекамского г/у без рр. Буй (от истока до Кармановского г/у), Иж, Ик и Белая), направляясь на юг, сравнительно быстро приходит в т.10037 - точку схождения границ водохозяйственных участков 10.01.01.013, 10.01.01.014 и 10.01.02.016 (Белая от г. Бирск до устья), после которой принимает юго-западное направление и идет по водоразделу бассейнов рр. Ик и Сюнь в т.340, где пересекает административную границу между Республиками Башкортостан и Татарстан. Затем граница участка, огибая бассейн р. Усень, уходит сначала на восток до т.10038, где сходятся границы водохозяйственных участков 10.01.01.013, 10.01.02.015 (Белая от г. Уфа до г. Бирск) и 10.01.02.016, затем вновь поворачивая на юг и, разделяя бассейны рр. Черемсан и Усень, достигает т.10039 - точки схождения границ водохозяйственных участков 10.01.01.013, 10.01.02.013 (Дема от истока до в/п д. Бочкарева) и 10.01.02.015 вблизи оз. Аспикуль. Далее граница участков 10.01.01.013 и 10.01.02.013 простирается на юг и плавно поворачивает на юго-запад, огибая верховья бассейна р. Ик и пересекая в т.339 границу между Оренбургской обл. и Республикой Башкортостан. В т.329 граница приходит к месту схождения водохозяйственных участков 10.01.01.013, 10.01.02.013 и 11.01.00.008 (Бол.Кинель без р. Кутулук от истока до Кутулукского г/у). От этой точки граница участка идет на северо-запад и у истока р. Кандыз приходит в т.11020 - точку схождения границ водохозяйственных участков 10.01.01.013, 11.01.00.006 (Сок) и 11.01.00.008, а далее на северо-запад - в т.10019 - точку схождения границ водохозяйственных участков 10.01.01.013, 11.01.00.002 (Шешма) и 11.01.00.006. К северу от нее рядом расположенная т.330 является точкой пересечения границ Республики Татарстан, Оренбургской и Самарской обл., а также точкой схождения границ водохозяйственных участков 10.01.01.013, 10.01.01.015 (Кама от Нижнекамского г/у до устья без р. Вятка) и 11.01.00.002. Отсюда граница участков 10.01.01.013 и 10.01.01.015, огибая в восточном направлении верховья р. Зай, поворачивает на север и по водоразделу рр. Ик и Зай достигает т.10040, в которой сходятся границы водохозяйственных участков 10.01.01.013, 10.01.01.014 и 10.01.01.015. Далее граница, плавно поворачивая на северо-восток по водоразделу рр. Ик и Мензеля, приходит к замыкающему створу - т.10036."""
"""Чусовая от г.Ревда до в/п пгт. Кын""","""Водохозяйственный участок 10.01.01.006 охватывает среднюю часть бассейна р. Чусовая до расчетного замыкающего створа у водомерного поста пгт. Кым - т.10016. Площадь водохозяйственного участка составляет 7,8 тыс. км2. От точки замыкающего створа граница участков 10.01.01.006 и 10.01.01.007 (Чусовая от в/п пгт. Кын до устья) простирается на северо-восток с плавным отклонением на север по водоразделу бассейнов рр. Серебряная и Сылвица до т.315 - точки пересечение границы между Свердловской обл. и Пермским краем вблизи точки схождения границ водохозяйственных участков 10.01.01.006, 10.01.01.007 и 14.01.05.012 (Тура от истока до впадения р. Тагил). Далее граница резко уходит на юг по водоразделу бассейнов рр. Серебряная, Межевая Утка и Баранча, Тагил и проходит через ряд точек, обозначающих схождение границ водохозяйственных участков: т.14042 - схождение границ водохозяйственных участков 10.01.01.006, 14.01.05.012 и 14.01.05.015 (Тагил от г. Нижний Тагил до устья), т.14052 - схождение границ водохозяйственных участков 10.01.01.006, 14.01.05.014 (Тагил от истока до г. Нижний Тагил без р. Черная (Исток) (от истока до Черноисточинского г/у)) и 14.01.05.015, т.14047 - схождение границ водохозяйственных участков 10.01.01.006, 14.01.05.013 (Черная (Исток) от истока до Черноисточинского г/у) и 14.01.05.014, т.14046 - схождение границ водохозяйственных участков 10.01.01.006, 14.01.05.013 и 14.01.05.014, и т.14051 - схождение границ водохозяйственных участков 10.01.01.006, 14.01.05.014 и 14.01.05.016 (Нейва от истока до Невьянского г/у). После этого ряда точек граница проходит т.316 у истока р. Ница. Следуя в южном направлении, граница проходит т.14058, в которой сходятся границы водохозяйственных участков 10.01.01.006, 14.01.05.016 и 14.01.05.020 (Пышма от истока до Белоярского г/у), далее т.14023, в которой сходятся границы водохозяйственных участков 10.01.01.006, 14.01.05.005 (Исеть от истока до г. Екатеринбург) и 14.01.05.020, и заканчивается в т.10014 - точке схождения границ водохозяйственных участков 10.01.01.005 (Чусовая от истока до г. Ревда без р. Ревда (от истока до Новомариинского г/у)), 10.01.01.006 и 14.01.05.005. Отсюда граница идет на юго-запад южнее г. Первоуральск через т.10013, в которой пересекает р. Ревду, до т.10015, где сходятся участки 10.01.01.006, 10.01.01.005 и 10.01.02.011 (Уфа от Нязепетровского г/у до Павловского г/у без р. Ай). Затем граница участков 10.01.02.011 и 10.01.01.006 направляется на северо- запад до т.336 - точки схождения границ участков 10.01.01.006, 10.01.02.011 и 10.01.01.008 (Сылва), после которой у истоков рр. Бол. Бизь и Барда приходит в т.10017, где сходятся границы участков 10.01.01.008 (Сылва), 10.01.01.007 и 10.01.01.006. Далее граница поворачивает на восток к замыкающему створу - т.10016."""
"""Кама от г. Березники до Камского г/у без р.Косьва (от истока до Широковского г/у), Чусовая и Сылва""","""Водохозяйственный участок 10.01.01.009 включает Камское водохранилище и часть бокового бассейна этого водохранилища с замыкающим створом у Камского г/у в т.10024. Площадь водохозяйственного участка составляет 35,3 тыс. км2. От точки замыкающего створа граница участков 10.01.01.009 и 10.01.01.010 (Кама от Камского г/у до Воткинского г/у) направляется сначала на север, затем поворачивает на запад, огибая истоки многочисленных правых притоков р. Кама, доходит до т.10025, в которой сходятся границы водохозяйственных участков 10.01.01.009, 10.01.01.010 и 10.01.03.001 (Чепца). После этого граница поворачивает на север и у истока Камы приходит в т.334 - точку пересечения границы Пермского края и Удмуртской Республики и точку схождения границ водохозяйственных участков 10.01.01.001 (Кама от истока до в/п с. Бондюг), 10.01.01.009 и 10.01.03.001. Далее граница участков 10.01.01.009 и 10.01.01.001 продолжается в северном направлении к истоку р. Кува, где в т.10003 пересекает границу между Кировской обл. и Пермским краем и поворачивает на северо-восток по водоразделу бассейнов рр. Лопва и Кондас. В следующей точке границы - т.10002 - сходятся границы водохозяйственных участков 10.01.01.001, 10.01.01.002 (Кама от в/п с. Бондюг до г. Березники) и 10.01.01.009. От этой точки граница участков 10.01.01.009 и 10.01.01.002 огибает верховья бассейна р. Кондас и направляется на юго-восток до т.10005 - верхний створ участка на Камском водохранилище ниже г. Березники. Далее граница идет на северо-восток между бассейном р. Яйва и притоками верхнего участка бассейна р. Вишера до т.10007 - точки схождения границ водохозяйственных участков 10.01.01.002, 10.01.01.003 (Косьва от истока до Широковского г/у) и 10.01.01.009, после которой поворачивает на юг по водоразделу бассейнов рр. Яйва и Косьва. Затем граница проходит через т.10009, где пересекается граница между Свердловской обл. и Пермским краем и через т.10008 - точку пересечения р. Косьвы у Широковского г/у и достигает т.10019 - точки схождения границ водохозяйственных участков 10.01.01.003, 10.01.01.007 (Чусовая от в/п пгт. Кын до устья) и 10.01.01.009. Отсюда граница участков 10.01.01.009 и 10.01.01.007 следует на юго-запад по водоразделу рр. Косьва и Усьва, плавно поворачивает на юг и, огибая истоки правых притоков р. Чусовой, приходит к точке 10018 - створу пересечения границей р. Чусовой. Далее граница делает резкую петлю вокруг истока р. Кутамыш и приходит в т.10020, в которой сходятся водохозяйственные участки 10.01.01.007, 10.01.01.009 и 10.01.01.008 (Сылва). От этой точки граница участков 10.01.01.009 и 10.01.01.008 следует на юго-запад и затем на запад, проходит точку впадения р. Сылва в Камское в-ще (т.10021) и доходит до т.10023 - точки схождения границ водохозяйственных участков 10.01.01.008, 10.01.01.009 и 10.01.01.010, после которой граница резко поворачивает на север и замыкается в расчетном створе - т.10024 в г. Перми."""
"""Кама от Камского г/у до Воткинского г/у""","""Водохозяйственный участок 10.01.01.010 включает часть бассейна р. Камы между двумя гидроузлами - Камским и Воткинским с замыкающим створом у Воткинского г/у в т.10026. Площадь водохозяйственного участка составляет 14,3 тыс. км2. От точки замыкающего створа граница участков 10.01.01.010 и 10.01.01.014 (Кама от Воткинского г/у до Нижнекамского г/у без рр. Буй (от истока до Кармановского г/у), Иж, Ик и Белая) идет на север по водоразделу Воткинского в-ща и бассейна р. Сива и, огибая верховья бассейна р. Сива, в северо-западном направлении достигает т.10027 - точки схождения границ водохозяйственных участков 10.01.01.010, 10.01.01.014 и 10.01.03.001 (Чепца). Немного севернее этой точки вновь сходятся границы трех водохозяйственных участков в т.10025 - участки 10.01.01.009 (Кама от г. Березники до Камского г/у без р. Косьва (от истока до Широковского г/у), Чусовая и Сылва), 10.01.01.010 и 10.01.03.001. От этой точки граница участков 10.01.01.010 и 10.01.01.009 следует на северо-восток по водоразделу бассейна р. Лысьва и Воткинского в-ща, затем у излучины Камского в-ща круто поворачивает на юг, пересекает Каму в створе Камского г/у в т.10024 и далее достигает т.10023 - точки схождения границ водохозяйственных участков 10.01.01.008 (Сылва), 10.01.01.009 и 10.01.01.010. Далее граница участков 10.01.01.010 и 10.01.01.008 следует вначале на запад вдоль р. Юг, затем огибает верховья р. Бырма, поворачивает на юг по водоразделу Воткинского в-ща и западной части бассейна р. Ирень до т.10022 у истока р. Бол.Тарт. В этой точке сходятся границы водохозяйственных участков 10.01.01.008, 10.01.01.010 и 10.01.02.011 (Уфа от Нязепетровского г/у до Павловского г/у без р. Ай), а к западу от нее в рядом расположенной т.10081 - границы водохозяйственных участков 10.01.01.010, 10.01.02.011 и 10.01.02.016 (Белая от г. Бирск до устья). Далее граница участков 10.01.01.010 и 10.01.02.016 следует в юго-западном направлении до т.10028, где сходятся границы водохозяйственных участков 10.01.01.010, 10.01.01.011 и 10.01.02.016, затем граница отклоняется на северо-запад, проходя по водоразделу рр. Буй и Тулва до т.10029 - точки схождения границ водохозяйственных участков 10.01.01.010, 10.01.01.011 и 10.01.01.014, после которой, огибая верхнюю часть бассейна р. Пизь, граница замыкается в расчетном створе - т.10026."""
"""Терешка от истока до устья""","""Водохозяйственный участок 11.01.00.019 охватывает бассейн р. Терешка от истока до расчетного замыкающего створа в месте впадения в Саратовское в-ще – т.11061. Площадь водохозяйственного участка составляет 9,7 тыс. км2. От точки замыкающего створа – т.11061, граница участков 11.01.00.019 и 11.01.00.022 (Волга от Саратовского г/у до Волгоградского г/у (Волгоградское в-ще) без рр. Бол.Иргиз, Бол. Караман, Терешка, Еруслан, Торгун) по водоразделу рр. Карабулак и Чардым направляется на северо-запад до т.11062, в которой сходятся участки 11.01.00.019, 11.01.00.022 и 05.01.03.001 (Медведица от истока до впадения р. Терса). Затем граница поворачивает на север до т.188 – точки схождения границ водохозяйственных участков 05.01.03.001, 08.01.05.001 (Сура от истока до Сурского г/у) и 11.01.00.019 и уходит на северо-восток по водоразделу верховьев рр. Карабулак, Уза, Алай, Елань-Кадада до т.270, в которой пересекает административную границу Ульяновской и Саратовкой областей. Продолжаясь в этом же северо-восточном направлении граница участков 08.01.05.001 и 11.01.00.019 достигает т.11044 – точки схождения границ водохозяйственных участков 08.01.05.001, 11.01.01.013 (Сызранка от истока до г. Сызрань (выше города) и 11.01.00.019, после которой поворачивает на восток и по водоразделу рр. Карандейка и Терешка приходит в т.11043, где сходятся границы водохозяйственных участков 10.01.01.013, 11.01.00.015 (Волга от Куйбышевского г/у до Саратовского г/у (Саратовское в-ще) без рр. Сок, Чапаевка, Мал.Иргиз, Самара и Сызранка) и 11.01.00.019. Здесь граница поворачивает на юго-восток, в т.11063 пересекает границу Ульяновской и Саратовской областей и от т.11053 – точки схождения границ водохозяйственных участков 11.01.00.015, 11.01.00.019 и 11.01.00.022 по водоразделу сначала Куйбышевского, затем Саратовского в-щ и р. Терешка возвращается к замыкающей расчетной точке –т.11061."""
Сим,"""Водохозяйственный участок 10.01.02.006 включает бассейн р. Сим (правого притока р. Белая) от устья до замыкающего расчетного створа в месте впадения р. Сим в р. Белая (т.10061). Площадь водохозяйственного участка составляет 11,7 тыс. км2. В т.10061 смыкаются границы трех водохозяйственных участков - 10.01.02.006, 10.01.02.007 (Белая от г. Стерлитамак до в/п с. Охлебино без р. Сим) и 10.01.02.014 (Белая от в/п с. Охлебино до г. Уфа без рр. Уфа (от истока до пгт. Шакша) и Дема (от истока до в/п д. Бочкарева)). Недалеко к северу от т.10061 в т.10062 соседство с участком 10.01.02.014 переходит в соседство с участком 10.01.02.012 (Уфа от Павловского г/у до в/п пгт. Шакша). По водоразделу бассейнов рек Сим и Уфа граница вначале продолжается в северном направлении, затем делает петлю к югу, огибая верховья р. Салдыбаш (приток р. Уфа), и в т.10063 пересекает границу между Челябинской обл. и Республикой Башкортостан. Вдоль русла р. Аша (правого притока р. Сим в ее верхнем течении), повторяя его очертания, граница идет на северо-восток и в верховьях этой реки меняет направление на юго-восточное. Здесь находится т.10064 (точка схождения границ водохозяйственных участков 10.01.02.006, 10.01.02.011 (Уфа от Нязепетровского г/у до Павловского г/у без р. Ай) и 10.01.02.012 вблизи пересечения границы между Челябинской обл. и Республикой Башкортостан). От т.10064 граница участка идет вдоль административной границы на юго-восток и в верховьях рр. Верх. Биянка и Ниж. Биянка (притоки р. Сим) поворачивает к югу и по территории Челябинской области вновь выходит к административной границе в т.10065. Не переходя на территорию Башкортостана, граница участка перемещается на юг по водоразделу рр. Сим и Катав (приток р. Юрюзань), отклоняется к западу у истока р. Нила (приток р. Катав) и далее, продвигаясь к юго-востоку, достигает т.10066, где выходит окончательно на территорию Башкортостана. Обогнув исток р. Юрюзань, граница участка попадает в т.10045, где стыкуются границы трех водохозяйственных участков:10.01.02.006, 10.01.02.011 и 10.01.02.001 (Белая от истока до в/п Арский Камень). От т.10045 граница спускается к юго-западу вдоль р. Бол. Инзер (приток р. Инзер) до т.10044, в которой граничат участки 10.01.02.006, 10.01.02.001 и 10.01.02.002 (Белая от в/п Арский Камень до Юмагузинского г/у). Далее граница огибает с юга верховья р. Инзер и постепенно приобретая западное направление, добирается до т.10051, где сходятся границы водохозяйственных участков 10.01.02.002, 10.01.02.006 и 10.01.02.007. От т.10051 в перемещении границы участка к замыкающему створу преобладает северо-западное направление. Существенное отклонение от этого направления к северу происходит только в устье реки Бол. Реват. По водоразделу рр. Инзер (приток р. Сим) и Мендим (приток р. Белой) граница, разделяя водохозяйственные участки 10.01.02.006 и 10.01.02.007, достигает замыкающего створа в т.10061."""
"""Вятка от г.Киров до г.Котельнич""","""Водохозяйственный участок 10.01.03.003 включает часть бассейна р. Вятка от г. Киров и замыкается в расчетном створе у г. Котельнич (т.10098). Включая бассейны рек Моломна и Великая (правых притоков) и р. Быстрица (левого притока), участок простирается от расчетного створа к северо-северо-западу до Вологодской области (около 200 км) и к юго-востоку до устья р. Быстрица (?100км). Площадь водохозяйственного участка составляет 23,7 тыс. км2. От т.10098 граница между участками 10.01.03.003 и 10.01.03.004 (Вятка от г. Котельнич до в/п пгт. Аркуль) простирается на северо-восток до водораздела с бассейном р. Ветлуга, где попадает в т.10099. В этой точке сходятся границы трех водохозяйственных участков:10.01.03.003, 10.01.03.004 и 08.01.04.001 (Ветлуга от истока до г. Ветлуга). К северу от т.10099 по водоразделу рек Моломна и Ветлуга граница участка достигает административной границы между Кировской и Костромской областями и пересекает ее в т.289. Продолжаясь в том же направлении, граница водохозяйственного участка практически совпадает с административной границей между Кировской и Костромской областями и достигает т.288, расположенной практически на стыке трех областей: Кировской, Костромской и Вологодской. Отклонившись к северо-западу от северного направления административной границы, граница участка достигает т.98, где сходятся границы трех водохозяйственных участков: 10.01.03.003, 08.01.04.001 и 03.02.00.002 (Юг). От т.98 граница направлена к северу и по территории Вологодской области доходит до т.97, в которой пересекает административную границу с Кировской областью. Огибая исток р. Былина, граница участка поворачивает к востоку, затем к юго-востоку и достигает т.10097, в которой сходятся границы трех водохозяйственных участков:10.01.03.003, 03.02.01.002 и 10.01.03.002 (Вятка от истока до г. Киров без р. Чепца). Продолжая юго-восточное направление, граница участка пересекает в т.10096 административную границу между Кировской областью и Республикой Коми и, повторяя практически очертания этой административной границы, уходит к югу в направлении г. Киров. Здесь в т.10095 граница пересекает р. Вятка и, огибая город с запада, опять уходит к югу. Через 20 км граница поворачивает на юго-восток по водоразделу левых притоков р. Вятка рр. Просница и Быстрица, впадающих соответственно выше и ниже по течению пересечения границей р. Вятка и достигает т.10094. Эта точка объединяет водохозяйственные участки 10.01.03.003, 10.01.03.002 и 10.01.03.001 (Чепца). Недалеко к югу расположена т.10093, в которой пересекаются границы участков 10.01.03.003, 10.01.03.001 и 10.01.03.004. Направляясь к замыкающему створу, граница водохозяйственного участка от т.10093 уходит на юго-запад, в исток реки Ивкина, поворачивает на северо-запад и по южной границе бассейна р. Быстрица достигает т.10098 - замыкающего створа участка 10.01.03.003."""
"""Косьва от истока до Широковского г/у""","""Водохозяйственный участок 10.01.01.003 охватывает верхнюю часть бассейна р. Косьва от истока до расчетного замыкающего створа - Широковский г/у - т.10008. Площадь водохозяйственного участка составляет 4,8 тыс. км2. От точки замыкающего створа граница участков 10.01.01.003 и 10.01.01.009 (Кама от г. Березники до Камского г/у без р. Косьва (от истока до Широковского г/у), Чусовая и Сылва) простирается на север по водоразделу бассейнов рр. Яйва и Косьва вдоль истоков левых притоков р. Яйва - рр. Чайва, Чикман, Кадь - и, пересекая в т.10009 административную границу Свердловской и Пермской областей, доходит до т.10007 - точки схождения границ водохозяйственных участков 10.01.01.002 (Кама от в/п с. Бондюг до г. Березники), 10.01.01.003 и 10.01.01.009. Далее граница участков 10.01.01.003 и 10.01.01.002, огибая истоки рр. Тыпыл и Пожва, приходит к т.10006, где сходятся границы водохозяйственных участков 10.01.01.002, 10.01.01.003 и 14.01.05.024 (Сосьва от истока до в/п д. Морозково). От этой точки граница участков 10.01.01.003 и 14.01.05.024 направляется на юг по водоразделу рр. Тыпай и Ольва до т.14075 - точки схождения границ водохозяйственных участков 10.01.01.002, 14.01.05.024 и 14.01.05.025 (Тавда от стока до устья без р. Сосьва (от истока до в/п д. Морозково)) и далее до т.314 - точки пересечения границы между Свердловской обл. и Пермским краем вблизи точки схождения границ водохозяйственных участков 10.01.01.003, 10.01.01.007 (Чусовая от в/п пгт. Кын до устья) и 14.01.05.025. Повернув на юго-запад, граница участков 10.01.01.003 и 10.01.01.007 по водоразделу рр. Косьва и Усьва доходит до т.10019, в которой сходятся участки 10.01.01.003, 10.01.01.007 и 10.01.01.009. Немного к северу от этой точки граница участка достигает замыкающего створа - т.10008."""
"""Ревда от истока до Новомариинского г/у""","""Водохозяйственный участок 10.01.01.004 охватывает верхнюю часть бассейна р. Ревда от истока до расчетного замыкающего створа Новомариинского г/у - т.10010. Площадь водохозяйственного участка составляет 0,63 тыс. км2. От точки замыкающего створа граница участков 10.01.01.004 и 10.01.01.005 (Чусовая от истока до г. Ревда без р. Ревда (от истока до Новомариинского г/у)) идет вначале на восток, затем на юг, огибая правую часть бассейна р. Ревда, до т.10011 - точки схождения границ водохозяйственных участков 10.01.01.004, 10.01.01.005 и 10.01.02.011 (Буй от истока до Кармановоского г/у). Далее граница участков 10.01.01.004 и 10.01.02.011 резко поворачивает на север вдоль западной части бассейна р. Ревда до т.10012, в которой сходятся границы водохозяйственных участков 10.01.01.004, 10.01.01.005 и 10.01.02.011. На небольшом расстоянии от этой точки на восток граница замыкается в расчетном створе - т.10010."""
"""Острова Берингова моря в пределах внутренних морских вод и территориального моря РФ, прилегающего к береговой линии гидрографической единицы 19.04.00""","""Водохозяйственный участок 19.04.00.100 включает водные объекты островов Берингова моря в пределах внутренних морских вод и территориального моря РФ, прилегающего к береговой линии гидрографической единицы 19.04.00. Площадь островов составляет 0.2 тыс. км2. Граница водохозяйственного участка проходит по береговой линии островов."""
"""Свияга от истока до с.Альшеево""","""Водохозяйственный участок 08.01.04.005 практически полностью расположен на территории Ульяновской области, охватывает верховья бассейна р. Свияга и замыкается в расчетном створе на р. Свияга у с. Альшеево (т.8057). Площадь водохозяйственного участка составляет 6,8 тыс. км2. От точки 8057 граница между участками 08.01.04.005 и 08.01.04.006 (Свияга от с. Альшеево до устья) опускается к югу, огибая верховья р. Кильна (правый приток р. Свияга ниже с. Альшеево) до т.8058. В этой точке встречаются границы водохозяйственных участков 08.01.04.005, 08.01.04.006 и 11.01.00.005 (Куйбышевское в-ще от пгт.Камское устье до Куйбышевского г/у без р. Бол.Черемшан). От т.8058 граница участка простирается на юго-запад вдоль Куйбышевского водохранилища, пересекает территорию вблизи г. Ульяновска и далее продолжается в том же направлении, незначительно отклоняясь в истоках правых притоков р. Свияга. По водоразделу рр. Свияга и Сызранка граница участка достигает т.11017, где пересекаются границы водохозяйственных участков 08.01.04.005, 11.01.00.005 и 11.01.00.013 (Сызранка от истока до г. Сызрань). От т.11017 граница идет к западу, огибает верховья р. Свияга и к северо-западу от истока попадает в т.267 (точка схождения границ водохозяйственных участков 08.01.04.005, 11.01.00.013 и 08.01.05.003 – Сура от Сурского г/у до устья р. Алатырь). Далее граница уходит на северо-восток, разделяя при этом бассейны рр. Малая Свияга, Гуща, Сельдь и Бирюч (левые притоки Свияги) с одной стоны и рр. Барыш, Стемас, Урень (бассейн Суры) – с другой. Северо-восточное направление границы сохраняется до пересечения с административной границей между Ульяновской областью и Республикой Татарстан (т.306) вблизи точки схождения границ водохозяйственных участков 08.01.04.005, 08.01.05.003 и 08.01.04.006.Почти сразу возвращаясь на территорию Ульяновской области, граница направляется к востоку параллельно руслу р. Цильна (к югу от него) и замыкается в расчетном створе на р. Свияга у с. Альшеево (т.8057)."""
Кальмиус,"""Водохозяйственный участок 05.01.05.012 охватывает бассейн р. Кальмиус от истока до впадения в Азовское море. Площадь водохозяйственного участка составляет 5.07 тыс. км2. От т. 940, где сходятся границы водохозяйственных участков 04.01.00.017, 05.01.05.013 и 05.01.05.012, граница между Донским и Днепровским бассейновыми округами следует до точки т.5144 – границы между водохозяйственными участками 05.01.04.008 и 05.01.05.012. От этой точки граница следует на восток до схождения границы водохозяйственных участков 05.01.04.008, 05.01.05.012 и 05.01.05.010 (т.5143) и затем возвращается в точку т.940."""
"""Лена от в/п ГМС Джарджан до в/п с. Кюсюр""","""Водохозяйственный участок 18.03.09.002 охватывает территорию бассейна р. Лена 18.03.09.001 от в/п ГМС Джарджан до в/п с. Кюсюр, расположен целиком в Респ. Саха (Якутия). Площадь водохозяйственного участка составляет 170,0 тыс. км2. От т.18089 в расчетном створе у в/п с. Кюсюр граница следует на восток до т.18090 схождения границ водохозяйственных участков 18.03.09.002, 18.03.09.003 (Лена от в/п с. Кюсюр до устья) и 18.04.03.003 (Реки бассейна моря Лаптевых от границы бассейна р. Лена на западе до границы бассейна р. Яна на востоке), поворачивает на юг по Хараулахскому хребту, проходит по водоразделу бассейнов рек Алтан и Мейчан (т.703), далее через точку схождения границ водохозяйственных участков 18.03.09.001, 18.03.09.002, 18.04.03.001 (Бытантай) и 18.04.03.003 - т.18088, поворачивает на запад, персекает р. Лена у в/п ГМС Джарджан (т.18087), затем через точку схождения границ водохозяйственных участков 18.02.00.002 (Оленек от в/п ГМС Сухана до устья), 18.03.09.001 (Лена от впадения р. Вилюй до в/п ГМС Джарджан) и 18.03.09.002 - т.18005, поворачивает на северо-запад к т.18004 схождения границ водохозяйственных участков 18.02.00.002, 18.03.09.002 и 18.03.09.003 и замыкается в начальной т.18089. Граница разделяет правые и левые притоки Лены с реками бассейна Омолона и бассейна р. Оленёк. Абсолютные высоты местности составляют 100-2300 м. Типичным ландшафтом являются полигональные и пятнистые тундры. Склоны хребтов до высоты 700-850 м покрыты редкостойными лиственничными лесами, на вершинах преобладают горно-тундровые ландшафты и арктические каменистые пустыни."""
"""Тихая Сосна""","""Водохозяйственный участок 05.01.01.007 включает бассейн р. Тихая Сосна с замыкающим створом в месте впадения реки в р. Дон (т.5033). Площадь водохозяйственного участка составляет 4.35 тыс. км2. От точки замыкающего створа граница идет на юг и достигает сначала т.5034, в которой сходятся границы водохозяйственных участков 05.01.01.007, 05.01.01.008 (Дон от г. Задонск до г. Лиски без рр. Воронеж (от истока до Воронежского г/у) и Тихая Сосна) и 05.01.01.010 (Дон от г. Лиски до г. Павловск без р. Битюг), затем т.5035 – точки схождения границ водохозяйственных участков 05.01.01.007, 05.01.01.012 (Дон от г. Павловск до устья р. Хопер без р. Подгорная) и 05.01.01.010. Здесь граница поворачивает на юго-запад, пересекает административную границу Воронежской и Белгородской областей (т.5036) и у истока р. Палатовка приходит в точку 5037, где сходятся границы водохозяйственных участков 05.01.01.007, 05.01.01.012 и 05.01.04.003 (Оскол ниже Старооскольского г/у до границы РФ с Украиной). Далее, огибая верховья р. Тихая Сосна и ее притока – р. Усердец, граница следует на север до т.5038 – точки схождения границ водохозяйственных участков 05.01.01.007, 05.01.01.008 и 05.01.04.003. От этой точки граница поворачивает на восток, вновь пересекает границу Белгородской и Воронежской областей (т.5039), возвращаясь в Воронежскую область, и приходит к замыкающему створу участка – т.5033"""
"""Водные объекты междуречья Терека и Сунжи (Алханчуртский канал)""","""Водохозяйственный участок 07.02.00.014 охватывает водные объекты, расположенные на междуречье Терека и Сунжа, в частности, Алханчуртский канал. Участок расположен в Чеченской Республике и Республике Ингушетия, его площадь составляет 1,8 тыс. км2. От т.7053 схождения границ водохозяйственных участков 07.02.00.010 (Терек от г. Моздок до впадения р Сунжа), 07.02.00.012 (Сунжа от г. Грозный до впадения р. Аргун), 07.02.00.013 (Сунжа от впадения р. Аргун до устья) и 07.02.00.014 граница водохозяйственного участка 07.02.00.014 следует на запад, пересекает р. Сунжа ниже г. Грозный в т.7057 схождения границ водохозяйственных участков 07.02.00.011 (Сунжа от истока до г. Грозный), 07.02.00.012 и 07.02.00.014, пересекает границу между Чеченской Республикой и Республикой Ингушетия в т.7058, затем проходит т.7036 схождения границ водохозяйственных участков 07.02.00.002 (Терек от истока до впадения р. Урсдон без р. Ардон), 07.02.00.011 и 07.02.00.014. От этой последней точки граница поворачивает на север, проходит т.7035 схождения границ водохозяйственных участков 07.02.00.002, 07.02.00.009 (Терек от впадения р. Малка до г. Моздок) и 07.02.00.014 на границе между Республиками Ингушетия и Северная Осетия – Алания, затем поворачивает на восток и следует к замыканию в начальной точке, проходя т.7055 схождения границ водохозяйственных участков 07.02.00.009, 07.02.00.010 и 07.02.00.014 и пересекая границу между Чеченской Республикой и Республикой Ингушетия (т.7054)."""
Хилок,"""Водохозяйственный участок 16.03.00.003 охватывает бассейн р. Хилок - правого притока р. Селенга,. берущего начало из оз. Арахлей на Яблоновом хребте. Водохозяйственный участок расположен на территории Республики Бурятия и Читинской области. Площадь водохозяйственного участка составляет 38,5 тыс. км2. В соответствии с Реестром опорных точек описание границы водохозяйственного участка 16.03.00.003 начинается от т.16053, расположенной в месте впадения р. Хилок в Селенгу. Отсюда граница проходит по хребту Цаган-Дабан в северо-восточном направлении к точке (т.16054) схождения границ водохозяйственных участков 16.03.00.003, 16.03.00.004 (Уда) и 16.03.00.005 (Селенга от границы РФ с Монголией до г. Улан-Удэ без рр.Джида, Чикой, Хилок, Уда), далее в т.16055 пересекает границу между Республикой Бурятия и Читинской областью и до т.595 идет близ этой административной границы по хребту Цаган-Хуртэй. В т.595 на водоразделе водохозяйственных участков 16.03.00.003, 18.03.02.001 (Витим от истока до в/п с. Калакан) и 20.03.01.001 (Ингода от истока до г. Чита) граница поворачивает на юго-запад, проходит по Яблоновому хребту, затем, разделяя бассейны рек Ингода и Чикой, поворачивает на юг (т.596), проходит точку схождения границ водохозяйственных участков 16.03.00.002 (Чикой), 16.03.00.003 и 20.03.01.001 – т.16051, выходит на Малханский хребет, следует по нему, пересекая в т.16050 границу между Читинской областью и Республикой Бурятия и далее до т.16049 практически совпадая с этой административной границей. В т.16049 граница водохозяйственного участка поворачивает на северо-запад, по водоразделу рек Хилок и Чикой идет к точке схождения границ водохозяйственных участков 16.03.00.002, 16.03.00.003 и 16.03.00.005 (т.16048) и далее до точки замыкания - т.16053. Зональным типом ландшафтов являются бореальные лиственничные и лиственнично- кедровые леса, на наиболее высоких участках сменяющиеся горн лиственничными редколесьями. Ландшафтной особенностью этого участка границы является распространение светлохвойных и березовых лесов, которые, в принципе, характерны для более южных территорий, но, благодаря защищенности этого района от северных холодных ветров, здесь фрагментарно появляются эти ландшафты суббореального типа."""
"""Цна от истока до г. Тамбов""","""Водохозяйственный участок 09.01.02.002 охватывает верхнюю часть бассейна р. Цна от истока до расчетного замыкающего створа на р. Цна ниже г. Тамбов (т.9093). Площадь водохозяйственного участка составляет 4,5 тыс. км2. От точки замыкающего створа граница между водохозяйственными участками 09.01.02.002 и 09.01.02.003 (Цна от г. Тамбов до устья) делает петлю вокруг истока правого притока р. Лесной Тамбов и далее простирается на юго-восток до т.9094, в которой сходятся граница водохозяйственных участков 09.01.02.002 и 09.01.02 003 и 05.01.02.002 (Ворона от истока до устья). После этой точки граница участка поворачивает на юго-запад, проходит т.5066 – точку схождения границ водохозяйственных участков 05.01.02.002, 05.01.02.003 (Савала от истока до устья) и 09.01.02.002., огибает верховья р. Цна и ее притоков и простирается на северо-запад до т.183. Далее по водоразделу рр. Кариан и Битюг граница идет на северо-запад к истокам р. Сух. Липовица, где в т.5022 сходятся границы участков - 05.01.01.004 (Матыра от истока до Матырского г/у), 05.01.01.009 (Битюг от истока до устья) и 09.01.02.002.. Обогнув бассейн р. Сух.Липовица, граница участка плавно поворачивает на север, достигая т.9095 – точки схождения границ водохозяйственных участков 09.01.02.002, 09.01.02.003 и 05.01.01.004. От этой точки граница в северо-восточном направлении после небольшой петли вокруг истоков р. Липовица замыкается в расчетном створе - т.9093."""
"""Нара от истока до устья""","""Водохозяйственный участок 09.01.01.007 охватывает бассейн р. Нара и замыкается в расчетном створе р. Нара выше г. Серпухов (т.9034). Площадь водохозяйственного участка составляет 2,0 тыс. км2. От т.9034 граница между водохозяйственными участками 09.01.01.007 и 09.01.01.008 (Ока от г. Калуга до г. Серпухов без рр. Протва и Нара) идет на северо-запад через т.9033, в которой сходятся границы водохозяйственных участков 09.01.01.007, 09.01.01.008 и 09.01.01.006 (Протва), по водоразделу бассейнов рек Нара и Протва, дважды пересекая административную границу Московской и Калужской областей сначала в т.9032, затем - северней в т.9031. Следующая точка участка (т.9030) разделяет водохозяйственные участки 09.01.01.007, 09.01.01.006 и 09.01.01.013 (Москва от Можайского г/у до г. Звенигород без р. Руза (от истока до Рузского г/у) и р. Озерна (от истока до Озернинского г/у)). После этой точки граница поворачивает на юго-восток и по водоразделу между реками Москва и верховьями Нары достигает т.9035, в которой сходятся границы водохозяйственных участков 09.01.01.007, 09.01.01.013, 09.01.01.015 (Москва от г. Звенигород до Рублевского г/у без р. Истра (от истока до Истринского г/у)) и 09.01.01. 016 (Пахра от истока до устья). Юго-восточное направление границы участка сохраняется до г. Серпухов. На этом пути граница, следуя по водоразделу бассейнов р. Пахры и ее притоков Десны и Моча и р. Нара, проходит точку 9036, где сходятся границы водохозяйственных участков 09.01.01.007, 09.01.01.016 и 09.01.01.009 (Ока от г. Серпухов до г. Кашира). Севернее г. Серпухов граница проходит через точку 9037 – точка схождения границ водохозяйственных участков 09.01.01.007, 09.01.01.008,09.01.01.009 – и сразу же достигает замыкающего расчетного створа – т.9034."""
"""Днепр от истока до г. Дорогобуж""","""Водохозяйственный участок 04.01.00.001 охватывает часть бассейна р. Днепр от истока до расчетного створа у г. Дорогобуж в т.4001. Площадь водохозяйственного участка составляет 6.4 тыс. км2. От точки замыкающего створа граница участка идет на север по водоразделу рр. Воль и Днепр и после небольшого зигзага между истоками рр. Волец и Света приходит в т.4002, где сходятся границы водохозяйственных участков 04.01.00.001, 04.01.00.002 (Днепр от г. Дорогобуж до г. Смоленск) и 01.02.00.003 (Межа). Далее в северо-восточном направлении граница огибает верховья Днепра и при повороте на юг у истоков рр. Обша и Ломница проходит т.13, где сходятся границы водохозяйственных участков 01.02.00.003, 08.01.01.003 (Вазуза от истока до Зубцовского г/у без р. Яуза до Кармановского г/у) и 04.01.00.001. От этой точки граница следует в южном направлении по водоразделу рр. Вазуза и Днепр, оконтуривает истоки рр. Вазуза и Лосьминка, проходит точку 160-точку схождения границ водохозяйственныху частков 04.01.00.001, 08.01.01.003 и 09.01.01.004 (Угра), и у истока р. Вязьма поворачивает на юго-запад. В этом направлении граница извивается по водоразделу рр. Осьма и Ворона через т.9020 между истоками рр. Корея и Дебря и достигает т.9019, где сходятся границы водохозяйственных участков 09.01.01.004, 04.01.00.002 и 04.01.00.001. Здесь граница поворачивает на север и замыкается в расчетном створе участка – т.4001."""
"""Ока от истока до г. Орел""","""Водохозяйственный участок 09.01.01.001 охватывает верховья бассейна р. Ока и замыкается в расчетном створе на р. Ока ниже г. Орел (т.9001). Площадь водохозяйственного участка составляет 4,9 тыс. км2. От т.9001 граница между водохозяйственными участками 09.01.01.001 и 09.01.01.02 (Ока от г. Орел до г. Белев) простирается на юг по границе бассейна правого притока Оки – р. Рыбница до водораздельной точки т.165, где сходятся границы водохозяйственных участков 09.01.01.001, 09.01.01.02 в бассейне Оки и водохозяйственных участков 04.01.00.011 (Десна от г. Брянск до границы с Украиной) в бассейне Днепра и 05.01.01.002 (Сосна от истока до устья) в бассейне Дона. Далее граница водохозяйственного участка 09.01.01.001 огибает истоки Оки, проходит т.4052, где сходятся границы водохозяйственных участков 04.01.00.012, 04.01.00.013 (российская часть бассейна р. Сейм ниже г. Курск) и 09.01.01.001, поворачивает на северо-запад и до т.164 проходит вблизи административной границы между Орловской и Курской областями. Продолжаясь от т.164 в северо-западном направлении, граница между водохозяйственными участками 09.01.01.001 и 04.01.00.012 (Сейм от истока до границы с Украиной) делает резкий изгиб в т.9002 на водоразделе бассейнов рек Крома и Нерусса, проходит т.4036, где сходятся границы водохозяйственных участков 09.01.01.001, 04.01.00.010 (Десна от г/у Смоленской АЭС до г. Брянск без р. Болва) и 04.01.00.011, и идет к северу до т.9003 - точки схождения границ водохозяйственных участков 09.01.01.001, 09.01.01.005 (Ока от г.Белев до г. Калуга без рр. Упа и Угра) и 04.01.00.010. От т.9003 граница между водохозяйственными участками 09.01.01.001 и 09.01.01.005 следует в восточном направлении до точки схождения границ водохозяйственных участков 09.01.01.001, 09.01.01.002 и 09.01.01.005 (т.9004), разделяя верховья бассейна р. Вытебеть и р. Лубна, а затем к юго-востоку по границе бассейна левого притока Оки – р. Орлик граница между водохозяйственными участками 09.01.01.001 и 09.01.01.002 замыкается в расчетном створе водохозяйственного участка (т.9001)."""
Печенга,"""Водохозяйственный участок 02.01.00.002 охватывает бассейн р. Печенга, расположенный в северо-западной оконечности Кольского полуострова в Мурманской обл. Площадь участка составляет 1,8 тыс. км2.Печенга впадает в губу Печенга залива Варангер-Фьорд Баренцева моря в т.2005, от которой граница идет по побережью до т.2006 примыкания к нему границы между водохозяйственными участками 02.01.00.002 и 02.01.00.006 (Реки бассейна Баренцева моря от восточной границы р. Печенга до западной границы бассейна р. Воронья без: рр. Тулома и Кола). Далее граница поворачивает на юг и следует по водоразделу рр. Печенга и Титовка до т.2007 схождения границ водохозяйственных участков 02.01.00.002, 02.01.00.003 (Тулома от истока до Верхнетуломского г/у, вкл. Нот-озеро) и 02.01.00.006. Затем граница поворачивает на юго-запад и движется до т.2003 схождения границ водохозяйственных участков 02.01.00.001 (Реки бассейна Баренцева моря от р. Патсо-Йоки (граница РФ с Норвегией) до западной границы бассейна р. Печенга), 02.01.00.002 и 02.01.00.003, снова поворачивает – на север и по водоразделу притоков рр. Патсо-Йоки и Печенга выходит на побережье губы Печенга залива Варангер-Фьорд Баренцева моря (т.2002) и замыкается в начальной т.2005."""
"""Вазуза от истока до Зубцовского г/у без р.Яуза до Кармановского г/у""","""Водохозяйственный участок 08.01.01.003 охватывает бассейн р. Вазуза с Вазузским водохранилищем от истока до расчетного замыкающего створа Зубцовский г/у – т.8007. Площадь водохозяйственного участка составляет 6,4 тыс. км2. От точки замыкающего створа граница участков 08.01.01.003 и 08.01.01.004 (Волга от Верхневолжского бейшлота до г. Зубцов без р. Вазуза от истока до Зубцовского г/у) идет на юг до т.8008 – точки схождение границ водохозяйственных участков 08.01.01.003, 08.01.01.004 и 08.01.01.006 (Волга от г. Зубцов до г. Тверь без р. Тверца) и еще немного южнее приходит в т.8004 – точку схождение границ водохозяйственных участков 08.01.01.002 (Яуза от истока до Кармановского г/у), 08.01.01.003 и 08.01.01.006. Далее граница участков 08.01.01.003 и 08.01.01.002 огибает Яузское в-ще, пересекает р. Яуза в створе Яузского г/у (т.8003) и по водоразделу рр. Олеля и Яуза приходит в т.8006, где сходятся границы водохозяйственных участков 08.01.01.002, 08.01.01.003 и 09.01.01.010 (Москва от истока до Можайского г/у). От этой точки граница направляется на юг и вблизи истока р. Москва проходит т.9021 – точку схождение границ водохозяйственных участков 09.01.01.004 (Угра), 09.01.01.010 и 08.01.01.003. Затем граница огибает верховья рр. Гжать и Сежа и в юго-западном направлении достигает точку 160, в которой сходятся границы водохозяйственных участков 09.01.01.004, 04.01.00.001 (Днепр от истока до г. Дрогобуж) и 08.01.01.003. Далее граница участков 04.01.00.001 и 08.01.01.003 направляется на север вдоль бассейна р.Вязьма, огибает исток р. Вазуза и по водоразделу рр. Вазуза и Днепр поворачивает на северо-запад до т.13 – точки схождения границ водохозяйственных участков 01.02.00.003 (Межа), 04.01.00.001 и 08.01.01.003. Далее вдоль бассейна р. Осуга граница приходит вт.8009 – точку схождение границ водохозяйственных участков 08.01.01.003, 08.01.01.004 и 01.02.00.003, после которой резко поворачивает на юго-восток и замыкается в расчетной т.8007."""
"""Реки бассейна Таганрогского залива от бассейна р. Кальмиус до западной границы бассейна р.Дон""","""Водохозяйственный участок 05.01.05.010 включает реки бассейна Таганрогского залива от бассенйна реки Кальмиус до западной границы бассейна р. Дон. Наиболее крупной рекой на этом участке является р. Миус (устье - т.208). Площадь водохозяйственного участка составляет 11.38 тыс. км2. От точки т.208 граница участка идет на запад вдоль береговой линии Азовского моря до т.209 Впадение р.Грузский Еланчик в Азовское море. Далее проходит по границе с водохозяйственным участком 05.01.05.012 до т.5143 – точки схождения границы водохозяйственных участков 05.01.04.008, 05.01.05.012 и 05.01.05.010 и поворачивает на север к точке т.5142 схождения границы водохозяйственных участков 05.01.04.008, 05.01.04.011 и 05.01.05.010. Потом идет на юг и юго-восток к точке т.5104 схождения границ водохозяйственных участков 05.01.04.005, 05.01.04.007 и 05.01.05.010 от которой следует на юг по водоразделу рр. Тузлов и Миус на границе водохозяйственного участка 05.01.05.009 до т.5132 на северном краю дельты р. Дон. Затем по морскому берегу, огибая г. Таганрог, граница замыкается в расчетном створе – т.208."""
Пшиш,"""Водохозяйственный участок 06.02.00.012 охватывает весь бассейн левого притока р. Кубань – р. Пшиш. Территория водохозяйственного участка расположена в Республике Адыгея и Краснодарском крае. Площадь участка составляет 1,85 тыс. км2. Расчетный створ участка расположен в т.6045 в месте впадения р. Пшиш в Краснодарское водохранилище на границе с водохозяйственным участком 06.02.00.013 (Кубань от г. Усть-Лабинск до Краснодарского г/у без рр. Белая и Пшиш). От расчетного створа граница участка уходит на восток до границы с бассейном Белой (т.6044 - 06.02.00.011 – Белая), а затем по этому водоразделу устремляется на юг в горы Кавказа до т.6043 схождения границ водохозяйственных участков 06.02.00.012, 06.02.00.011 и 06.03.00.003 (реки бассейна Черного моря от западной границы бассейна р. Шепси до р. Псоу). От т.6043 граница горной части участка проходит по отрогам хребтов Кавказа, разделяющим реки бассейна Кубани и бассейна Черного моря до т.6046 (схождение границ водохозяйственных участков 06.02.00.012, 06.02.00.013 и 06.03.00.002 - реки бассейна Черного моря от западной границы бассейна р. Пшада до восточной границы р. Дедеркай). После этого граница спускается в северном направлении в долину Краснодарского водохранилища к расчетному створу, на пути пересекая административную границу между Краснодарским краем и Республикой Адыгея в т.6047."""
"""Кола, вкл. оз. Кол-озеро""","""Водохозяйственный участок 02.01.00.005 охватывает бассейн оз.Кол-озеро и р. Кола от истока до устья. Территория участка расположена в Мурманской области, его площадь составляет 3,85 тыс. км2. Кола впадает в Кольский залив Баренцева моря в т.55. От этой точки граница водохозяйственного участка движется в юго-восточном направлении до т.2012 схождения границ водохозяйственных участков 02.01.00.005, 02.01.00.006 (Реки бассейна Баренцева моря от восточной границы р. Печенга до западной границы бассейна р. Воронья без: рр. Тулома и Кола) и 02.01.00.007 (Воронья от истока до г/у Серебрянское 1, вкл. оз.Ловозеро). Далее граница поворачивает на юг, проходит т.2013 схождения границ водохозяйственных участков 02.01.00.005, 02.01.00.007 и 02.02.00.003 (Нива вкл. оз. Имандра), проходит по водоразделу оз.Кол-озеро и оз.Пермус-озеро, в т.60 поворачивает на северо-запад к т.61 схождения границ водохозяйственных участков 02.01.00.004 (Тулома от Верхнетуломского г/у до устья), 02.01.00.005 и 02.02.00.003, после чего замыкается в начальной точке. На этой территории широко распространены торфяные болота, нередко поросшие березой. На выходах скальных пород и каменистых россыпях формируются примитивные почвы со скудным растительным покровом."""
"""Реки бассейна Онежской губы от западной границы бассейна р. Унежма до северо-восточной границы бассейна р. Золотица без р. Онега""","""Водохозяйственный участок 03.01.00.002 включает бассейны небольших рек по периметру Онежской губы и состоит из двух частей (юго-западной и северо-восточной), разделенных устьем р. Онега. Водохозяйственный участок расположен на территории Архангельской области. Площадь водохозяйственного участка составляет 7,3 тыс. км2. Юго-западная часть участка начинается на береговой линии Онежской губы на границе с бассейном р. Онега (03.01.00.001 – р. Онега) в т.3007. От этой точки граница участка идет на юго- запад до т.3006, обозначающей схождение границ водохозяйственных участков 03.01.00.001, 03.01.00.002 и 01.04.01.003 (Водла включая оз. Водлозеро от истока до Водлозерского г/у), затем поворачивает на северо-запад до т.39 – точки схождения границ водохозяйственных участков 03.01.00.002, 02.02.00.014 (Реки бассейна Онежской губы от южной границы бассейна р. Кемь до западной границы бассейна р. Унежма без р. Нижний Выг) и 01.04.01.003, рядом с которой в т.67 пересекается граница Республики Карелия и Архангельской обл., и доходит до т.66 на береговой линии Онежской губы. Здесь граница уходит на восток по берегу Онежской губы и замыкается в исходной точке юго-западной части рассматриваемого участка 03.01.00.002.Северо-восточная часть участка начинается на береговой линии Онежской губы на границе с бассейном р. Онега в т.69. Отсюда граница по берегу Онежской губы в северном направлении достигает границ бассейна р. Золотица в т.70 – точке схождения с границей водохозяйственного участка 03.02.03.005 (Реки бассейна Белого моря от северо-восточной границы р. Золотица до мыса Воронов без р. Северная Двина). Затем граница уходит на юг до т.3001 – точки схождения границ водохозяйственных участков 03.01.00.001, 03.01.00.002 и 03.02.03.005, после которой через т.3008 на водоразделе рр. Тамица и Вонгуда, замыкается в исходной точке северо-восточной части участка – т.69."""
"""Самара (включая бассейн р. Волчья)""","""Водохозяйственный участок 04.01.00.017 включает российскую часть бассейна р. Самара до Государственной границы РФ с Украиной. Площадь водохозяйственного участка составляет 10,98 тыс. км2. Граница водохозяйственного участка идет от т.211, в которой стыкуются Донской и Днепровский бассейновые округа (граница между гидрографическими единицами 04.01.00 и 05.01.04.) по Государственной границе с Украиной на юго-запад, пересекает р. Самара до т.944 – точки впадения р. Мокрые Ялы в р. Волчья (04.01.00). Отсюда граница вновь уходит по Государственной границе с Украиной в юго-западном направлении до т.945, в которой р. Гайчур пересекает Государственную границу РФ с Украиной (04.01.00). От этой точки по Государственной границе с Украиной, следуя в северо-западном и западном направлении, граница участка проходит по водоразделу р. Верхняя Терса, пересекает р. Средняя Терса и доходит до точки схождения границ водохозяйственных участков 04.01.00.017 и 04.01.00.018. Далее граница поворачивает на юго-восток и идет до т.4054 - точка водораздела в верховьях р. Верхняя Терса. Отсюда граница вновь уходит на юго-восток до точки схождения границ водохозяйственных участков 04.01.00.017, 04.01.00.018 и 04.01.00.013. Поворачивает на восток и доходит до т. 940, где сходятся границы водохозяйственных участков 04.01.00.017, 05.01.05.013 и 05.01.05.012, граница между Донским и Днепровским бассейновыми округами. От этой точки, следуя в северо-восточном, а затем в северо-западном направлении, граница участка большей частью проходит по железной дороге и замыкает участок в т. 211."""
Остер,"""Водохозяйственный участок 04.01.00.005 охватывает верхнюю часть бассейна р. Остер в пределах Российской Федерации до пересечения р. Остер Государственной границы РФ с Республикой Беларусь в т.4012. Площадь водохозяйственного участка составляет 2.7 тыс. км2. От этой точки граница участка следует на северо-запад вдоль Государственной границы РФ с Республикой Беларусь до т.4011, где стыкуется с границей участка 04.01.00.004 (Сож), после которой идет на восток и далее на северо-восток по водоразделу рр. Остери Сож до т.4010 – точки схождения границ водохозяйственных участков 04.01.00.004, 04.01.00.008 (Десна от истока до г/у Смоленской АЭС) и 04.01.00.005. От этой точки граница участка следует на юго-восток по водоразделу рр. Десна и Остер до т.4013, в которой сходятся границы водохозяйственных участков 04.01.00.008, 04.01.00.005 и 04.01.00.010 (Десна от г/у Смоленской АЭС до г. Брянск без р. Болва), далее на юг до т.4014 – точки схождения границ водохозяйственных участков 04.01.00.007 (Ипуть), 04.01.00.005и 04.01.00.010 и пересечения границы Смоленской и Брянской области. Здесь граница участка поворачивает на запад и простирается до Государственной границы РФ с Респ. Беларусь, и в т.4015 на этой границе поворачивает на северо-запад к замыкающему створу участка – т.4012."""
"""Реки бассейна Азовского моря от Крымского полуострова до бассейна р. Кальмиус""","""Водохозяйственный участок 05.01.05.013 включает реки Азовского моря от Крымского полуострова до бассейна р. Кальмиус. Площадь водохозяйственного участка составляет 26.30 км2. От точки на береговой линии Азовского моря в месте пересечения границ Херсонской и Запорожской областей т.210 идет по берегу Азовского моря через косу Арабатская стрелка и доходит до точки т.942 – точки схождения гидрографических единиц 04.01.00, 05.01.05, 21.02.00 и пересечения границ Херсонской области и Республики Крым. Здесь граница уходит на север и на пересечении Каховского канала достигает т.943, после которой поворачивает на северо-восток к т.941, в которой сходятся границы между гидрографическими единицами 04.01.00 и 05.01.05 на пересечении границ Херсонской и Запорожской областей. В дальнейшем граница участка сохраняет южное направление до т.940 – точки на границе между Донским и Днепровским бассейновыми округами и между гидрографическими единицами 04.01.00, 05.01.05. От этой точки по береговой линии Азовского моря граница замыкается в т.210."""
Ворона,"""Водохозяйственный участок 05.01.02.002 включает бассейн р. Ворона с расчетным створом в месте впадения р. Ворона в р. Хопер (т.5057). Площадь водохозяйственного участка составляет 13.2 тыс. км2. От точки замыкающего створа, в которой сходятся границы водохозяйственных участков 05.01.02.002), 05.01.02.001 (Хопер от истока до впадения р. Ворона) и 05.01.02.005 (Хопер от впадения р. Ворона до устья без рр. Ворона, Савала и Бузулук), граница участка 05.01.02.002 простирается на север по водоразделу рр. Воронаи Карачан, в т.5064 происходит пересечение границы Тамбовской и Воронежской областей, а в т.5065 сходятся границы водохозяйственных участков 05.01.02.002, 05.01.02.003 (Савала) и 05.01.02.005. Северное направление границы сохраняется до т.5066, где наблюдается схождение границ водохозяйственных участков 05.01.02.002, 05.01.02.003 и 09.01.02.002 (Цна от истока до г. Тамбов), и далее с небольшим отклонением на северо-восток до т.9094 - точки схождения границ водохозяйственных участков 09.01.02.002, 09.01.02.003 (Цна от г. Тамбов до устья) и 05.01.02.002. Затем граница участка огибает истоки многочисленных притоков верхней части бассейна р. Ворона, в т.184 пересекает границу Пензенской и Тамбовской областей, и достигает т.9090 – точки схождения границ водохозяйственных участков 09.01.02.001 (Мокша от истока до в/п г. Темников), 09.01.02.003 и 05.01.02.002. Отсюда граница поворачивает на юго- восток до т.5060, где сходятся границы водохозяйственных участков 05.01.02.001, 05.01.02.002 и 09.01.02.001. От этой точки граница участка следует на юго-запад вдоль левой части бассейна р. Ворона, пересекает границу Пензенской и Саратовской областей (т.5059), уходит на юг, пересекает границу Саратовской и Тамбовской областей (т.5067), затем границу Тамбовской, Саратовской и Воронежской областей (т.5058) и в западном направлении замыкается в расчетном створе (т.5057)."""
"""Миасс от Аргазинского г/у до г. Челябинск""","""Водохозяйственный участок 14.01.05.009 охватывает бассейн р. Миасс от Арагазинского гидроузла до г. Челябинск. Участок расположен в Челябинской области, его площадь 2,8 тыс. км2. От расчетного створа т.14035 на р. Миасс ниже г. Челябинск граница следует на юг между оз. Синеглазово и Курлады, делает петлю в западном направлении, проходит т.14011 схождения границ водохозяйственных участков 14.01.05.001 (Увелька), 14.01.05.009 и 14.01.05.010 (Миасс от г. Челябинск до устья). Затем, по водоразделу рр. Бишкиль и Коелга граница достигает т.14010 схождения границ водохозяйственных участков 14.01.05.001, 14.01.05.008 (Миасс от истока до Аргазинского г/у) и 14.01.05.009, поворачивает на север, обходя оз. Мал. Миассово, пересекает р. Миасс в створе Арагазинского гидроузла в т.14034, проходит т.14032 схождения границ водохозяйственных участков 14.01.05.007 (Теча), 14.01.05.008, 14.01.05.009 и 14.01.05.010, поворачивает на восток и по водоразделу рр. Зюзелга и Миасс следует к замыканию в начальной точке."""
"""Острова Белого моря в пределах внутренних морских вод и территориального моря РФ, прилегающего к береговой линии гидрографической единицы 03.02.03""","""Водохозяйственный участок 03.02.03.100 включает водные объекты островов в пределах внутренних морских вод и территориального моря РФ, прилегающего к береговой линии гидрографической единицы 03.02.03. Площадь островов составляет около 0,05 тыс. км2. Граница водохозяйственного участка проходит по береговой линии островов."""
"""Сок от истока до устья""","""Водохозяйственный участок 11.01.00.006 охватывает бассейн р. Сок от истока до устьевого замыкающего створа в т.11018. Площадь водохозяйственного участка составляет 11,7 тыс. км2. От т.11018 граница участков 11.01.00.006 и 11.01.00.015 (Волга от Куйбышевского г/у до Саратовского г/у (Саратовское в-ще) без рр. Сок, Чапаевка, Мал.Иргиз, Самара и Сызранка) идет на северо-запад до точки 11013, в которой сходятся границы участков 11.01.00.004 (Большой Черемшан), 11.01.00.005 (Куйбышевское в-ще от пгт. Камское устье до Куйбышевского г/у без р. Бол. Черемшан), 11.01.00.006 и 11.01.00.015. От этой точки граница участков 11.01.00.006 и 11.01.00.004 идет на северо-восток и далее на восток, плавно оконтуривая бассейн р. Кондурча, до точки пересечения с административной границей Республики Татарстан и Самарской области (11012). По водоразделу рр. Сок и Бол.Черемшан граница доходит до точки 11006 – точки схождения границ водохозяйственных участков 11.01.00.002 (Шешма), 11.01.00.004 и 11.01.00.006. Далее граница участков 11.01.00.006 и 11.01.00.002 в восточном направлении достигает истоков р. Сок, где находится точка 11019, разделяющая водохозяйственные участки 10.01.01.013 (Ик), 11.01.00.002 и 11.01.00.006. Граница участков 11.01.00.006 и 10.01.01.013 идет на юго-восток и в т.11020 – точке схождения границ водохозяйственных участков 10.01.01.013, 11.01.00.006 и 11.01.00.008 (Бол.Кинель без р. Кутулук от истока до Кутулукского г/у) поворачивает на юго-запад и, разделяя участки 11.01.00.006 и 11.01.00.008, идет по водоразделу рр. Бол.Кинель и Сок через границу Оренбургской и Самарской областей (т.11021). В т.11022 сходятся водохозяйственные участки 10.01.01.006, 11.01.00.008 и 11.01.00.011 (Самара от в/п с. Елшанка до г. Самара (выше города) без р. Бол.Кинель), а в расположенной на небольшом расстоянии от нее т.11023 - участки 11.01.01.006, 11.01.00.011 и 11.01.00.015. Затем граница участков 11.01.00.006 и 11.01.00.015 в западном направлении замыкает участок в расчетном створе – т.11018."""
"""Шешма от истока до устья""","""Водохозяйственный участок 11.01.00.002 охватывает бассейн р. Шешма от истока до устьевого створа в т.11004. Площадь водохозяйственного участка составляет 6,0 тыс. км2. От т.11004 граница участков 11.01.00.002 и 11.01.01.003 (Камский участок Куйбышевского в-ща от устья р. Кама до пгт. Камское устье без р. Шешма и Волга) уходит к юго-востоку между рр. Оша и Уратьма до т.11005, где пересекаются границы участков 11.01.00.002, 11.01.01.003 и 10.01.01.015 (Кама от Нижнекамского г/у до устья без р. Вятка). Далее в том же направлении граница идет сначала по водоразделу рр. Зай и Кучуй, затем вдоль верховьев бассейна р. Шешма до т.330 - точки пересечения границ Республики Татарстан, Оренбургской и Самарской обл. и сразу же попадает в точку (11019) схождения границ водохозяйственных участков 11.01.01.006 (Сок), 10.01.01.013 (Ик) и 11.01.00.002. От этой точки граница участков 11.01.00.002 и 11.01.00.006 идет на восток разделяя верхние участки бассейнов рр. Сок и Шешма до т.11006, в которой сходятся границы водохозяйственных участков 11.01.00.002, 11.01.00.004 (Бол.Черемшан) и 11.01.00.006. Далее граница участков 11.01.00.002 и 11.01.00.004 идет на северо-запад по водоразделу рр. Шешма и Бол.Черемшан с притоками Бол. Сульча, Мал.Сульча и Мал.Черемшан, пересекает в т.11007 административную границу Республики Татарстан с Самарской областью и доходит до т.11008, обозначающей границы водохозяйственных участков 11.01.00.002, 11.01.00.003 и 11.01.00.004. Отсюда вдоль бассейна р. Толкишка граница в северо-западном направлении возвращается в замыкающий створ – т.11004."""
"""Клязьма от истока до Пироговского г/у""","""Водохозяйственный участок 09.01.03.003 охватывает верхнюю часть бассейна р. Клязьма и замыкается в расчетном створе у Пироговского г/у (т.9130). Площадь водохозяйственного участка составляет 0,47 тыс. км2. От т.9130 граница между участками 09.01.03.003 и09.01.01.017 (Москва от Рублевского г/у до в/п с. Заозерье без р. Пахра) уходит на запад, проходит через т.9131, в которой сходятся границы водохозяйственных участков 09.01.01.017, 09.01.03.003 и 09.01.03.005 (Клязьма от Пироговского г/у до г. Ногинск без р. Уча (от истока до Акуловского г/у)) и пересекает канал им.Москвы севернее г. Химки. У г. Долгопрудный граница поворачивает на северо-запад, идет по водоразделу рр. Клязьма и Сходня до т.9057 - точки схождения границ водохозяйственных участков 09.01.01.014 (Истра от истока до Истринского г/у), 09.01.01.017 и 09.01.03.003. Далее граница отклоняется на север и у истока р. Сестра проходит т.286, где сходятся границы водохозяйственных участков 09.01.01.014, 09.01.03.003 и 08.01.01.008 (Волга от Иваньковского г/у до Угличского г/у (Угличское в-ще)). От этой точки граница участков 09.01.03.003 и 08.01.01.008 огибает исток р. Клязьма, поворачивает на юго-восток, в истоке р. Волгуша проходит через т.9105 – точку схождения границ водохозяйственных участков 09.01.03.003, 09.01.03.004 (Уча от истока до Акуловского г/у) и 08.01.01.008 и после повторного пересечения канала им.Москвы возвращается в точку расчетного замыкающего створа – т.9130."""
"""Томь от г. Новокузнецк до г. Кемерово""","""Водохозяйственный участок 13.01.03.003 охватывает бассейн р. Томь от г. Новокузнецк до г. Кемерово. Участок расположен в Кемеровской области, его площадь составляет 17,6 тыс. км2. От расчетного створа ниже г. Кемерово (т.13040) граница водохозяйственного участка 13.01.03.003 следует на северо-восток до т.13041 схождения границ водохозяйственных участков 13.01.03.003, 13.01.03.004 (Томь от г. Кемерово до устья) и 13.01.04.003 (Чулым от в/п с. Зырянское од устья), затем поворачивает на юго-восток, проходит по водоразделу рр. Грязная и Барзас до т.13042 схождения границ водохозяйственных участков 13.01.03.003, 13.01.04.002 (Чулым от г. Ачинск до в/п с. Зырянское) и 13.01.04.003, потом по водоразделу рр. Тайдон и Кия – до т.13043 схождения границ водохозяйственных участков 13.01.03.003, 13.01.04.001 (Чулым от истока до г. Ачинск) и 13.01.04.002. Далее граница следует в юго-западном направлении, пересекает границу между Кемеровской областью и Республикой Хакасия в т.433, проходит т.13039 схождения границ водохозяйственных участков 13.01.03.002 (Томь от истока до г. Новокузнецк без р. Кондома), 13.01.03.003 и 13.01.04.001, следует на запад по водоразделу рр. Верх. Терсь и Абашеева, пересекает р. Томь ниже г. Новокузнецк (т.13038), проходит т.13023 схождения границ водохозяйственных участков 13.01.03.002, 13.01.03.003 и 13.01.02.004 (Чумыш), далее следует в северном направлении, проходит т.13022 схождения границ водохозяйственных участков 13.01.02.004, 13.01.02.006 (Иня) и 13.01.03.003, далее простирается по водоразделу рр. Иня и Бунгарап, Иня и Мунгап (т.429), Искитим и Сев. Уньга, проходит т.13034 схождения границ водохозяйственных участков 13.01.02.006, 13.01.03.003 и 13.01.03.004 и замыкается в начальной точке."""
Бузулук,"""Водохозяйственный участок 05.01.02.004 включает бассейн р. Бузулук с расчетным створом в месте впадения р. Бузулук в р. Хопер (т.5070). Площадь водохозяйственного участка составляет 9.5 км2. От точки замыкающего створа граница участка простирается на север по водоразделу рр. Бузулук и Хопер до т.5071, которая обозначает схождение границ водохозяйственных участков 05.01.02.001 (Хопер от истока до впадения р. Ворона), 05.01.02.004 и 05.01.02.005 (Хопер от впадения р. Ворона до устья без рр. Ворона, Савала и Бузулук), затем пересекает административную границу Воронежской и Волгоградской областей (т.5063), делает петлю вокруг истока р. Карадаш и в юго-восточном направлении приходит в т.5062, где сходятся границы водохозяйственных участков 05.01.02.001, 05.01.02.004 и 05.01.03.002 (Терса). В т.221 пересекается граница областей Воронежской и Волгоградской и на юго-восток граница участка следует по водоразделу рр. Бузулук и Терса до т.5072 – точки схождения границ водохозяйственных участков 05.01.02.004, 05.01.03.003 (Медведица от впадения р. Терса до устья) и 05.01.03.002. Далее граница огибает исток р. Бузулук (т.222), уходит на запад до т.5073, в которой сходятся границы водохозяйственных участков 05.01.02.004, 05.01.03.003 и 05.01.02.005 и в этом же западном направлении достигает замыкающего створа – т.5070."""
"""Мамакан от истока до створа Мамаканской ГЭС""","""Водохозяйственный участок 18.03.02.004 охватывает территорию бассейна р. Мамакан от истока до створа Мамаканской ГЭС расположен в Иркутской области. Площадь водохозяйственного участка составляет 9,3 тыс. км2. От расчетной т.18027 на створе Мамаканской ГЭС на р. Мамакан граница следует в восточном направлении, проходит через т.18026 схождения границ водохозяйственных участков 18.03.02.003 (Витим от в/п с. Спицино до г. Бодайбо), 18.03.02.004 и 18.03.02.005 (Витим от г. Бодайбо до устья без р. Мамакан (от истока до Мамаканской ГЭС)), поворачивает на юго-восток, затем на юго-запад, пересекает административную границу между Иркутской областью и Республикой Бурятия в точке схождения границ водохозяйственных участков 18.03.02.003, 18.03.02.004 и 16.04.00.001 (Бассейны рек средней и северной части оз. Байкал от юго-восточной границы бассейна р. Ангара до северо-западной границы бассейна р. Баргузин) - т.604. Далее граница следует на северо - запад по административной границе до т.18028 схождения границ водохозяйственных участков 18.03.02.004, 18.03.02.005 и 16.04.00.001, поворачивает на север, затем на северо - восток и замыкается в начальной т.18027. Граница разделяет реки бассейна Мамакана (Прав. Мамакан, Сред. Мамакан и Лев. Мамакан) и реки бассейна Витима. Большая часть территории водохозяйственного участка расположена в пределах Байкальского нагорья (900-1600 м), южный отрезок границы проходит по Уранскому хр. (2273 м). Склоны хребтов заняты горной тайгой до высоты 110-1400 м, выше развиты пояса подгольцового редколесья и горной тундры."""
"""Москва от истока до Можайского г/у""","""Водохозяйственный участок 09.01.01.010 охватывает верхнюю часть бассейна р. Москва и замыкается в расчетном створе Можайского г/у (т.9029). Площадь водохозяйственного участка составляет 1,4 тыс. км2. От т.9029 граница между водохозяйственными участками 09.01.01.010 и 09.01.01.006 (Протва) идет на запад по водоразделу бассейнов р. Протва и р. Колочь до т.9022, в которой сходятся границы водохозяйственных участков 09.01.01.010, 09.01.01.006 и 09.01.01.004 (Угра). После пересечения административной границы Московской и Смоленской областей расположена т.9021- точка схождения границ водохозяйственных участков 09.01.01.010, 09.01.01.004 и 08.01.01.004 (Волга от Верхневолжского бейшлота до г. Зубцов без р. Вазуза от истока до Зубцовского г/у). Повернув на север, граница участка по водоразделу бассейнов верхней Москвы и Гжати достигает т.8006, разделяющей границы водохозяйственных участков 09.01.01.010, 08.01.01.004 и 08.01.01.003 (Вазуза от истока до Зубцовского г/у без р. Яуза до Кармановского г/у) недалеко от пересечения границ Московской и Смоленской областей (т.287). Вблизи истока р. Иночи граница поворачивает на юго-восток и до т.9045 идет по водоразделу рек Руза и Иночь. В этой точке сходятся границы водохозяйственных участков 09.01.01.010, 09.01.01.011 (Руза от истока до Рузского г/у) и 09.01.01.013 (Москва от Можайского г/у до г. Звенигород без р. Руза (от истока до Рузского г/у) и р. Озерна (от истока до Озернинского г/у)). От нее граница участка идет строго в южном направлении вдоль р. Искона до замыкающего расчетного створа т.9029 (Можайский г/у)."""
"""Обь от г. Салехард до устья""","""Водохозяйственный участок 15.02.03.002 включает устьевую часть бассейна Оби ниже г. Салехард. Водохозяйственный участок полностью расположен на территории Ямало-Ненецкого автономного округа. Площадь водохозяйственного участка составляет 40 тыс. км2. Т.518– впадение р. Обь в Надымскую Обь Обской губы Карского моря. От этой точки граница участка р. Оби следует по побережью Надымской Оби на восток до водораздела на границе с бассейном р. Надыма (т.519 - 15.03.00.001 - Надым). Отсюда граница участка отходит от морского побережья и простирается в западном направлении, совпадая с границей бассейна р. Надым, до т.15002 схождения границ водохозяйственных участков 15.02.03.001 (Обь от впадения р. Северная Сосьва до г. Салехард), 15.02.03.002 и 15.03.00.001. После этого в том же западном направления граница проходит по северному водоразделу бассейна р. Полуй до г. Салехард (т.15001), где она пересекает р. Обь, затем поворачивает на север и доходит до т.137 схождения границ водохозяйственных участков 03.05.02.001 (Уса), 15.02.03.001 и 15.02.03.002 в верховьях р. Бол.Уса на границе Республики Коми и Ямало-Ненецкого автономного округа, проходит по этой административной границе до т.136 - схождение границ водохозяйственных участков 15.01.00.001 (Реки бассейна Карского моря от западной границы бассейна р. Бол. Ою до мыса Скуратова), 15.02.03.002 и 03.05.02.001. Здесь граница участка огибает верховья р. Щучья и поворачивает на восток, следуя до т.516 на водоразделе бассейнов р. Еркутаяха и р. Танловаяха в точке схождения границ водохозяйственных участков 15.01.00.001, 15.02.03.002 и 15.02.03.003 (Реки западного участка бассейна Обской губы). Отсюда граница простирается в юго-восточном направлении и выходит к побережью на границе Надымской Оби Обской Губы (т.15003), после чего, огибая дельту Оби, замыкается в исходной точке. Рельеф прибрежного участка границы низменный. Распространены тундровые ландшафты, из-за значительного переувлажнения территории здесь широко представлены ландшафты гидроморфного ряда (различные типы болот, заболоченных тундр). Предгорья Полярного Урала западного участка границы заняты гольцовыми холодными пустынями с накипными лишайниками и полигональными тундрами, ниже они сменяются моховыми, кустарничково-моховыми и кустарничкого-травяными формациями."""
"""Афипс, в том числе Шапсугское в-ще""","""Водохозяйственный участок 06.02.00.015 охватывает бассейн Шапсугского водохранилища, включая р. Афипс. Территория водохозяйственного участка расположена в Краснодарском крае и Республике Адыгея. Площадь участка составляет 1,2 тыс. км2. Расчетный створ участка расположен в т.6056 в створе Шапсугского гидроузла на р. Афипс на границе с водохозяйственными участками 06.02.00.014 (Кубань от Краснодарского г/у до впадения р. Афипс), 06.02.00.016 (Кубань от впадения р. Афипс до Тиховского г/у), 06.02.00.20 (Варнавинский Сбросной канал) и 06.02.00.015. От расчетного створа граница участка простирается в юго-восточном направлении, огибает ложе Шапсугского водохранилища, пересекает административную границу между Краснодарским краем и Республикой Адыгея (т.6057) и доходит до т.6051 схождения границ водохозяйственных участков 06.02.00.015, 06.02.00.013 (Кубань от г. Усть-Лабинск до Краснодарского г/у без рр. Белая и Пшиш) и 06.02.00.014. Отсюда граница простирается на юг по водоразделу бассейна р. Шебш до т.6050 (схождение границ водохозяйственных участков 06.02.00.015, 06.02.00.013 и 06.03.00.002 - Реки бассейна Черного моря от западной границы бассейна р. Пшада до восточной границы р. Дедеркай), затем граница участка следует на северо- запад, разделяя бассейны рек Черного моря и бассейна Шапсугского водохранилища, до т.6058 схождения границ водохозяйственных участков 06.02.00.015, 06.02.00.018 (водные объекты бассейна Крюковского в-ща) и 06.03.00.002, после чего устремляется на север к расчетному створу Шапсугского гидроузла, на пути пересекая административную границу между Краснодарским краем и Республикой Адыгея (т.6059)."""
"""Самара (включая бассейн р. Волчья)""","""Водохозяйственный участок 04.01.00.017 включает российскую часть бассейна р. Самара до Государственной границы РФ с Украиной. Площадь водохозяйственного участка составляет 10,98 тыс. км2. Граница водохозяйственного участка идет от т.211, в которой стыкуются Донской и Днепровский бассейновые округа (граница между гидрографическими единицами 04.01.00 и 05.01.04.) по Государственной границе с Украиной на юго-запад, пересекает р. Самара до т.944 – точки впадения р. Мокрые Ялы в р. Волчья (04.01.00). Отсюда граница вновь уходит по Государственной границе с Украиной в юго-западном направлении до т.945, в которой р. Гайчур пересекает Государственную границу РФ с Украиной (04.01.00). От этой точки по Государственной границе с Украиной, следуя в северо-западном и западном направлении, граница участка проходит по водоразделу р. Верхняя Терса, пересекает р. Средняя Терса и доходит до точки схождения границ водохозяйственных участков 04.01.00.017 и 04.01.00.018. Далее граница поворачивает на юго-восток и идет до т.4054 - точка водораздела в верховьях р. Верхняя Терса. Отсюда граница вновь уходит на юго-восток до точки схождения границ водохозяйственных участков 04.01.00.017, 04.01.00.018 и 04.01.00.013. Поворачивает на восток и доходит до т. 940, где сходятся границы водохозяйственных участков 04.01.00.017, 05.01.05.013 и 05.01.05.012, граница между Донским и Днепровским бассейновыми округами. От этой точки, следуя в северо-восточном, а затем в северо-западном направлении, граница участка большей частью проходит по железной дороге и замыкает участок в т. 211."""
"""оз. Кубенское и р.Сухона от истока до Кубенского г/у""","""Водохозяйственный участок 03.02.01.001 охватывает бассейн Кубенского озера и р. Сухона с замыкающим расчетным створом у Кубенского г/у в т.3010. Водохозяйственный участок расположен на территории Вологодской и Архангельской областей. Площадь водохозяйственного участка составляет 15,1 тыс. км2.От точки замыкающего створа граница идет на запад до т.3011, где сходятся границы водохозяйственных участков 03.02.01.001, 03.02.01.003 (Малая Северная Двина от начала реки до впадения р. Вычегда без рр. Юг и Сухона (от истока до Кубенского г/у) и 08.01.02.003 (Шексна от истока (вкл. оз. Белое) до череповецкого г/у), затем поворачивает на северо-запад вдоль Шекснинского в-ща до пересечения Северо-Двинского канала в т.106 и далее на север по водоразделу бассейнов оз.Белое и р. Совза, впадающей в оз. Воже, до т.75 – точки схождения границ водохозяйственных участков 03.01.00.001 (Онега), 03.02.01.001 и 08.01.02.003. Рельеф участка границы - слабохолмистая равнина с небольшими возвышенностями в пределах 150м– 220 м и лишь в месте пересечения Северо-Двинского канала - понижение до 100 м. Граница проходит в лесной зоне южной тайги (еловые леса с примесью липы).От т.75 граница уходит на восток, делает крутую петлю вокруг истока р. Волжега (т.3005), доходит до т.74, где пересекает границу Архангельской и Вологодской обл. Далее граница, простираясь по Коношской возвышенности, подходит к т.73, где сходятся границы водохозяйственных участков 03.01.00.001, 03.02.01.001 и 03.02.03.002 (Вага), а на восток от нее пересекается граница Архангельской и Вологодской обл. в т.110. Абсолютные высоты составляют около 200 м, снижаясь к югу от озера Воже до 160 м, рельеф холмистый, моренный. На этом участке ландшафты представлены смешанными, часто заболоченными лесами, на карбонатной морене распространены ельники с примесью широколиственных пород. Отсюда граница поворачивает на юг, проходит в т.3009 – точку схождения границ водохозяйственных участков 03.02.01.001, 03.02.03.002 и 03.02.01.003 и в западном направлении замыкает участок в створе Кубенского г/у в т.3010."""
"""Червленая от истока до Береславского г/у""","""Водохозяйственный участок 05.01.03.006 включает бассейн небольшого притока системы канала Волго-Дон р. Червленая с замыкающим створом р. Червленая у Береславского г/у (т.5085). Площадь водохозяйственного участка составляет 0.2 тыс. км2. От точки замыкающего створа граница участка следует на восток до т.5013 – точки схождения границ водохозяйственных участков 05.01.03.006, 11.01.00.023 (Волга от Волгоградского г/у до в/п Светлый Яр) и 05.01.03.007 (Карповка от истока до Карповского г/у). Далее граница огибает исток р. Червленая и возвращается к каналу Волго-Дон, который пересекает в т.191, и по левому берегу Береславского в-ща возвращается к замыкающему створу – т.5085."""
"""Алдан от впадения р.Мая до впадения р.Амга""","""Водохозяйственный участок 18.03.06.007 охватывает территорию бассейна р. Алдан от впадения р. Мая (в/п Чаран) до впадение р. Амга (в/п Хандыга), расположен в Респ. Саха (Якутия) и Хабаровском крае. Площадь водохозяйственного участка составляет 100,0 тыс.км2. От расчетного створа т.18075, на котором сходятся границы водохозяйственных участков 18.03.06.007, 18.03.06.008 (Амга) и 18.03.06.009 (Алдан от впадения р. Амга до устья) граница следует на северо-восток, проходит через т.18076 схождения границ водохозяйственных участков 18.03.06.007, 18.03.06.009 и 18.05.00.001 (Индигирка от истока до впадения р. Нера), поворачивает на восток, поднимается на хр. Сунтар-Хаят, пересекает административную границу между Республикой Саха (Якутия) и Хабаровским краем в точке схождения границ водохозяйственных участков 18.03.06.006 (Мая от в/п с. Аим до устья), 18.03.06.007 и 18.05.00.001 - т.711, поворачивает на юг и выходит на Майское нагорье к водоразделу рр. Эльгандя и Мунду (т.18070). Затем граница выходит на водораздел рр. Ытыга и Бас-Дюкат к т.18069, поворачивает на северо-запад, пересекает Горностахский хр., в т.18072 - точке схождения границ водохозяйственных участков 18.03.06.004 (Алдан от впадения р. Учур до впадения р. Мая), 18.03.06.006 и 18.03.06.008 пересекает р. Алдан ниже с. Чаран и тянется по плато на север к т.18073 схождения границ водохозяйственных участков 18.03.06.004 (Алдан от впадения р. Учур до впадения р. Мая), 18.03.06.007 и 18.03.06.008, поворачивает на северо-запад, пересекает устье р. Амга и замыкается в начальной т.18075. Абсолютные высоты на северной и восточной границе водохозяйственного участка составляют 1900-2700 м, к югу и западу они понижаются до 600-300 м. Высокогорные ландшафты (редколесья с тундровыми участками, а местами – гольцами, нередко занятыми снежниками и ледниками) по мере снижения сменяются зональными бореальными лесными ландшафтами, представленными на данном участке подзоной лиственничной тайги."""
"""Днепр от г. Дрогобуж до г. Смоленск""","""Водохозяйственный участок 04.01.00.002 охватывает часть бассейна р. Днепр до расчетного створа ниже г. Смоленск в т.4003. Площадь водохозяйственного участка составляет 7.7 тыс. км2. От точки замыкающего створа граница участка следует на север до т.4004, где сходятся границы водохозяйственных участков 04.01.00.002, 04.01.00.003 (Российская часть бассейна р. Днепр ниже г. Смоленск) и 01.02.00.004 (Западная Двина и ее притоки от впадения р. Межа до границы с Респ. Беларусь), затем после поворота на восток (т.16) вновь уходит на север. Далее между истоками рр. Дояжна и Хмость граница отклоняется на северо-восток, а в т.15 у истока р. Гобза – на восток до т.14, где пересекается граница Тверской и Смоленской областей. Недалеко от этой точки в юго-восточном направлении граница участка приходит в т.4002 у истока р. Нача – точку схождения границ водохозяйственных участков 04.01.00.001 (Днепр от истока до г. Дорогобуж), 04.01.00.002 и 01.02.00.003 (Межа). Здесь граница поворачивает на юг, по водоразделу рр. Воль и Днепр проходит верхний створ участка на Днепре – т.4001 у г. Дорогобуж и достигает в этом направлении двух точек, обозначающих схождение границ различных водохозяйственных участков: т. 9019 - участков 09.01.01.004 (Угра), 04.01.00.002 и 04.01.00.001 и т.4029 - участков 04.01.00.002, 04.01.00.008 (Десна от истока до г/у Смоленской АЭС) и 09.01.01.004. От этой последней точки граница участка следует на запад до т.4005, где сходятся границы водохозяйственных участков 04.01.00.002, 04.01.00.008 и 04.01.00.004 (Сож), затем по водоразделу р. Днепр и верхних притоков р. Сож доходит до т.4006 – точки схождения границ водохозяйственных участков 04.01.00.002, 04.01.00.003 и 04.01.00.004, после которой уходит на север к замыкающему створу участка – т.4003."""
Поной,"""Водохозяйственный участок 02.02.00.001 охватывает бассейн р. Поной, впадающей в Белое море. Водохозяйственный участок расположен на территории Мурманской области, его площадь составляет 15,5 тыс. км2.Поной впадает в Белое море в т.2024. От этой точки граница движется на юг по береговой линии Белого моря до границы с водохозяйственным участком 02.01.00.002 (реки бассейна Белого моря от мыса Святой Нос до восточной границы бассейна р. Нива без р. Поной) в т.2025, далее она движется вглубь Кольского полуострова по водоразделу бассейна р. Поной, обходя верховья рр. Сосновка, Пурнач, Пулонга, Вилмуай, Стрельна, Мал. Варзуга, Тичка, Юзия, Пана, Кукша и достигает т.2019 схождения границ водохозяйственных участков 02.02.00.001, 02.02.00.002 и 02.01.00.007 (Воронья от истока до г/у Серебрянское 1, вкл. оз. Ловозеро).Затем граница следует на север, проходит т.2018 схождения границ водохозяйственных участков 02.01.00.007, 02.01.00.009 (Реки бассейна Баренцева моря от восточной границы бассейна р. Воронья до западной границы бассейна р. Иоканга (мыс Святой Нос)) и 02.02.00.001, т.57 в верховьях р. Кульйок и поворачивает на восток. На данном участке растительность до высоты 500- 600 м представлена редкостойным криволесьем и мохово-лишайниковым и травяным покровом, вершины гор заняты каменистой тундрой. От т.57 в восточном направлении граница проходит северному водоразделу бассейна р. Поной до т.2023 схождения границ водохозяйственных участков 02.01.00.009, 02.02.00.001 и 02.02.00.002, выходит на побережье Белого моря на границе с водохозяйственным участком 02.02.00.002 в т.2026 и замыкается в начальной точке."""
"""Урал от г. Орск до впадения р.Сакмара""","""Водохозяйственный участок 12.01.00.008 охватывает российскую часть бассейна р. Урал от г. Орск до впадения р. Сакмара. Площадь участка составляет 13.4 тыс. км2. Р. Сакмара впадает в р. Урал ниже г.Оренбург в т.12004. От этой точки граница водохозяйственного участка движется по водоразделу рр. Урал и Сакмара в восточном направлении через т.12027 – точку схождения границ водохозяйственных участков 12.01.00.005 (Сакмара от истока до впадения р. Большой Ик), 12.01.00.007 (Сакмара от впадения р. Большой Ик до устья) и 12.01.00.008, т.12008 – точку схождения границ водохозяйственных участков 12.01.00.003 (Урал от Магнитогорского г/у Ириклинского г/у), 12.01.00.005 и 12.01.00.008 и т.12023 – точку схождения границ водохозяйственных участков 12.01.00.003, 12.01.00.004 (Урал от Ириклинского г/у до г. Орск) и 12.01.00.008 до т.12022, в которой р. Урал пересекает Государственную границу РФ с Казахстаном. Далее граница водохозяйственного участка 12.01.00.008 поворачивает на запад и следует по Государственной границе РФ с Казахстаном через т.358, в которой р. Урал вновь пересекает Государственную границу, до т.12026 – точки примыкания границы между водохозяйственными участками 12.01.00.008 и 12.01.00.009 (Илек) к Государственной границе РФ с Казахстаном. Далее граница проходит по водоразделу рр. Урал и Илек через т.12005 – точку схождения границ водохозяйственных участков 12.01.00.008, 12.01.00.009 и 12.01.00.010 (Российская часть бассейна р. Урал ниже впадения в него р. Сакмара без р. Илек), после чего замыкается в начальной точке."""
Иловля,"""Водохозяйственный участок 05.01.03.004 включает бассейн р. Иловля с расчетным створом в месте впадения р. Иловля в р. Дон (т.5080). Площадь водохозяйственного участка составляет 9.0 тыс. км2. От точки замыкающего створа граница участка следует на северо-запад до т.5079, в которой сходятся границы водохозяйственных участков 05.01.03.004, 05.01.03.003 (Медведица от впадения р. Терса до устья) и 05.01.03.005 (Дон от впадения р. Хопер до г. Калач-на-Дону без рр. Хопер, Медведица и Иловля). Далее граница поворачивает на северо-восток, извивается между истоками правых притоков р. Иловля и левых притоков р. Медведица и достигает т.5078 – точки схождения границ водохозяйственных участков 05.01.03.004, 05.01.03.003 и 05.01.03.001 (Медведица от истока до впадения р. Терса). Восточнее этой точки у истока р. Иловля граница участка пересекает административную границу Саратовской и Волгоградской областей и приходит в т.5011, где сходятся границы водохозяйственных участков 05.01.03.001, 11.01.00.022 (Волга от Саратовского г/у до Волгоградского г/у (Волгоградское в-ще) без рр. Бол.Иргиз, Бол.Караман, Терешка, Еруслан, Торгун) и 05.01.03.004. Отсюда граница уходит на юг по водоразделу р. Иловля и Волгоградского в-ща, пересекает в т.190 границу Саратовской и Волгоградской областей и у т.5010 – точки схождения границ водохозяйственных участков 05.01.03.005, 11.01.00.022 и 05.01.03.004, поворачивает на запад до замыкающего створа в т.5080."""
"""Тулома от Верхнетуломского г/у до устья""","""Водохозяйственный участок 02.01.00.004 охватывает бассейн р. Тулома от Верхнетуломского г/у до ее впадения в Кольский залив Баренцева моря. Территория бассейна расположена в Мурманской области, площадь участка составляет 4,0 тыс. км2.От расчетного створат.55 – впадения рр. Тулома в Кольский залив Баренцева моря граница водохозяйственного участка 02.01.00.004 следует на юг до т.61 схождения границ водохозяйственных участков 02.01.00.004, 02.01.00.005 (Кола, вкл. оз. Кол-озеро) и 02.02.00.003 (Нива вкл. оз. Имандра) и далее до т.2009 схождения границ водохозяйственных участков 02.01.00.003 (Тулома от истока до Верхнетуломского г/у, вкл. Нот-озеро), 02.01.00.004 и 02.02.00.003. Рельеф на этом участке сформирован озерными образованиями, плоскими равнинами игорными поднятиями. Растительность представлена еловыми лесами с мелкими пятнами и крупными массивами болот, преимущественно смешанного типа. Далее граница поворачивает на запад, огибает исток р. Конья, затем поворачивает на север, проходит створ Верхнетуломского г/у (т.2008), точку 2011 - схождения границ водохозяйственных участков 02.01.00.003, 02.01.00.004 и 02.01.00.006 (Реки бассейна Баренцева моря от восточной границы р. Печенга до западной границы бассейна р. Воронья без: рр. Тулома и Кола), после чего в восточном направлении замыкается в начальной т.55."""
"""Кемь от Кривопорожского г/у до устья""","""Водохозяйственный участок 02.02.00.010 охватывает бассейн р. Кемь на участке от Кривопорожского гидроузла до устья. Участок расположен в Республике Карелия, его площадь составляет 5,0 тыс. км2. Река впадет в Белое море в т.2069. От этой точки граница следует вдоль побережья на юг на кратком отрезке до т.2045 примыкания к ней границы с водохозяйственным участком 02.02.00.014 (Реки бассейна Онежской губы от южной границы бассейна р. Кемь до западной границы бассейна р. Унежма без р. Нижний Выг). Далее граница следует в юго-западном направлении до т.2068 схождения границ водохозяйственных участков 02.02.00.010, 02.02.00.013 (Нижний Выг от Выгозерского г/у до устья) и 02.02.00.014 и т.2052 схождения границ водохозяйственных участков 02.02.00.009 (Кемь от Юшкозерского г/у до Кривопорожского г/у), 02.02.00.010 и 02.02.00.013. В этой точке граница поворачивает на север, проходит створ Кривопорожского гидроузла в т.2051, и достигает т.2035 схождения границ водохозяйственных участков 02.02.00.004 (Ковда от истока до Кумского г/у, вкл. оз. Пя-озеро, Топ-озеро), 02.02.00.009 и 02.02.00.010.В т.2035 граница поворачивает на восток и проходит т.2034 схождения границ водохозяйственных участков 02.02.00.004, 02.02.00.007 (Реки бассейна Белого моря от западной границы бассейна р. Нива до северной границы бассейна р. Кемь без р. Ковда) и 02.02.00.01 и затем выходит на побережье Белого моря в т.2048 примыкания с нему границы с водохозяйственным участком 02.02.00.007, после чего следуя в южном направлении замыкается в начальной точке расчетного створа."""
"""Большой Зеленчук""","""Водохозяйственный участок 06.02.00.003 охватывает бассейн левого притока р. Кубань – р. Большой Зеленчук. Большая часть территории водохозяйственного участка расположена в Карачаево-Черкесская Республике, а также в Краснодарском крае и Ставропольском крае. Площадь участка составляет 2,73 тыс. км2. Расчетный створ участка расположен в т.6017 в месте впадения р. Большой Зеленчук в реку Кубань на границе с водохозяйственным участком 06.02.00.004 (Кубань от г. Усть-Джегута до г. Невинномысск без рр. Б. и М. Зеленчук). От этой точки граница водохозяйственного участка проходит на юг до т.6016 схождения границ водохозяйственных участков 06.02.00.004, 06.02.00.003 и 06.02.00.002 (Малый Зеленчук), по пути пересекая в т.6018 границу между Ставропольским краем и Карачаево-Черкесской Республикой. Затем граница участка поднимается в горы Большого Кавказа по хребту, разделяющему бассейны рек Большой и Малый Зеленчук, и выходит на Государственную границу РФ с Республикой Грузия (т.6012). От этой точки граница участка проходит по горам Большого Кавказа по Государственной границе РФ с Республикой Грузия до границы с водохозяйственным участком 06.02.00.007 - Лаба от истока до впадения р. Чамлык (т.6019), после чего спускается с гор, разделяя верховья бассейнов рек Бол. Лаба и Архыз, до т.6020 - схождение границ водохозяйственных участков 06.02.00.007, 06.02.00.003 и 06.02.00.005 (Уруп). Затем по хребту, разделяющему бассейны рек Уруп и Большой Зеленчук, граница участка проходит на север в долину Кубани до т.6022 схождения границ водохозяйственных участков 06.02.00.006 (Кубань от г. Невинномысск до г. Армавир без р. Уруп), 06.02.00.003 и 06.02.00.005, по пути пересекая границу между Краснодарским краем и Карачаево-Черкесской Республикой (т.6021), и, повернув на северо-восток, замыкается в расчетном створе."""
"""Обь от г. Барнаул до Новосибирского г/у без р. Чумыш""","""Водохозяйственный участок 13.01.02.005 охватывает бассейн р. Обь от г. Барнаул до Новосибирского гидроузла, исключая бассейн р. Чумыш. Участок расположен в Новосибирской области и Алтайском крае, его площадь составляет 39,1 тыс. км2. От расчетного створа т.13025 Новосибирского гидроузла на р. Обь граница водохозяйственного участка 13.01.02.005 следует на юго-восток, проходит т.13026 схождения границ водохозяйственных участков 13.01.02.005, 13.01.02.006 (Иня) и 13.01.02.007 (Обь от Новосибирского г/у до впадения р. Чулым без: рр. Иня и Томь), следует по водоразделу рр. Анчеш и Мал. Ик, проходит через т.13027 схождения границ Новосибирской и Кемеровской областей и Алтайского края, пересекает границу между Кемеровской областью и Алтайским краем в т.13020 схождения границ водохозяйственных участков 13.01.02.004 (Чумыш), 13.01.02.005 и 13.01.02.006 и поворачивает на запад. Далее граница водохозяйственного участка дважды пересекает границу между Новосибирской областью и Алтайским краем – в т.13019 и т.13018, пересекает р. Чумыш вт.13017 его впадения в р. Обь, делает петлю в северо-восточном направлении к т.13015 схождения границ водохозяйственных участков 13.01.02.003 (Обь от начала реки в месте слияния рр. Бия и Катунь до г. Барнаул без р. Алей), 13.01.02.004 и 13.01.02.005, затем, снова следуя в юго-западном направлении, пересекает р. Обь ниже г. Барнаул в т.13014, проходит по водоразделу рр. Касмала и Барнаулка до т.13016 схождения границ водохозяйственных участков 13.01.02.003, 13.01.02.005 и 13.02.00.003 (Водные объекты южнее бассейна р. Бурла без бассейнов озер Кучукского и Кулундинского), поворачивает на северо-запад, а затем на северо-восток к т.403 у оз. Молоково, проходит т.13028 схождения границ водохозяйственных участков 13.01.02.005, 13.02.00.001 (Бассейн оз. Кучукского) и 13.02.00.003, затем т.13029 схождения границ водохозяйственных участков 13.01.02.005, 13.02.00.001 и 13.02.00.002 (Бассейн оз. Кулундинского), снова поворачивает на северо-запад на водоразделе рр. Кулунда и Касмала, достигает т.13030 схождения границ водохозяйственных участков 13.01.02.005, 13.02.00.002 и 13.02.00.004 (Бассейн оз. Тополиное и р. Бурла), поворачивает на северо-восток, пересекает границу между Алтайским краем и Новосибирской областью, проходит т.13031схождения границ водохозяйственных участков 13.01.02.005, 13.01.02.007 и 12.01.02.004 и замыкается в начальной точке. На территории участка широко развиты степи западно-сибирского типа с березовыми и осиновыми колками с участками широколиственных-сосновых остепненных лесов"""
"""Сунжа от истока до г. Грозный""","""Водохозяйственный участок 07.02.00.011 охватывает верховья бассейна р. Сунжа от истока до г. Грозный. Участок расположен в Чеченской Республике, Республиках Северная Осетия – Алания и Ингушетия, его площадь составляет 4,3 тыс. км2. От расчетного створа нар. Сунжа ниже г. Грозный (т.7057 схождения границ водохозяйственных участков 07.02.00.011, 07.02.00.012 (Сунжа от г. Грозный до впадения р. Аргун) и 07.02.00.014 (Водные объекты междуречья Терека и Сунжи (Алханчуртский канал) граница водохозяйственного участка 07.02.00.011 следует на юг по водоразделу рр. Сунжа и Аргун, до т.266 примыкания к Государственной границе РФ с Грузией границы с водохозяйственным участком 07.02.00.012 и границы между Чеченской Республикой и Республикой Ингушетия. От этой точки граница водохозяйственного участка следует вдоль Государственной границы РФ до т.7038 примыкания с ней границы с водохозяйственным участком 07.02.00.002 (Терек от истока до впадения р. Урсдон без р. Ардон). От этой точки граница следует на север по водоразделу рр. Терек и Сунжа, пересекает границу между Республиками Ингушетия и Северная Осетия – Алания (т.7037), проходит т.7036 схождения границ водохозяйственных участков 07.02.00.002, 07.02.00.010 и 07.02.00.014, поворачивает на восток, пересекает границу между Чеченской Республикой и Республикой Ингушетия в т.7058 и замыкается в начальной точке. Территория характеризуется большими перепадами высот и связанной с эти дифференциацией ландшафтов (от сухостепных до лесных и высокогорных)."""
"""Реки бессточных областей правобережья Волги""","""Водохозяйственный участок 11.01.00.028 охватывает бассейны рек бессточных областей Правобережья р. Волга. Площадь водохозяйственного участка составляет 11,5 тыс. км2. От точки т.11083, в которой пересекается граница Астраханской обл. и Респ. Калмыкия вблизи точки схождения границ водохозяйственных участков 07.04.00.001 (Бессточные районы междуречья Терека, Дона и Волги), 11.01.00.024 (Волга от в/п Светлый Яр до в/п Верхнее Лебяжье) и 11.01.00.028 граница участка простирается на восток, затем поворачивает на юго-восток и следует вдоль основного русла р. Волга, пересекая в тт.11082 и 11081 административную границу Респ.Калмыкия и Астраханской области. В этом направлении граница простирается до т.11079 - точки схождения границ водохозяйственных участков 11.01.00.024, 11.01.00.025 (Волга (дельта) от в/п Верхнее Лебяжье до устья) и 11.01.00.028. От этой точки, повернув на юго-запад, граница участков 11.01.00.028 и 11.01.00.025 приходит в т.11086, где сходятся границы водохозяйственных участков 07.04.00.001, 11.01.00.025 и 11.01.00.028. Далее граница прямолинейно следует в северном направлении через границу Респ. Калмыкия и Астраханской области (т.262) до точки замыкающего створа - т.11083."""
"""Кубань от впадения р. Афипс до Тиховского г/у""","""Водохозяйственный участок 06.02.00.016 охватывает часть бассейна р. Кубань от впадения р. Афипс до Тиховского гидроузла. Территория водохозяйственного участка практически полностью расположена в Краснодарском крае. Площадь участка составляет 2,6 тыс. км2.Расчетный створ участка расположен в т.6060 на р. Кубань в створе Тиховского гидроузла в месте истока из нее р. Протока на границе с водохозяйственными участками 06.02.00.017 (Протока от истока (Тиховский г/у) до устья), 06.02.00.016 и 06.02.00.21 (Кубань от Тиховского г/у до устья и другие реки бассейна Азовского моря в дельте р. Кубань). От начальной точки граница водохозяйственного участка следует на север по водоразделу р. Протока до т.6009 схождения границ водохозяйственных участков 06.02.00.016, 06.01.00.003 (Кирпили) и 06.02.00.017 (Протока от истока (Тиховский г/у)) до устья. Далее граница поворачивает на юго-восток, проходит по водоразделу рр. Кубань и Понура до т.6008 схождения границ водохозяйственных участков 06.02.00.016, 06.01.00.003 и 06.02.00.014 (Кубань от Краснодарского г/у до впадения р. Афипс). Затем граница следует на юг, в т.6056 пересекает р. Кубань в месте впадения в нее р. Афипс на границе с водохозяйственными участками 06.02.00.014 (Кубань от Краснодарского г/у до впадения р. Афипс), 06.02.00.20 (Варнавинский Сбросной канал) и 06.02.00.015 (Афипс, в том числе Шапсугское в-ще). От этой точки граница движется между р. Кубань и Варнавинским Сбросным каналом до т.6062 схождения границ водохозяйственных участков 06.02.00.016, 06.02.00.20 и 06.02.00.021, поворачивает на север и замыкается в расчетном створе Тиховского гидроузла."""
"""Северский Донец от границы с Украиной до границы Донецкой Народной Республики (ДНР) с ЛНР (включая бассейн р. Жеребец)""","""Водохозяйственный участок 05.01.04.008 включает часть бассейна р. Северский Донец от границы с Украиной до границы Донецкой Народной Республики (ДНР) с ЛНР (включая бассейн р. Жеребец). Площадь водохозяйственного участка составляет 8,20 тыс. км2. От точки т.211 примыкания к Государственной границе РФ с Республикой Украина, границы между гидрографическими единицами 04.01.00 и 05.01.04 идет на северо-восток к точке т.212 примыкания к Государственной границе РФ с Республикой Украина на пересечении границ Донецкой Народной Республики и Луганской Народной Республики. Затем идет на север и круто поворачивает на юг через т.5139 схождения границ водохозяйственных участков 05.01.05.001, 05.01.05.009 и 05.01.05.008, т.5140 схождения границы водохозяйственных участков 05.01.04.008, 05.01.04.010 и 05.01.04.012, т.5142 схождения границы водохозяйственных участков 05.01.04.008, 05.01.04.011 и 05.01.05.010. В точке т.5143 схождения границы водохозяйственных участков 05.01.04.008, 05.01.05.012 и 05.01.05.010 поворачивает на запад до границы между водохозяйственными участками 05.01.04.008 и 05.01.05.012 между Донским и Днепровским бассейновыми округами т.5144 и возвращается в т.211."""
"""Днепр, от границы с Украиной до гидроузла Каховского водохранилища""","""Водохозяйственный участок 04.01.00.018 включает часть бассейна р. Днепр в пределах Российской Федерации от Государственной границы с Украиной до гидроузла Каховского водохранилища. Площадь водохозяйственного участка составляет 12.64 тыс. км2. В т.946 граница участка совпадает с Государственной границей и проходит по Днепровскому водохранилищу. Далее граница водохозяйственного участка следует по Государственной границе сначала в западном, а затем в южном направлении до т.947, расположенной на берегу Каховского водохранилища. После поворота на запад в т.947, участок, продолжая следовать по Государственной границе с Украиной, идет по Каховскому водохранилищу и частично по суше до т.4056 – точка схождения границ водохозяйственных участков 04.01.00.019 и 04.01.00.018. В этой точке участок меняет направление и идет на юг до т.4055 – точка схождение границ водохозяйственных участков 04.01.00.019, 04.01.00.018 и 04.01.00.020, расположенная в районе Каховской ГЭС. Далее участок поворачивает и идет на северо-восток до т.943, в которой сходятся границы гидрографических единиц 04.01.00 и 05.01.05, в районе впадения Каховского канала в водохранилище Каховское. От этой точки продолжает движение на северо-восток до т.941, где пересекается граница Херсонской и Запорожской областей. И уходит дальше в северо-восточном направлении, огибая исток р. Конка, в точке схождения границ водохозяйственных участков 04.01.00.017, 04.01.00.018 и 05.01.05.013 поворачивает на северо-запад и проходит через т.4054 - водораздел в верховьях р. Верхняя Терса, до т.946, в которой участок замыкается."""
"""Исеть от истока до г. Екатеринбург""","""Водохозяйственный участок 14.01.05.005 охватывает верховья бассейна р. Исеть на участке от истока до г. Екатеринбург. Участок расположен в Свердловской области, его площадь составляет 1,1 тыс. км2. От расчетного створа т.14021 на р. Исеть ниже г. Екатеринбург граница водохозяйственного участка 14.01.05.005 следует на запад до т.14022 схождения границ водохозяйственных участков 14.01.05.005, 14.01.05.006 (Исеть от г. Екатеринбург до впадения р. Теча) и 10.01.01.005 (Чусовая от истока до г. Ревда без р. Ревда (от истока до Новомариинского г/у)), затем поворачивает на северо-запад, проходит по водоразделу рр. Исеть и Чусовая до т.100014 схождения границ водохозяйственных участков 14.01.05.005, 10.01.01.004 и 10.01.01.006 (Чусовая от г. Ревда до в/п пгт. Кын) и далее в верховьях Исети к т.14023 схождения границ водохозяйственных участков 14.01.05.005, 14.01.05.020 (Пышма от истока до Белоярского г/у) и 10.01.01.006, поворачивает на юго-восток, следует по водоразделу рр. Исеть и Пышма, проходит т.14024 схождения границ водохозяйственных участков 14.01.05.005, 14.01.05.006 и 14.01.05.020 и, огибая г. Екатеринбург, замыкается в начальной точке."""
"""Чапаевка от истока до устья""","""Водохозяйственный участок 11.01.00.012 включает бассейн р. Чапаевка от истока до замыкающего створа в устье – т.11040. Площадь водохозяйственного участка составляет 4,3 тыс. км2. От т.11040 граница участков 11.01.00.012 и 11.01.00.015 (Волга от Куйбышевского г/у до Саратовского г/у (Саратовское в-ще) без рр. Сок, Чапаевка, Мал.Иргиз, Самара и Сызранка) идет на восток вдоль малоприточной левой части бассейна р. Чапаевка до т.11039 - точки схождения границ водохозяйственных участков 10.01.01.011 (Самара от в/п с. Елшанка до г. Самара (выше города) без р. Бол.Кинель), 11.01.00.012 и 11.01.00.015. Далее граница принимает юго-восточное направление и, разделяя бассейны рр. Чапаевка, Самара и левого притока Самары – р. Съезжей, идет до истока р. Съезжей в т.11036, в которой сходятся границы участков 11.01.00.010 (Самара от Сорочинского г/у до в/п с. Елшанка), 11.01.00.011 и 11.01.00.012. Рядом с этой точкой к юго-западу от нее в т.11035 вновь сходятся границы трех водохозяйственных участков - 11.01.00.017 (Бол. Иргиз от Сулакского г/у до устья), 11.01.00.012 и 11.01.00.010. От этой точки граница участков 11.01.00.012 и 11.01.00.017 простирается на запад вдоль водораздела западной части бассейна р. Чапаевка и р. Кагарлык – притока р. Бол. Иргиз, затем плавно поворачивает на юго-запад вдоль р. Бол. Иргиз до т.11041 - точки схождения границ водохозяйственных участков 11.01.00.012, 11.01.00.015 и 11.01.00.017. Далее граница участков 11.01.00.012 и 11.01.00.015 идет на северо-запад, разделяя бассейны рр. Чапаевка, Чагра, Безенчук, и приходит к замыкающему створу – т.11040."""
"""Москва от г. Звенигород до Рублевского г/у без р.Истра (от истока до Истринского г/у)""","""Водохозяйственный участок 09.01.01.015 охватывает часть бассейна р. Москва от г. Звенигород до Рублевского г/у замыкается в расчетном створе – Рублевский г/у (т.9059). Площадь водохозяйственного участка составляет 7,6 тыс. км2. От т.9059 граница между водохозяйственными участками 09.01.01.015 и 09.01.01.017 (Москва от Рублевского г/у до в/п с. Заозерье без р. Пахра) идет на юго-запад, и в т.9060 севернее г. Одинцово сходятся границы соседних водохозяйственных участков – 09.01.01.015, 09.01.01.017 и 09.01.01.016 (Пахра). Далее граница идет на запад по водоразделу между бассейнами рр. Десна и Москва до т.9035 – точки схождения границ водохозяйственных участков 09.01.01.015, 09.01.01.016 и 09.01.01.013 (Москва от Можайского г/у до г. Звенигород без р. Руза (от истока до Рузского г/у) и р. Озерна (от истока до Озернинского г/у)). После т.9035 граница между участками 09.01.01.015 и 09.01.01.013 резко поворачивает на север, пересекает р. Москву у г. Звенигорода (т.9054) и после крутой петли к северу вокруг истока р. Молодильня доходит до т.9053, где сходятся водохозяйственные участки – 09.01.01.015, 09.01.01.013 и 09.01.01.012 (Озерна от истока до Озернинского г/у). По водоразделу между бассейнами рр. Озерна и Мал.Истра граница в северном направлении приходит в т.9052, разделяющую участки 09.01.01.015, 09.01.01.012 и 09.01.01.014 (Истра от истока до Истринского г/у). От т.9052 граница между участками 09.01.01.015 и 09.01.01.014 уходит на восток, в т.9055 пересекает р. Истру в створе Истринского г/у и в т.9058, которая является точкой схождения участков – 09.01.01.015, 09.01.01.014 и 09.01.01.017, поворачивает на юго-восток и по водоразделу между бассейнами рр. Истра и Сходня достигает замыкающего створа – т.9059."""
"""Истра от истока до Истринского г/у""","""Водохозяйственный участок 09.01.01.012 включает бассейн р. Истра от истока до замыкающего расчетного створа - Истринский г/у (т.9055). Площадь водохозяйственного участка составляет 1,0 тыс. км2. От т.9055 граница участка идет в северо-западном направлении до двух точек (т.9052 и т.9051), расположенных на небольшом расстоянии друг от друга и разделяющих границы водохозяйственных участков. В точке 9052 сходятся границы участков 09.01.01.014, 09.01.01.015 (Москва от г. Звенигород до Рублевского г/у без р. Истра (от истока до Истринского г/у)) и 09.01.01.012 (Озерна от истока до Озернинского г/у), а в т.9051 – границы участков 09.01.01.014, 09.01.01.012 и 08.01.01.007 (Волга от г. Тверь до Иваньковского г/у (Иваньковское в-ще)). Далее граница идет на северо-восток, огибает истоки рр. Нудоль, Черная, Катыш, и в т.9056 на водоразделе рр. Черная и Липня сходятся границы водохозяйственных участков 09.01.01.014, 08.01.01.007 и 08.01.01.008 (Волга от Иваньковского г/у до Угличского г/у (Угличское в-ще)). От этой точки граница, направляясь на юго-восток, доходит до т.286 – точки схождения границ водохозяйственных участков 09.01.01.014, 08.01.01.008 и 09.01.03.003 (Клязьма от истока до Пироговского г/у), далее после поворота в западном направлении граница участка проходит еще две точки, в которых сходятся границы трех участков – т.9057 – точка схождения участков 09.01.01.014, 09.01.03.003 и 09.01.01.017 (Москва от Рублевского г/у до в/п с. Заозерье без р. Пахра) и т.9058 – точка схождения участков 09.01.01.014, 09.01.01.017 и 09.01.01.015 (Москва от г. Звенигород до Рублевского г/у без р. Истра (от истока до Истринского г/у)). Замыкается граница в точке в т.9055 – Истринский г/у."""
"""Реки бассейна Азовского моря от Крымского полуострова до бассейна р. Кальмиус""","""Водохозяйственный участок 05.01.05.013 включает реки Азовского моря от Крымского полуострова до бассейна р. Кальмиус. Площадь водохозяйственного участка составляет 26.30 км2. От точки на береговой линии Азовского моря в месте пересечения границ Херсонской и Запорожской областей т.210 идет по берегу Азовского моря через косу Арабатская стрелка и доходит до точки т.942 – точки схождения гидрографических единиц 04.01.00, 05.01.05, 21.02.00 и пересечения границ Херсонской области и Республики Крым. Здесь граница уходит на север и на пересечении Каховского канала достигает т.943, после которой поворачивает на северо-восток к т.941, в которой сходятся границы между гидрографическими единицами 04.01.00 и 05.01.05 на пересечении границ Херсонской и Запорожской областей. В дальнейшем граница участка сохраняет южное направление до т.940 – точки на границе между Донским и Днепровским бассейновыми округами и между гидрографическими единицами 04.01.00, 05.01.05. От этой точки по береговой линии Азовского моря граница замыкается в т.210."""
"""Сунжа от впадения р. Аргун до устья""","""Водохозяйственный участок 07.02.00.013 охватывает часть бассейна р. Сунжа от впадения в нее р. Аргун до устья (без Алханчуртского канала). Участок расположен в Чеченской Республике и Республике Дагестан, его площадь составляет 1,9 тыс. км2. От расчетного створа впадения р.Сунжавр.Терек в т.7052 схождения границ водохозяйственных участков 07.02.00.010 (Терек от г. Моздок до впадения р Сунжа), 07.02.00.013 и 07.02.00.015 (Терек от впадения р Сунжа до Каргалинского г/у) граница водохозяйственного участка 07.02.00.013 следует на юг, проходит т.7061 схождения границ водохозяйственных участков 07.02.00.013, 07.02.00.015 и 07.03.00.002 (Сулак от Чиркейского г/у до устья), затем т.7062 схождения границ водохозяйственных участков 07.02.00.013, 07.03.00.001 (Сулак от истока до Чиркейского г/у) и 07.03.00.002 на водоразделе рр. Охолитлау и Унсатлен, затем поворачивает на запад и проходит т.7059 схождения границ водохозяйственных участков 07.02.00.012 (Сунжа от г. Грозный до впадения р. Аргун), 07.02.00.013 и 07.03.00.001 на границе между Чеченской Республикой и Республикой Дагестан, поворачивает на север, проходит по водоразделу рр. Шароаргун и Басс, Аргун и Джалка, пересекает р. Сунжа ниже впадения р. Аргун (т.7060), проходит т.7053 схождения границ водохозяйственных участков 07.02.00.010 (Терек от г. Моздок до впадения р Сунжа), 07.02.00.012, 07.02.00.013 и 07.02.00.014 (Водные объекты междуречья Терека и Сунжи (Алханчуртский канал) и, повернув на восток, замыкается в начальной точке. Северная часть территории водохозяйственного участка принадлежит степной ландшафтной зоне, на юге с подъемом на хребты Кавказа, проявляется высотная поясность."""
"""Кубань от г.Невинномысск до г.Армавир без р.Уруп""","""Водохозяйственный участок 06.02.00.006 охватывает часть бассейна р.Кубань от г.Невинномысск до г. Армавир без бассейна притока р. Уруп. Территория водохозяйственного участка расположена в Ставропольском и Краснодарском краях. Площадь участка составляет 2,68 тыс. км2. Расчетный створ участка расположен в т.6029 на р. Кубань ниже г. Армавир на границе с водохозяйственным участком 06.02.00.010 (Кубань от г. Армавир до г. Усть-Лабинск без р. Лаба). От расчетного створа граница участка простирается на юго-восток до т.6031 схождения границ водохозяйственных участков 06.02.00.006, 06.02.00.010 и 05.01.05.004 - Егорлык от Сенгилеевского г/у до Егорлыкского г/у., затем проходит точки примыкания к нему водохозяйственных участков 05.01.05.003 (Егорлык от истока до Сенгилеевского г/у на границе между Краснодарским и Ставропольским краями (т.198), 05.01.05.002 (Калаус) (т.5113) и доходит до границ бассейна Кумы – т.197 - схождение границ водохозяйственных участков 05.01.05.002, 06.02.00.006 и 07.01.00.003 (Кума от истока до впадения р. Подкумок). Далее граница участка идет на юго-запад по водоразделу бассейнов рек Кубани и Кумы до т.6024 на границе с водохозяйственным участком 06.02.00.004 (Кубань от г. Усть-Джегута до г. Невинномысск без рр. Б. и М. Зеленчук), поворачивает на запад и проходит через р. Кубань у г. Невинномысск (т.6023), по водоразделу бассейнов рек Большой Зеленчук и Кубань в юго-западном направлении достигает т.6022 схождения границ водохозяйственных участков 06.02.00.006, 06.02.00.003 (Большой Зеленчук) и 06.02.00.005 (Уруп), затем поворачивает на северо-запад, пересекает в т.6026 границу между Ставропольским и Краснодарским краем и по границе бассейна р. Уруп идет до его устья (т.6025). На последнем коротком отрезке граница водохозяйственного участка огибает с юга г. Армавир, проходя точки примыкания к границе водохозяйственных участков 06.02.00.008 (Чамлык) (т.6028), 06.02.00.010 (Кубань от г. Армавир до г. Усть-Лабинск без р. Лаба) (т.6040), и замыкается в расчетном створе участка."""
"""Упа от истока до устья""","""Водохозяйственный участок 09.01.01.003 включает бассейн р. Упа и замыкается в расчетном створе при впадении р. Упа в Оку (т.9010). Площадь водохозяйственного участка составляет 9,5 тыс. км2. От т.9010 граница между водохозяйственными участками 09.01.01.001 и 09.01.01.005 (Ока от г. Белев до г. Калуга без рр. Упа и Угра) простирается вначале на восток, затем резко повернув на север огибает исток р. Черепеть и достигает т.9011, где сходятся границы водохозяйственных участков 09.01.01.005, 09.01.01.003 и 09.01.01.008 (Ока от г. Калуга до г. Серпухов без рр. Протва и Нара). Далее граница между водохозяйственными участками 09.01.01.003 и 09.01.01.008 меняет направление на восток до т.9012, где сходятся границы 4-х водохозяйственных участков: 09.01.01.003, 09.01.01.008, 09.01.01.019 (Ока от г. Кашира до г. Коломна без р. Москва) и 09.01.01.009 (Ока от г. Серпухов до г. Кашира). Продолжение границы между водохозяйственными участками 09.01.01.003 и 09.01.01.019 принимает юго-восточное направление и по водоразделу между бассейнами рр. Шат и Осетр достигает т.9013, в которой сходятся границы водохозяйственных участков 09.01.01.003, 09.01.01.019 и 09.01.01.021 (Проня). Резко повернув на юго-запад, граница между участками 09.01.01.003 и 09.01.01.021 направляется к т.9014, расположенной в месте пересечения границ участков 09.01.01.003, 09.01.01.021 бассейна р. Оки и 05.01.01.003 (Дон от истока до г. Задонск без рр. Красивая Меча и Сосна). От т.9014 граница между водохозяйственным участком 09.01.01.003 и 05.01.01.003идет в юго-западном направлении вблизи г. Новомосковск и недалеко от истока р. Уперта достигает т.9015. После т.9015 граница извивается вдоль верховьев р. Упа в юго-западном направлении, проходит т.5004 – точку схождения границ водохозяйственных участков 09.01.01.003, 05.01.01.001 (Красивая Меча от истока до устья) и 05.01.01.003, и в т.9007, которая расположена в узле слияния водохозяйственных участков 09.01.01.003, 09.01.01.002 (Ока от г. Орел до г. Белев) и водохозяйственного участка 05.01.01.001 (Красивая Меча от истока до устья), резко поворачивает на северо-запад. Двигаясь в северо-западном направлении, граница между водохозяйственными участками 09.01.01.003 и 09.01.01.002 разделяет бассейны р. Плава (приток р. Упа) и рр. Чернь, Снежедь, Иста и в т.9006 достигает границы с водохозяйственным участком 09.01.01.005. Далее, повернув на север, граница между участками 09.01.01.003 и 09.01.01.005 доходит до замыкающего створа участка 09.01.01.003 – устья р. Упа при впадении в р. Ока (т.9010)."""
"""Острова Японского моря в пределах внутренних морских вод и территориального моря РФ, прилегающего к береговой линии гидрографической единицы 20.04.00 (вкл. о-в Русский и о-в Путятина)""","""Водохозяйственный участок 20.04.00.100 включает водные объекты островов в пределах внутренних морских вод и территориального моря РФ, прилегающего к береговой линии гидрографической единицы 20.04.00. Наиболее крупным из островов является острова Русский и Путятина. Площадь островов составляет 0,2 тыс. км2. Граница водохозяйственного участка проходит по береговой линии островов."""
"""Бассейн оз. Выг-озеро до Выгозерского г/у без р. Сегежа до Сегозерского г/у""","""Водохозяйственный участок 02.02.00.012 охватывает бассейн оз. Выг-озеро до Выгозерского гидроузла без р. Сегежа до Сегозерского гидроузла. Участок расположен в республике Карелия и частично в Архангельской области, его площадь составляет 10,5 тыс. км2. Отрасчетного створа Выгозерского гидроузла (т.2060) граница водохозяйственного участка 02.02.00.012 следует в юго-восточном направлении, проходя т.2061 схождения границ водохозяйственных участков 02.02.00.012, 02.02.00.013 (Нижний Выг от Выгозерского г/у до устья) и 02.02.00.014 (Реки бассейна Онежской губы от южной границы бассейна р. Кемь до западной границы бассейна р. Унежма без р. Нижний Выг), т.2062 пересечения границы между Архангельской областью и Республикой Карелия, и достигает т.2063 схождения границ водохозяйственных участков 02.02.00.012, 02.02.00.014 и 01.04.01.003 (Водла, оз. Водл-озеро).От этой точки граница следует на юг, пересекает в т.38 границу между Архангельской областью и Республикой Карелия, проходит т.2064 схождения границ водохозяйственных участков 02.02.00.012, 01.04.01.003 и 01.04.01.006 (Онежское озеро, включая впадающие в него реки, кроме рр. Шуя, Суна, Водла и Вытегра). Далее граница следует на северо-запад, проходит т.2057 схождения границ водохозяйственных участков 02.02.00.011 (Сегежа до Сегозерского г/у, вкл. оз. Сег-озеро), 02.02.00.012 и 01.04.01.006, створ Сегозерского гидроузла (т.2056), и доходит до т.2053 схождения границ водохозяйственных участков 02.02.00.013, 02.02.00.012 и 02.02.00.011, затем поворачивает, на северо-восток и замыкается в расчетной точке."""
"""Северский Донец от границы ДНР с ЛНР до в/п г. Лисичанск (430 км от устья)""","""Водохозяйственный участок 05.01.04.009 часть бассейна р. Северский Донец от границы ДНР с ЛНР до в/п г. Лисичанск (430 км от устья) (т.5139). Площадь водохозяйственного участка составляет 5.03 тыс. км2. От точки замыкающего створа, в которой сходятся границы водохозяйственных участков 05.01.04.009, 05.01.04.004 и 05.01.04.008 на пересечении границ ЛНР и ДНР, граница участка идет на север и поворачивает на восток по границе с водохозяйственным участком 05.01.04.003 до т.5137, где сходятся границы водохозяйственных участков 05.01.04.003, 05.01.04.004 и 05.01.04.009. Далее граница отклоняется на юг и по границе с водохозяйственным участком 05.01.04.004 доходит до т.5138, в которой сходятся границы водохозяйственных участков 05.01.04.009, 05.01.04.004 и 05.01.04.010, затем, резко повернув на запад, достигает замыкающего створа – т.5139."""
"""Острова Баренцева моря в пределах внутренних морских вод и территориального моря РФ, прилегающего к береговой линии гидрографической единицы 02.01.00 (вкл. о-в Кильдин)""","""Водохозяйственный участок 02.01.00.100 включает водные объекты островов Баренцева моря в пределах внутренних морских вод и территориального моря РФ, прилегающего к береговой линии гидрографической единицы 02.01.00. Наиболее крупным из островов является о-в Кильдин. Площадь островов составляет около 0,1 тыс. км2. Граница водохозяйственного участка проходит по береговой линии островов."""
"""Бол.Караман от истока до устья""","""Водохозяйственный участок 11.01.00.018 охватывает бассейн р. Бол. Караман от истока до расчетного замыкающего створа в месте впадения в Волгоградское в-ще – т.11059. Площадь водохозяйственного участка составляет 4,3 тыс. км2. От точки замыкающего створа граница участков 11.01.00.017 (Бол. Иргиз от Сулакского г/у до устья) и 11.01.00.018 простирается на восток по водоразделу рр. Бол. Караман и Мал.Караман до т.11058 у истока р. Мал.Караман, в которой сходятся границы водохозяйственных участков 11.01.00.017, 11.01.00.018 и 11.01.00.022 (Волга от Саратовского г/у до Волгоградского г/у (Волгоградское в-ще) без рр. Бол.Иргиз, Бол.Караман, Терешка, Еруслан, Торгун). От этой точки, петляя в юго-восточном направлении между истоками притоков рр. Бол. Караман и Бол.Иргиз, граница достигает т.11057 - точки схождения границ водохозяйственных участков 11.01.00.017, 11.01.00.018 и 11.01.00.020 (Еруслан), от которой следует на юго-запад по водоразделу рр. Еруслан и Бол.Иргиз. В т.11060, где сходятся границы водохозяйственных участков 11.01.00.018, 11.01.00.020 и 11.01.00.022, граница поворачивает на север и вдоль границы бассейна р. Бол.Караман возвращается в замыкающий створ – т.11059."""
"""Реки бассейна Азовского моря от Крымского полуострова до бассейна р. Кальмиус""","""Водохозяйственный участок 05.01.05.013 включает реки Азовского моря от Крымского полуострова до бассейна р. Кальмиус. Площадь водохозяйственного участка составляет 26.30 км2. От точки на береговой линии Азовского моря в месте пересечения границ Херсонской и Запорожской областей т.210 идет по берегу Азовского моря через косу Арабатская стрелка и доходит до точки т.942 – точки схождения гидрографических единиц 04.01.00, 05.01.05, 21.02.00 и пересечения границ Херсонской области и Республики Крым. Здесь граница уходит на север и на пересечении Каховского канала достигает т.943, после которой поворачивает на северо-восток к т.941, в которой сходятся границы между гидрографическими единицами 04.01.00 и 05.01.05 на пересечении границ Херсонской и Запорожской областей. В дальнейшем граница участка сохраняет южное направление до т.940 – точки на границе между Донским и Днепровским бассейновыми округами и между гидрографическими единицами 04.01.00, 05.01.05. От этой точки по береговой линии Азовского моря граница замыкается в т.210."""
"""Печора от истока до в/п п.Шердино""","""Водохозяйственный участок 03.05.01.001 охватывает верхнюю часть бассейна р. Печора с замыкающим створом у в/п п. Шердино в т.3034. Водохозяйственный участок полностью расположен на территории Республики Коми. Площадь водохозяйственного участка составляет42,5 тыс. км2.От точки замыкающего створа граница участка направляется на юг до т.3035 на границе с водохозяйственным участком 03.05.01.002 (Печора от в/п п. Шердино до впадения р. Уса) на водоразделе рр. Кылым и Верх. Пидж, после которой поворачивает на восток, затем на северо- восток к истоку р. Когель и далее к истоку р. Илыч, где в т.3036 сходятся разнонаправленные участки границы с водохозяйственным участком 03.05.01.002 на водоразделе рр. Илыч и Подречье. Затем в восточном направлении граница участка приходит в т.145, где на административной границе Респ. Коми и Ханты-Мансийского а.о. сходятся границы водохозяйственных участков 03.05.01.001, 03.05.01.002 и 15.02.02.001 (Северная Сосьва), поворачивает на юг, следуя по административной границе до т.146 – точки схождения границ водохозяйственных участков 03.05.01.001, 14.01.05.025 (Тавда от истока до устья без р. Сосьва от истока до в/п д. Морозково) и 15.02.02.001 вблизи точки схождения границ Респ.Коми, Ханты-Мансийского а.о. и Свердловской обл. На некотором удалении на юг от этой точки в т.147 сходятся границы водохозяйственных участков 03.05.01.001, 10.01.01.002 (Кама от в/п с. Бондюг до г. Березники) и 14.01.05.025 вблизи точки схождения границ Респ.Коми, Свердловской обл. и Пермского края, и граница описываемого участка поворачивает на запад, идет по водоразделу рр. Колва и Печора, проходя т.148 - на границе Респ.Коми и Пермского края и т.149 – точку пересечения границы Республики Коми и Пермского края. От этой точки граница следует в северо-западном направлении по водоразделу рр. Печора и Вишера через т.88, где сходятся границы водохозяйственных участков 03.02.02.001 (Вычегда от истока до г. Сыктывкар), 03.05.01.001 и 10.01.01.002 и через т.87 – точку схождения границ водохозяйственных участков 03.02.02,001, 03.05.01.001 и 03.05.03.001 (Печора от впадения р. Уса до в/п Усть-Цильма). Отсюда граница простирается на север и у истока р. Велью в т.3037 проходит схождение границ водохозяйственных участков 03.05.03,001, 03.05.01.001 и 03.05.01.002 (Печора от в/п Усть-Цильма до устья). Замыкание границы участка в т.3034 происходит после поворота границы от истока р. Велью на юго-восток."""
"""Оскол ниже Старооскольского г/у до границы РФ с Украиной""","""Водохозяйственный участок 05.01.04.003 охватывает часть бассейна р. Оскол до расчетного створа в месте пересечения р. Оскол государственной границы РФ с Украиной (т.5099). Площадь водохозяйственного участка составляет 9,27 тыс. км2. От точки замыкающего створа граница участка идет на северо-запад по границе с Украиной до т.5096 в верховьях р. Волчья, после которой меняет направление на северное и по водоразделу рр. Оскол и Короча доходит сначала до т.4042 – точки схождения границ водохозяйственных участков 04.01.00.012 (Сейм от истока до г. Курск), 05.01.04.003 и 05.01.04.001 (Северский Донец от истока до границы РФ с Украиной без бассейнов рек Оскол и Айдар), затем в этом же направлении до т.4041 – точки схождения границ водохозяйственных участков 04.01.00.012, 05.01.04.003 и 05.01.04.002 (Оскол до Старооскольского г/у). Здесь граница поворачивает на восток, в т.5097 пересекает р. Оскол у Оскольского г/у и границу Курской и Белгородской областей, а в т.5098 проходит узел схождения границ водохозяйственных участков 05.01.01.002 (Сосна), 05.01.04.003 и 05.01.04.002. Далее граница после т.220, где участок переходит из Курской области в Воронежскую, поворачивает на юг, проходит точку 219 - точку схождения границ трех областей – Курской, Воронежской и Белгородской и простирается на юг по водоразделу рр. Оскол и верховьев р. Потудань до т.5038 – точки схождения границ водохозяйственных участков 05.01.01.007 (Тихая Сосна), 05.01.01.008 и 05.01.04.003. От этой точки граница продолжает идти на юг и, огибая верховья р. Тихая Сосна, поворачивает на восток до т.5037, в которой сходятся границы водохозяйственных участков 05.01.01.007, 05.01.01.012 (Дон от г. Павловск до устья р. Хопер без р. Подгорная) и 05.01.04.003. Отсюда в юго-западном направлении граница проходит т.5055 – точку схождения границ водохозяйственных участков 05.01.01.012, 05.01.04.003 и 05.01.04.004 (Айдар до границы РФ с Украиной), затем отклоняется на юг до т.5137 – точки схождения границ водохозяйственных участков 05.01.04.003, 05.01.04.004 и 05.01.04.009, от которой по государственной границе в западном направлении возвращается к замыкающему створу – т.5099."""
"""Реки бассейна Японского моря от восточной границы бассейна р. Партизанская до восточной границы бассейна р. Раздольная""","""Водохозяйственный участок 20.04.00.003, ограниченный с юга береговой линией залива Петра Великого и с севера горами Пржевальского горной системы Сихотэ-Алиня, охватывает бассейны рек, впадающих в Японское море на участке от восточной границы бассейна р. Партизанская до восточной границы бассейна р. Раздольная. Водохозяйственный участок целиком расположен на территории Приморского края, площадь водохозяйственного участка составляет 9,5 тыс. км2 . В соответствии с Реестром опорных точек описание границы водохозяйственного участка 20.04.00.003 начинается от т.20038 - точки примыкания к береговой линии залива Находка Японского моря вблизи устья р. Партизанская границы водохозяйственных участков 20.04.00.002 (Реки бассейна Японского моря от северной границы бассейна р. Самарга до восточной границы бассейна р. Партизанская) и 20.04.00.003. От этой точки граница следует в западном направлении вдоль береговой линии залива Петра Великого Японского моря (т.906) и далее вдоль береговой линии Амурского залива до точки примыкания (т.20040) к береговой линии Японского моря границ водохозяйственных участков 20.04.00.003 и 20.04.00.004 (Реки бассейна Японского моря от восточной границы бассейна р. Раздольная до р. Туманная (граница РФ с КНДР). Здесь заканчивается прибрежный отрезок границы водохозяйственного участка, далее граница резко уходит на северо-восток, проходит по водоразделу рек Артемовка и Комаровка (т.20039) к точке схождения границ водохозяйственных участков 20.04.00.003, 20.04.00.004 и 20.03.07.001 (Сунгача, вкл. оз. Ханка) – т.20028. Отсюда граница водохозяйственного участка проходит в юго-восточном направлении по горам Пржевальского системы Сихотэ-Алиня через водораздел водохозяйственных участков 20.03.07.001, 20.03.07.002 (Уссури от истока до впадения р. Большая Уссурка без р. Сунгача) и 20.04.00.003 (т.20019), огибая верховья бассейна р. Партизанская, поворачивает на северо-восток и проходит точку (т.20045) схождения границ водохозяйственных участков 20.03.07.002, 20.04.00.002 и 20.04.00.003. От этой точки граница уходит вначале на юг, затем по хребту Партизанский идет на юго-запад, следуя по водоразделу рек Киевка и Партизанская (20.04.00.003) до исходной т.20038. Побережье представляет собой неширокую низменную местами заболоченную полосу. С возрастанием абсолютных высот местности и подъемом на хребты системы Сихотэ-Алиня в растительном покрове проявляется высотная поясность, характеризующаяся сложной структурой с преобладанием дальневосточных кедрово-широколиственных лесов."""
"""Енисей от Саяно-Шушенского г/у до впадения р.Абакан""","""Водохозяйственный участок 17.01.03.002 включает часть бассейна р. Енисей от Саяно- Шушенского гидроузла до впадения р. Абакан. Водохозяйственный участок расположен на территории Республики Хакасия и Красноярского края. Площадь водохозяйственного участка составляет 44 тыс. км2. От места впадения р. Абакан в Енисей (т.17005) граница следует в юго-восточном направлении по водоразделу рек Алым и Оя, проходит через т.17003 схождения границ водохозяйственных участков 17.01.03.001 (Енисей от истока до Саяно-Шушенского г/у), 17.01.03.002 (Енисей от Саяно-Шушенского г/у до впадения р. Абакан) и 17.01.03.003 (Енисей от впадения р. Абакан до Красноярского г/у), поворачивает на запад и по северным отрогам Западного Саяна следует к т.17002 в створе Сайно-Шушенского гидроузла на р. Енисей. Затем граница поворачивает на юго-запад к точке схождения административных границ Республики Тыва, Республики Хакасия и Красноярского края (т.17004), проходит через т.17041 схождения границ водохозяйственных участков 17.01.03.001, 13.01.01.001 (Бассейн оз. Телецкое) и 17.01.03.002 вблизи границы между Республиками Алтай и Тыва и т.394 вблизи схождения границ Республик Хакасия, Алтай и Тыва. Абсолютные высоты местности возрастают от 100 до 2200-2700м. Горная тайга покрывает склоны до высоты 2000-2200 м. В расположенном выше альпийском поясе доминируют заросли низкорослых кустарников, субальпийские и альпийские луга. От т.394 до т.393 граница водохозяйственного участка проходит близко к административной границе Республик Хакасия и Алтай. На этом отрезке граница делает петлю, огибая с запада исток р. Большой Абакан, и подходит к водораздельной точке на пересечении границы между Алтайским краем и республикой Хакасия - т.13002 схождения границ водохозяйственных участков 13.01.01.001, 13.01.01.002 (Бия) и 17.01.03.002, затем граница поворачивает на северо- восток, проходит через т.393 схождения границ водохозяйственных участков 17.01.03.002, 13.01.01.002 и 13.01.03.002 (Томь от истока до г. Новокузнецк без р. Кондома) в точке схождения границ Кемеровской области, Республик Алтай и Хакасии, пересекает административную границу между Кемеровской областью и Республикой Хакасия в т.392, далее следует по хребтам Западного Саяна близко к административной границе между Кемеровской областью и Республикой Хакасия, проходит точку схождения границ водохозяйственных участков 17.01.03.002, 13.01.03.002 и 13.01.04.001 (Чулым от истока до г. Ачинск) в верховьях р. Уйбат (т.391), точку схождения границ водохозяйственных участков 17.01.03.002, 17.01.03.003и 13.01.04.001 (Чулым от истока до г. Ачинск) – т.17006, поворачивает на юго-восток и замыкается в начальной т.17005. Абсолютная высота по мере спуска с высоких хребтов Западного Саяна и выхода на предгорные равнины снижается с 2200м до 600м. Меняется и характер ландшафтов территории. В высокогорных районах ярко проявляется высотная поясность. Горная тайга покрывает склоны до высоты 2000-2200 м. В среднегорных районах до высот 600-750 м господствуют темнохвойные южнотаежные леса и сосняки, ниже произрастают подтаежные березовые и парковые березово- осиновые леса."""
"""Большой Енисей""","""Водохозяйственный участок 17.01.01.001 полностью включает бассейн р. Большой Енисей от истока до устья. Бассейн Большого Енисея — горная область, границы которой на севере и востоке являются административными границами Тувы с Бурятией, Иркутской областью и Красноярским краем. В нижнем течении протекает по Тувинской котловине. Водохозяйственный участок целиком расположен на территории Республики Тыва. Площадь водохозяйственного участка составляет 56,8 тыс. км2. Описание границы начинается от т.627 в месте слияния рек Малый и Большой Енисей на схождении границ водохозяйственных участков 17.01.01.001 (Большой Енисей), 17.01.02.001 (Малый Енисей) и 17.01.03.001 (Енисей от истока до Саяно-Шушенского г/у). От этой точки граница делает петлю в западном направлении, затем поворачивает на северо-восток по Куртусибинскому хребту, дважды пересекает административную границу между Республикой Тыва и Красноярским краем в тт.628 и 629, проходит через точку схождения границ водохозяйственных участков 17.01.01.001, 17.01.03.001 и 17.01.03.003 (Енисей от впадения р. Абакан до Красноярского г/у) - т.17001, поворачивает на восток по хребту Эррак-Таргак-Тайга и подходит к т.583. Абсолютные высоты на этом участке возрастают от 600 до 2400 м, низкогорный рельеф сменяется среднегорным и высокогорным, большинство водораздельных хребтов имеет характер средневысотных гор, интенсивно расчлененных густой сетью глубоких эрозионных долин. По пути следования границы преобладают ландшафты темнохвойной тайги и редколесий, верхняя граница которых заканчивается на высоте 2200 м, выше расположен пояс высокогорных кустарников. От т.583 схождения границ водохозяйственных участков 16.01.02.001 (Чуна), 17.01.01.001 и 17.01.03.003 в точке пересечения с границей между Иркутской областью и Республикой Тыва граница проходит по административной границе между Иркутской областью и Республикой Тыва, поворачивает на юго-восток, проходит по Удинскому хребту до точки схождения (т.582) границ водохозяйственных участков 16.01.01.007 (Ия), 16.01.02.002 и 17.01.01.001 и далее в т.581 подходит к точке пересечения с административной границей Республикой Бурятия и Республикой Тыва вблизи точки схождения границ водохозяйственных участков 16.01.01.006 (Ока), 16.01.01.007 и 17.01.01.001. От этой точки и до т.580 граница водохозяйственного участка практически совпадает с административной границей между Республикой Бурятия и Республикой Тыва. В т.581 граница поворачивает на юго-запад и по северным отрогам хребта Большой Саян, проходит через водораздел (т.580) водохозяйственных участков 16.01.01.006, 17.01.01.001 и 17.01.02.001, поворачивает на запад, делает петлю в южном направлении и замыкается в исходной т.627. Абсолютные высоты на этом участке границы достигают 2700 м, что проявляется в смене высотных ландшафтных поясов. До высоты 1500-1800 м преобладают ландшафты темнохвойной пихтовой и кедрово-пихтовой тайги и редколесий, в высокогорном поясе наряду с каменистыми тундрами нередко встречаются субальпийские луга."""
"""Самара от в/п с. Елшанка до г.Самара (выше города) без р. Бол.Кинель""","""Водохозяйственный участок 11.01.00.007 охватывает бассейн р. Самара от с. Елшанка, включая бассейн притока р. Самара – р. Боровка до створа выше г. Самара (т.11038) при впадении в Куйбышевской в-ще. Площадь водохозяйственного участка составляет 8,8 тыс. км2. От т.11038 граница участков 11.01.00.011 и 11.01.00.015 (Волга от Куйбышевского г/у до Саратовского г/у (Саратовское в-ще) без рр. Сок, Чапаевка, Мал.Иргиз, Самара и Сызранка) идет на север до т.11023, где сходятся границы участков 10.01.01.006 (Сок),11.01.00.011 и 11.01.00.015, затем резко поворачивает на восток проходя через т.11022 - точку схождения границ водохозяйственных участков 10.01.01.006, 11.01.00.008 (Бол.Кинель без р. Кутулук от истока до Кутулукского г/у) и 11.01.00.011, где граница участков 11.01.00.011 и 11.01.00.008 круто поворачивает на юг до устья р. Бол.Кинель (т.11029). От этой точки граница принимает сначала юго-восточное, потом восточное направление и идет по водоразделу рр. Кутулук и Самара до т.11028, в которой сходятся водохозяйственные участки 10.01.01.007 (Кутулук от истока до Кутулукского г/у), 11.01.00.008 и 11.01.00.011. Далее граница участков 11.01.00.011 и 11.01.00.007 продолжается на восток вдоль р. Кутулук, проходя административную границу Самарской и Оренбургской (т.11027) областей, и доходит до т.11026 – точки схождения границ водохозяйственных участков 10.01.01.007, 11.01.00.008 и 11.01.00.011. После этого узла участок 11.01.00.011 соседствует с участком 11.01.00.008 по границе, разделяющей бассейны рр. Мал.Кинель и Боровка, и идет до истока р. Боровка в т.11031, где сходятся участки 11.01.00.008, 11.01.00.010 (Самара от Сорочинского г/у до в/п с. Елшанка) и 11.01.00.011. От этой точки граница участков 11.01.00.011 и 11.01.00.010 разворачивается на запад, и по водоразделу рр. Боровка и Ток достигает т.11034, где пересекается с р. Самара у с. Елшанка. Здесь граница меняет направление на юго-западное, проходит по водоразделу рр. Бузулук и левых притоков р. Самара, вновь пересекает границу Самарской и Оренбургской областей (т.11037), и в истоке р. Съезжая приходит в т.11036, в которой сходятся водохозяйственные участки 10.01.01.010, 11.01.00.011 и 11.01.00.012 (Чапаевка). От этой точки граница участков 11.01.00.011 и 11.01.00.012 резко уходит на северо-запад по водоразделу притока р. Самара – р. Съезжая и р. Чапаевка, затем по водоразделу рр. Самара и р. Чапаевка до т.11039 – точки схождения границ водохозяйственных участков 10.01.01.011, 11.01.00.012 и 11.01.00.015. Далее граница участков 11.01.00.011 и 11.01.00.015 направляется на север до замыкающего створа – т.11038."""
"""Сакмара от впадения р. Большой Ик до устья""","""Водохозяйственный участок 12.01.00.007 охватывает бассейн р. Сакмара от впадения ее крупного притока р. Большой Ик до устья. Площадь участка составляет 11,7 тыс. км2. От впадения р. Сакмара в р. Урал ниже г. Оренбург (т.12004) граница водохозяйственного участка 12.01.00.007 проходит в северо-западном направлении до точки (т.12003) схождения границ водохозяйственных участков 12.01.00.007, 12.01.00.010 (Российская часть бассейна р. Урал ниже впадения в него р. Сакмара без р. Илек) и 11.01.00.009 (Самара от истока до Сорочинского г/у). Далее граница следует в северном направлении, через т.11033 – точку схождения границ водохозяйственных участков 12.01.00.007, 11.01.00.009 и 11.01.00.010 (Самара от Сорочинского г/у до в/п с. Елшанка), верховья р. Ток (т.342),и далее до т.328 – точки схождения границ водохозяйственных участков 12.01.00.007, 11.01.00.010 и 10.01.02.013 (Дема от истока до в/п д. Бочкарева). От этой точки граница движется в юго-восточном направлении через т.327 – точку схождения границ водохозяйственных участков 12.01.00.007, 10.01.02.013 и 10.01.02.005 (Белая от г. Салават до г. Стерлитамак), пересекает границу между Оренбургской обл. и Респ. Башкортостан в т.326, проходит через точку схождения границ водохозяйственных участков 10.01.02.004 (Белая от Юмагузинского г/у до г. Салават без р. Нугуш (от истока до Нугушского г/у)), 10.01.02.005 и 12.01.00.007 (т.10057), вновь пересекает границу между Оренбургской обл. и Респ. Башкортостан в т.325 и поворачивает на юг от т.12011 – точки схождения границ водохозяйственных участков 12.01.00.006 (Большой Ик), 12.01.00.007 и 10.01.02.004. Далее граница водохозяйственного участка пересекает границу между Оренбургской обл. и Респ. Башкортостан в т.12010, проходит точку впадения р. Большой Ик в р. Сакмара (т.12009) и точку (т.12027) схождения границ водохозяйственных участков 12.01.00.005 (Сакмара от истока до впадения р. Большой Ик), 12.01.00.007 и 12.01.00.008 (Урал от г. Орск до впадения р. Сакмара). Затем граница проходит в западном направлении по водоразделу рр. Урал и Сакмара и замыкается в начальной точке."""
"""Москва от в/п Заозерье до г. Коломна""","""Водохозяйственный участок 09.01.01.018 охватывает бассейн нижнего течения р. Москва от в/п с.Заозерье до замыкающего расчетного створа на р. Москва выше г. Коломна. Площадь водохозяйственного участка составляет 5,9 тыс. км2. От замыкающего створа – точки9066 граница участков 09.01.01.018 и 09.01.01.019 (Ока без р. Москва от г. Кашира до г. Коломна) направляется на запад по водоразделу бассейнов рек- притоков р. Москва - Коломенка и Северка и в т.9043, где сходятся границы участков 09.01.01.018, 09.01.01.019 и 09.01.01.009 (Ока от г. Серпухов до г. Кашира), поворачивает на северо-запад. Между р. Каширка и правыми притоками р. Северка граница доходит до т.9042, являющейся точкой схождения границ участков 09.01.01.018, 09.01.01.009 и 09.01.01.016 (Пахра), затем поворачивает на северо-восток и, проходя через точку 9063 на водоразделе рр. Рожайка и Гнилуша близ г. Домодедово, достигает т.9062 – точки схождения границ водохозяйственных участков 09.01.01.018, 09.01.01.016 и 09.01.01.017 (р. Москва без р. Пахра от Рублевского г/у до с.Заозерье). От т.9064, относящейся к в/п Заозерье на р. Москва, граница между участками 09.01.01.018 и 09.01.01.017 идет на север через район г. Москвы Новокосино и, обогнув г. Балашиха замыкается в г. Щелково в т.9065, в которой сходятся границы участков 09.01.01.018, 09.01.01.017 и 09.01.03.005 (Клязьма без р. Уча до Акуловского г/у от Пироговского г/у до г. Ногинск). После т.9065 граница участков 09.01.01.018 и 09.01.03.005 идет на юг по водоразделу бассейнов рр. Москва и Клязьма до точки схождения границ участков 09.01.01.018, 09.01.03.005 и 09.01.03.006 (Клязьма от г. Ногинск до г. Орехово-Зуево) – т.9067. На некотором расстоянии от этой точки граница поворачивает на восток и по водоразделу рр. Клязьма и Нерская приходит в т.9068, где вновь сходятся границы трех участков – 09.01.01.018, 09.01.03.006 и 09.01.03.007 (Клязьма от г. Орехово-Зуево до г. Владимир). От этой точки граница между участками 09.01.01.018 и 09.01.03.007 идет на юг по водоразделу верхних частей бассейнов рр. Нерская и Поля до т.9069 – точки схождения границ участков 09.01.01.018, 09.01.03.007 и 09.01.01.020 (Ока от г. Коломна до г. Рязань). Эта граница далее продолжается в юго-западном направлении по границе бассейна р. Нерская и к северо-востоку от г. Коломна в т.9070 доходит до схождения границ участков 09.01.01.018, 09.01.01.020 и 09.01.01.019, после которой, повернув на запад, достигает замыкающего створа т.9066 – р. Москва выше г. Коломна."""
Катунь,"""Водохозяйственный участок 13.01.01.003 охватывает бассейн р. Катунь от истока до устья. Участок расположен в Алтайском крае и Республике Алтай на Государственной границе РФ с Монголией, Китаем и Казахстаном, его площадь составляет 60,9 тыс. км2. От т.419– расчетного створа слияния рр. Бия и Катунь и схождения границ водохозяйственных участков 13.01.01.002 (Бия), 13.01.01.003 и 13.01.02.003 (Обь от слияния рр. Бия и Катунь до г. Барнаул без р. Алей) граница водохозяйственного участка 13.01.01.003 следует на юго-восток, пересекает границу между Алтайским краем и Республикой Алтай в т.13007, простирается по водоразделу рр. Бия и Иша, затем рр. Каракокша и Майма, проходит т.13004 схождения границ водохозяйственных участков 13.01.01.001 (Бассейн оз. Телецкое), 13.01.01.002 и 13.01.01.003, следует по водоразделу рр. Чуя и Башкаус, пересекает границу между Республикой Алтай и Республикой Тыва в т.13003 схождения границ водохозяйственных участков 13.01.01.00.001, 13.01.01.003 и 13.01.01.200 (Бессточная территория между бассейнами рек Обь, Енисей и границей РФ с Монголией), и, следуя по этой административной границе достигает т.13059, где она примыкает к Государственной границе РФ с Монголией на границе с водохозяйственным участков 17.01.01.200. В т.13059 граница поворачивает на запад и в начале отрезка совпадает с Государственной границей с Монголией, следуя по плоскогорью Укок, проходит по водоразделу в верховьях р. Аргут по этой Государственной границе до т.398 и далее на небольшом отрезке между тт.398 и 399проходит по Государственной границе РФ с Китаем, а затем с Казахстаном. Граница проходит близ истока р. Катунь (т.399), затем поворачивает на северо-запад и идет по хребтам Листвяга и Холзун через водораздел (т.400) водохозяйственных участков 13.01.01.003 и 13.01.02.003 (Обь от слияния рр. Бия и Катунь до г. Барнаул без р. Алей). Максимальная высота в горной части этого отрезка границы составляет около 3000 м. Среднегорные массивы заняты темнохвойной тайгой, состоящей в основном из пихты. В высокогорье развиты пышные субальпийские и альпийские луга, местами встречаются горные тундры. От т.400 граница поворачивает строго на восток, проходит по северо-западным отрогам Коксуйского хребта по водоразделу в верховьях р. Кокса на границе между Республикой Алтай и Алтайским краем (т.423), затем по отрогам Коргонского хребта, выходит на гребень Чергинского хребта, поворачивает в северо-восточном направлении и проходит по водоразделу рр. Кокса и Чарыш. Далее граница меняет направление на северное, разделяет бассейны р. Урсул, Каменка и Песчаная, вновь пересекает границу между Алтайским краем и Республикой Алтай в т.424 на водоразделе рек Песчаная и Катунь, спускается на Предалтайскую равнину и замыкается в т.419. Абсолютные высоты при спуске с хребтов Алтая на равнину снижаются до 160 м, соответственно среднегорный рельеф сменяется пологоволнистым равнинным. Таежные ландшафты по мере спуска уступают место смешанным лесам, а на Предалтайской равнине - лесостепным ландшафтам."""
"""Дон от г. Павловск до устья р.Хопер без р. Подгорная""","""Водохозяйственный участок 05.01.01.012 включает часть бассейна р. Дон с расчетным створом на р. Дон в месте впадения р. Хопер (т.216). Площадь водохозяйственного участка составляет 18.4 тыс. км2. Немного южнее замыкающего створа, в котором сходятся границы водохозяйственных участков 05.01.01.012, 05.01.02.005 (Хопер от впадения р. Ворона до устья без рр. Ворона, Савала и Бузулук) и 05.01.03.005 (Дон от впадения р. Хопер до г. Калач-на-Дону без рр. Хопер, Медведица и Иловля), располагается т.5052, также соединяющая границы трех водохозяйственных участков 05.01.01.012, 05.01.03.005 и 05.01.03.008 (Чир). От этой точки граница участка идет на запад по водоразделу рр. Тихая и Чир, пересекая в т.5053 границу Волгоградской и Ростовской областей, до т.217 у истока р. Чир, где сходятся границы водохозяйственных участков 05.01.01.012, 05.01.03.008 и 05.01.04.006 (Калитва). Далее граница немного отклоняется на северо-запад, пересекает границу Ростовской и Воронежской областей. Затем, простираясь на северо-запад, граница участка проходит т.218, пересечение границ Белгородской и Воронежской областей и у истока р. Айдар достигается т.5055 – точка схождения границ водохозяйственных участков 05.01.01.012, 05.01.04.003 (Оскол ниже Старооскольского г/у до границы РФ с Украиной) и 05.01.04.004, а еще северо-западнее точка 5037 – точка схождения границ водохозяйственных участков 05.01.01.007 (Тихая Сосна), 05.01.01.012 и 05.01.04.003. Отсюда граница участка разворачивается на восток, пересекает границу Воронежской и Белгородской областей (т.5036) и доходит до т.5035, в которой сходятся границы водохозяйственных участков 05.01.01.007, 05.01.01.012 и 05.01.01.010 (Дон от г. Лиски до г. Павловск без р. Битюг). От этой точки направление границы меняется на юго-восточное до т.5044, где граница пересекает р. Дон (ниже г. Павловск), затем на восточное до т.5046, где сходятся границы водохозяйственных участков 05.01.01.010, 05.01.01.011 (Подгорная) и 05.01.01.012, и, наконец, резко на южное по водоразделу рр. Подгорная и Черная Калитва до т.5047, где р. Подгорная впадает в Дон. Дальнейшее направление границы – восточное с плавным отклонением на северо-восточное и после пересечения границы Воронежской и Ростовской областей (т.5051) граница приходит к истоку р. Песковатка, где в т.5050 сходятся границы водохозяйственных участков 05.01.01.011, 05.01.02.005 (Хопер от впадения р. Ворона до устья без рр. Ворона, Савала и Бузулук) и 05.01.01.012. Здесь граница участков 05.01.01.012 и 05.01.02.005 поворачивает на юго-восток, идет вдоль административной границы Ростовской и Волгоградской областей, которую пересекает в т.5056, и достигает замыкающего створа в т.216."""
"""Реки бассейна Азовского моря от Крымского полуострова до бассейна р. Кальмиус""","""Водохозяйственный участок 05.01.05.013 включает реки Азовского моря от Крымского полуострова до бассейна р. Кальмиус. Площадь водохозяйственного участка составляет 26.30 км2. От точки на береговой линии Азовского моря в месте пересечения границ Херсонской и Запорожской областей т.210 идет по берегу Азовского моря через косу Арабатская стрелка и доходит до точки т.942 – точки схождения гидрографических единиц 04.01.00, 05.01.05, 21.02.00 и пересечения границ Херсонской области и Республики Крым. Здесь граница уходит на север и на пересечении Каховского канала достигает т.943, после которой поворачивает на северо-восток к т.941, в которой сходятся границы между гидрографическими единицами 04.01.00 и 05.01.05 на пересечении границ Херсонской и Запорожской областей. В дальнейшем граница участка сохраняет южное направление до т.940 – точки на границе между Донским и Днепровским бассейновыми округами и между гидрографическими единицами 04.01.00, 05.01.05. От этой точки по береговой линии Азовского моря граница замыкается в т.210."""
"""Ница от слияния рек Реж и Нейва до устья""","""Водохозяйственный участок 14.01.05.019 охватывает бассейн р. Ница от ее истока – слияния рр. Нейва и Реж, до устья. Участок расположен в Свердловской области, его площадь составляет 12,3 тыс. км2. От расчетного створа впадения р. Ница в р. Тура (т.14064) граница водохозяйственного участка 14.01.05.019 следует на юго-восток до т.14065 схождения границ водохозяйственных участков 14.01.05.019, 14.01.05.022 (Пышма от Белоярского г/у до устья без р. Рефт от истока до Рефтинского г/у) и 14.01.05.023 (Тура от впадения р. Тагил до устья без рр. Тагил, Ница и Пышма), затем поворачивает на запад и следует по водоразделам рр. Иленка и Юрмыч, Кирга, Ляга и Юрмач, Пышма, Рефт и Ирбит до т.14066 схождения границ водохозяйственных участков 14.01.05.019, 14.01.05.021 (Рефт от истока до Рефтинского г/у) и 14.01.05.022 и далее по водоразделу рр. Рефт и Бобровка до т.14062 схождения границ водохозяйственных участков 14.01.05.018 (Реж (без р. Аять от истока до Аятского г/у) и Нейва (от Невьянского г/у) до их слияния), 14.01.05.019 и 14.01.05.021, затем поворачивает на северо-восток, следует по водоразделу рр. Реж и Бобровка, Вязовка и Черепанка, пересекает р. Ница в ее истоке в т.14061 и достигает т.14054 схождения границ водохозяйственных участков 14.01.05.015 (Тагил от г.Нижний Тагил до устья), 14.01.05.018 и 14.01.05.019, а затем т.14053 схождения границ водохозяйственных участков 14.01.05.015, 14.01.05.019 и 14.01.05.023. От этой точки граница следует на юго-восток по водоразделу рр. Ница и Тура, обходя притоки р. Ница р. Есаулка, Мурза и Чубаровка, после чего замыкается в начальной точке."""
"""Российская часть бассейна р. Днепр ниже г. Смоленск""","""Водохозяйственный участок 04.01.00.003 охватывает часть бассейна р. Днепр от створа ниже г. Смоленск до пересечения р. Днепр Государственной границы РФ с Республикой Беларусь в т.176. Площадь водохозяйственного участка составляет 2.6 тыс. км2. От точки замыкающего створа граница участка следует на северо-запад вдоль Государственной границы РФ с Республикой Беларусь по водоразделу рр. Лучоса и Ольшанка до т.17, где начинается граница водохозяйственного участка 01.02.00.004 (Западная Двина и ее притоки от впадения р. Межа до границы с Респ. Беларусь). От этой точки граница идет на юго- восток по водоразделу рр. Березина и Гобза, затем отклоняется на восток и у истока р. Удра проходит т.4004 – точку схождения границ водохозяйственных участков 04.01.00.002 (Днепр от г. Дорогобуж до г. Смоленск), 04.01.00.003 и 01.02.00.004, от которой в южном направлении достигает верхнего створа р. Днепр на участке ниже г. Смоленск – т.4003. Далее немного южнее этой точки сходятся границы водохозяйственных участков 04.01.00.002, 04.01.00.003 и 04.01.00.004 в т.4006, после которой граница уходит на юго-запад по водоразделу рр. Днепр и Сож до границы с Респ. Беларусь в т.4007. Севернее этой точки по границе участок замыкается в т.176."""
"""Терек от г. Моздок до впадения р Сунжа""","""Водохозяйственный участок 07.02.00.010 охватывает часть бассейна р. Терек от г. Моздок до впадения его крупного правобережного притока - р. Сунжа. Участок расположен в Республиках Дагестан, Ингушетия, Северная Осетия – Алания, Чеченской Республике и Ставропольском крае, его площадь составляет 5,5 тыс. км2. От расчетного створа на р. Терек выше впадения р. Сунжа в т.7052 схождения границ водохозяйственных участков 07.02.00.010, 07.02.00.013 (Сунжа от впадения р. Аргун до устья) и 07.02.00.015 (Терек от впадения р Сунжа до Каргалинского г/у) граница водохозяйственного участка 07.02.00.010 следует на запад, поднимается на Брагунский хребет, проходит т.7053 схождения границ водохозяйственных участков 07.02.00.010, 07.02.00.012 (Сунжа от г. Грозный до впадения р. Аргун), 07.02.00.013 и 07.02.00.014 (Водные объекты междуречья Терека и Сунжи (Алханчуртский канал)) на водоразделе рр. Терек и Сунжа. Далее граница водохозяйственного участка переходит на невысокий Терский хребет и следует по нему, пересекает границу между Чеченской Республикой и Республикой Ингушетия, проходит т.7055 схождения границ водохозяйственных участков 07.02.00.009 (Терек от впадения р. Малка до г. Моздок), 07.02.00.010 и 07.02.00.014 вблизи границы между Республиками Ингушетия и Северная Осетия – Алания, затем поворачивает на север, спускается на Ставропольскую возвышенность, пересекает р. Терек ниже г. Моздок (т.7050), пересекает границу между Республикой Северная Осетия – Алания и Ставропольским краем (т.7056) и достигает т.7051 схождения границ водохозяйственных участков 07.02.00.009, 07.02.00.010 и 07.01.00.012 (Кура). От этой точки граница поворачивает на восток, пересекает границу между Чеченской Республикой и Ставропольским краем (т.247), проходит т.7029 схождения границ водохозяйственных участков 07.02.00.010, 07.01.00.012 и 07.01.00.013 (Водные объекты междуречья Терека и Сухой Кумы), после чего проходит т.246 схождения границ водохозяйственных участков 07.02.00.010, 07.02.00.015, 07.02.00.016 (Дельта р. Терек) и 07.01.00.013, в которой поворачивает на юг и замыкается в начальной точке. В пределах Ставропольской возвышенности отмечается высокая степень расчленения территории оврагами, балками, долинами временных водотоков. Равнинная часть и пологая предгорная равнина Среднего Предкавказья характеризуются ландшафтами степной зоны, невысокий Терский хребет порос широколиственным лесом."""
Нюя,"""Водохозяйственный участок 18.03.03.001 охватывает территорию бассейна р. Нюя от истока до устья и расположен в Респ. Саха (Якутия). Площадь водохозяйственного участка составляет 38,1 тыс. км2. От точки впадения р. Нюя в р. Лена (т.18029) граница следует в западном, затем в юго-западном направлении, проходит через точку на водоразделе рр. Нюя и Пеледуй (т.18030), поворачивает на запад и тянется до административной границы между Иркутской областью и Республикой Саха (Якутия) к т.18031 - точке схождения границ водохозяйственных участков 18.03.03.001, 18.03.03.002 (Лена от впадения р. Витим до в/п с. Мача без р. Нюя) и 18.03.08.002 (Вилюй от в/п Усть-Амбардах до Вилюйской ГЭС). На этом отрезке граница водохозяйственного участка разделяет бассейны рек Лены и Нюи. От т.18031 граница водохозяйственного участка следует на северо-восток по административной границе между Иркутской областью и Республикой Саха (Якутия), пересекает её в т.738. На этом участке граница разделяет верховья рек Чона и Вакунайка бассейна Вилюя и рек бассейна Нюи - Тымпучикан и Уэль-Тымпычан. Далее граница поворачивает на восток, затем на северо-восток, проходит через точку схождения границ водохозяйственных участков 18.03.03.001, 18.03.08.002 и 18.03.08.003 (Вилюй от Вилюйской ГЭС до впадения р. Марха) - т.18032, делает петлю в северном направлении, огибая верховья р. Иктях в т.739, затем следует на восток, проходит через т.18033 - точку схождения границ водохозяйственных участков 18.03.03.001, 18.03.03.002 и 18.03.08.003, поворачивает на юг и замыкается в исходной т.18029. Граница разделяет верховья рек Урахан- Ботуобуя, Оччугуй- Ботуобуя, Няльби, Вилюйчан бассейна Вилюя и Курунг-Тымпычан, Хамакы, Чаянда, Олдон, Хотохо, Улахан-Мурбайы, Орто-Сала, Бетинче бассейна Нюи. Водохозяйственный участок целиком находится в пределах Приленского плато (абсолютные высоты до 600 м), покрытого среднетаежными кустарничковыми и травяно-кустарничковыми лиственничными лесами."""
"""Большой Узень""","""Водохозяйственный участок 12.01.00.002 охватывает российскую часть бассейна р. Большой Узень от его истока, который расположен на южных склонах возвышенности Каменный Сырт, до пересечения Государственной границы РФ с Казахстаном. Площадь участка составляет 11.5 тыс. км2. Р. Большой Узень пересекает Государственную границу РФ с Казахстаном в т.366, далее граница водохозяйственного участка движется вдоль Государственной границы до т.12002, точки примыкания границы между водохозяйственными участками 12.02.00.001 (Малый Узень) и 12.02.00.002 к Государственной границе РФ с Казахстаном. Далее граница проходит в северо- западном направлении по водоразделу рр. Бол. и Мал. Узень до т.12001 – точки схождения границ водохозяйственных участков 12.02.00.001, 12.02.00.002 и 11.01.00.17 (Бол. Иргиз от Сулакского г/у до устья). Затем граница поворачивает на север, проходит через т.11055 – точку схождения границ водохозяйственных участков 12.02.00.002, 11.01.00.017 и 11.01.00.016 (Бол. Иргиз от истока до Сулакского г/у) и, огибая истоки р. Большой Узень в (т.348), поворачивает на восток и следует до точки примыкания к Государственной границе РФ с Казахстаном границы между водохозяйственными участками 12.02.00.002 и 11.01.00.016 (т.347), после чего продолжается вдоль Государственной границы до замыкания в начальной точке."""
Уруп,"""Водохозяйственный участок 06.02.00.005 охватывает весь бассейн левого притока р. Кубань – р.Уруп. Территория водохозяйственного участка расположена в Карачаево-Черкесская Республике и Ставропольском крае. Площадь участка составляет 3,22 тыс. км2. Расчетный створ участка расположен в т.6025 в месте впадения р. Уруп в реку Кубань на границе с водохозяйственным участком 06.02.00.006 (Кубань от г. Невинномысск до г. Армавир без р. Уруп). От расчетного створа граница участка проходит по водоразделу бассейнов рек Уруп и Кубань на юго-восток, пересекает границу между Ставропольским и Краснодарским краем (т.6026) и выходит на границу бассейна р. Большой Зеленчук (т.6022 - схождение границ водохозяйственных участков 06.02.00.006, 06.02.00.003 - Большой Зеленчук и06.02.00.005). От этой точки граница проходит протяженный отрезок в южном направлении по водоразделу бассейнов рек Большой Зеленчук и Уруп до т.6020, где сходятся границы водохозяйственных участков 06.02.00.007 - Лаба от истока до впадения р. Чамлык, 06.02.00.003 и 06.02.00.005, по пути пересекая административную границу между Краснодарским краем и Карачаево-Черкесской Республикой (т.6021). Обогнув верховья р. Уруп граница участка поворачивает на север до т.6027 схождения границ водохозяйственных участков 06.02.00.007, 06.02.00.008 - Чамлык и 06.02.00.005 и далее, разделяя бассейны рек Синюха и Уруп, доходит до т.6028 схождения границ водохозяйственных участков 06.02.00.008, 06.02.00.006 и 06.02.00.005, после чего замыкается в расчетном створе."""
"""Северский Донец от истока до границы РФ с Украиной без бассейнов рек Оскол и Айдар""","""Водохозяйственный участок 05.01.04.001 охватывает верховья бассейна р. Северский Донец от его истока до Государственной границы РФ с Украиной (т.5095). Площадь водохозяйственного участка составляет 6.5 тыс. км2. От точки замыкающего створа граница участка следует на запад с отклонением на северо- запад по государственной границе РФ и Украины до т.168, от которой уходит на северо-восток по территории РФ к истоку р. Ворскла, где в т.4048 сходятся границы водохозяйственных участков 04.01.00.015 (Псел), 04.01.00.016 (Ворскла) и 05.01.04.001. Северо-восточнее этой точки у истока р. Псел граница участка проходит т.4043 – точку схождения границ водохозяйственных участков 04.01.00.012 (Сейм от истока до г. Курск), 04.01.00.015 и 05.01.04.001, после которой идет на восток до т. 4042, где сходятся границ водохозяйственных участков 04.01.00.012, 05.01.04.003 (Оскол ниже Старооскольского г/у до границы РФ с Украиной) и 05.01.04.001. Здесь граница поворачивает на юг и вдоль бассейна р. Оскол достигает т.5096, где граница участка пересекается с государственной границей РФ и Украины. Далее по государственной границе вдоль бассейна р. Волчья граница участка приходит к замыкающему створу – т.5095."""
"""Клязьма от Пироговского г/у до г. Ногинск без р.Уча (от истока до Акуловского г/у)""","""Водохозяйственный участок 09.01.03.005 охватывает часть бассейна р. Клязьма от Пироговского г/у до замыкающего расчетного створа на р. Клязьма ниже г. Ногинск (т.9107). Площадь водохозяйственного участка составляет 3,0 тыс. км2. От т.9107 – р. Клязьма ниже г. Ногинск граница между участками 09.01.03.005 и 09.01.03.006 (Клязьма от г. Ногинск до г. Орехово-Зуево) идет на юго-запад между городами Ногинск и Электросталь до точки (9067) схождения границ участков 09.01.01.018 (Москва от в/п Заозерье до г. Коломна), 09.01.03.005 и 09.01.03.006. Далее граница между участками 09.01.03.005 и 09.01.01.018 идет на северо-запад по водоразделу бассейнов рр. Москвы и Клязьмы до г. Щелково, где в т.9065 сходятся границы участков 09.01.03.005, 09.01.01.018 и 09.01.01.017(Москва от Рублевского г/у до в/п с. Заозерье без р. Пахра), затем граница между участками 09.0103.005 и 09.01.01.017, продолжаясь на северо-запад, достигает т.9131, разделяющей участки 09.01.03.005, 09.01.01.017 и 09.01.03.003 (Клязьма от истока до Пироговского г/у). Резко повернув на восток, граница проходит через гидроузлы на реках Клязьма – Пироговский в т.9130 и Уча – Акуловский в т.9104. От последней точки граница участков 09.01.03.05 и 09.01.03.004 (Уча от истока до Акуловского г/у) идет на север по водоразделу рр. Вязь и Воря до т.9106, в которой сходятся границы участков 09.01.03.005, 09.01.03.004 и 08.01.01.008 (Волга от Иваньковского г/у до Угличского г/у (Угличское в-ще)), далее по водоразделу рр. Яхрома и Воря граница участков 09.01.03.005 и 08.0101.008, огибая с севера исток р. Воря, направляется на восток между верховьями бассейнов рр. Воря и Дубна до т.9106 восточнее г. Сергиев-Посад. В этой точке сходятся границы участков 09.01.03.005, 08.01.01.008 и 09.01.03.006. Далее граница участков09.01.03.005 и 09.01.03.006 идет на юг, разделяя бассейны рр. Воря и Шерна до замыкающего створа – т.9107."""
"""Ока от г. Горбатов до в/п Новинки (устье)""","""Водохозяйственный участок 09.01.03.013 охватывает часть бассейна нижнего течения р. Оки от г. Горбатов до замыкающего расчетного створа на р. Ока у в/п Новинки (т.277). Площадь водохозяйственного участка составляет 1,0 тыс. км2. От т.277 – точки схождения границ участков 09.01.03.013, 08.01.03.005 (Волга от Горьковского г/у до устья р. Ока) и 08.01.04.003 (Волга от устья р. Ока до Чебоксарского г/у (Чебоксарское в-ще) без рр. Сура и Ветлуга) – по прямой линии на юг граница участка пересекает западные районы г. Нижний Новгород, затем р. Оку и поворачивает на запад, направляясь вдоль реки Ока по водоразделу ее с бассейном р. Кудьма до т.9129, где сходятся границы водохозяйственных участков 09.01.03.013, 09.01.03.012 (Ока от г. Муром до г. Горбатов без рр.Клязьма и Теша) и 08.01.04.003. Далее граница участков 09.01.03.013 и 09.01.03.012 идет в северо-западном направлении, пересекает р. Оку у г. Горбатов (т.9128) и доходит до т.9127, в которой сходятся границы водохозяйственных участков 09.01.03.013, 09.01.03.012 и 09.01.03.011 (Клязьма от г. Ковров до устья без р. Уводь). После этой точки граница участков 09.01.03.013 и 09.01.03.011 поворачивает на север до самой северной точки участка (т.9126), где сходятся границы участков 09.01.03.013, 09.01.03.011 и 08.01.03.005. Отсюда граница участков 09.01.03.013 и 08.01.03.005 огибает с востока левый приток Оки, направляется на юг, и, проходя вблизи г. Дзержинск к востоку, замыкается в т.277."""
Молога,"""Водохозяйственный участок 08.01.02.001 включает бассейн р. Молога от истока до расчетного замыкающего створа в месте впадения в Рыбинское в-ще – т.8025. Площадь водохозяйственного участка составляет 29,7 тыс. км2. От точки замыкающего створа граница участков 08.01.02.001 и 08.01.02.004 (Рыбинское в-ще до Рыбинского г/у и впадающие в него реки без рр. Молога, Суда и Шексна до Шекснинского г/у) идет на запад, дважды пересекает административную границу Тверской и Вологодской обл. в тт.8026 и 8027 и поворачивает на юго-восток в Тверскую область, достигая по водоразделу Моложского плеса Рыбинского в-ща и р. Могоча в т.8028 границы Тверской и Ярославской областей. От этой точки граница участков 08.01.02.001 и 08.01.02.004 отклоняется на юго-запад до т.8024, в которой сходятся границы водохозяйственных участков 08.01.01.009 (Волга от Угличского г/у до начала Рыбинского в-ща), 08.01.02.001 и 08.01.02.004. и далее до т.8023 – точки схождения границ водохозяйственных участков 08.01.01.008 (Волга от Иваньковского г/у до Угличского г/у), 08.01.01.009 и 08.01.02.001. Далее граница следует в западном направлении по водоразделу бассейнов рр. Медведица и Молога, плавно отклоняясь на северо-запад и достигая сначала т.8015 в истоке р. Медведица – точки схождения границ водохозяйственных участков 08.01.01.005 (Тверца от истока (Вышневолоцкий г/у) до г. Тверь), 08.01.02.001 и 08.01.01.008, затем т.47 – точки схождения границ водохозяйственных участков 08.01.01.005, 08.01.02.001 и 01.04.02.002 (Мста, включая р. Шлина от Вышневолоцкого г/у, до устья). Здесь граница делает две крутых петли вокруг истоков рр. Волчина и Съежа и уходит на север, пересекая в т.46 административную границу Тверской и Новгородской областей. Граница участков 08.01.02.001 и 01.04.02.002 огибает озера Меглино, Великое, Игорь, Владимирское, оставляя их внутри рассматриваемого участка, и приходит в т.45, где сходятся границы водохозяйственных участков 01.04.01.009 (Сясь), 01.04.02.002 и 08.01.02.001. От этой точки граница уходит на северо-восток к истокам р. Воложба, пересекает административную границу Новгородской и Ленинградской областей в т.44 и доходит до т.228, в которой сходятся границы водохозяйственных участков 08.01.01.009, 08.01.02.001 и 08.01.02.004. и затем вдоль бассейна р. Лидь до т.8029 – точки схождения границ водохозяйственных участков 08.01.02.001, 08.01.02.002 (Суда) и 01.04.01.008. Далее граница участков 08.01.02.001 и 08.01.02.002 следует на юг по водоразделу рр. Чагодоща и Колпь, пересекает в т.8030 границу областей Ленинградской и Вологодской, немного отклонившись на юго-восток, приходит в т.8031, где сходятся границы водохозяйственных участков 08.01.02.001, 08.01.02.002 и 08.01.02.004 и далее замыкается в расчетной точке 8025."""
"""Лугань от истока до гидроузла Мироновского водохранилища""","""Водохозяйственный участок 05.01.04.011 включает часть бассейна Лугань от истока до гидроузла Мироновского водохранилища. Площадь водохозяйственного участка составляет 0.40 тыс. км2. От точки т.5141 схождение границы водохозяйственных участков 05.01.05.010, 05.01.04.011 и 05.01.04.012 на пересечении границ ЛНР и ДНР идет на запад до схождения границы водохозяйственных участков 05.01.04.008, 05.01.04.011 и 05.01.05.010 в т.5142 . Затем вдоль границы водохозяйственного участка 05.01.04.008 доходит до гидроузла Мироновского водохранилища и возвращается в т. 5141"""
"""Северский Донец от границы Луганской Народной Республики (ЛНР) с Ростовской областью до впадения р.Калитва""","""Водохозяйственный участок 05.01.04.005 охватывает российскую часть бассейна р. Северский Донец от границы Луганской Народной Республики до впадения р.Калитва (т.5103). Площадь водохозяйственного участка составляет 12.48 тыс. км2. От точки замыкающего створа, в котором сходятся границы водохозяйственных участков 05.01.04.005, 05.01.04.006 и 05.01.04.007, граница участка идет на запад по водоразделу рр. Северский Донец и Кундрючья до т.5104, где сходятся границы водохозяйственных участков 05.01.04.005, 05.01.04.007 и 05.01.05.010 и до точки т.5102 схождения границ водохозяйственных участков 05.01.04.010, 05.01.04.005 и 05.01.05.010. От этой точки граница участка круто разворачивается на северо-восток и затем идет на север до точки т.5101 схождения границ водохозяйственных участков 05.01.04.004, 05.01.04.005 и 05.01.04.010. Затем по длинному водоразделу р. Калитва и левых притоков р. Северский Донец – рр. Полная, Глубокая, Бол. и Мал.Калитвинец возвращается в точку замыкающего створа – т.5103."""
"""Северский Донец от границы ДНР с ЛНР до в/п г. Лисичанск (430 км от устья)""","""Водохозяйственный участок 05.01.04.009 часть бассейна р. Северский Донец от границы ДНР с ЛНР до в/п г. Лисичанск (430 км от устья) (т.5139). Площадь водохозяйственного участка составляет 5.03 тыс. км2. От точки замыкающего створа, в которой сходятся границы водохозяйственных участков 05.01.04.009, 05.01.04.004 и 05.01.04.008 на пересечении границ ЛНР и ДНР, граница участка идет на север и поворачивает на восток по границе с водохозяйственным участком 05.01.04.003 до т.5137, где сходятся границы водохозяйственных участков 05.01.04.003, 05.01.04.004 и 05.01.04.009. Далее граница отклоняется на юг и по границе с водохозяйственным участком 05.01.04.004 доходит до т.5138, в которой сходятся границы водохозяйственных участков 05.01.04.009, 05.01.04.004 и 05.01.04.010, затем, резко повернув на запад, достигает замыкающего створа – т.5139."""
Айдар,"""Водохозяйственный участок 05.01.04.004 охватывает бассейн р. Айдар. Площадь водохозяйственного участка составляет 7,42 тыс. км2. От точки т.5055 схождения границы водохозяйственных участков 05.01.01.012, 05.01.04.003 и 05.01.04.004 граница отклоняется на юго-восток, пересекает в т.218 административную границу Воронежской и Белгородской областей и, обогнув исток р. Белая, приходит в т.5100 схождения границ водохозяйственных участков 05.01.04.004, 05.01.04.005 и 05.01.01.012. От этой точки в южном направлении доходит до схождения границ водохозяйственных участков 05.01.04.004, 05.01.04.005 и 05.01.04.010 (т.5101). Затем, пройдя немного южнее, резко меняет направление на север через точки т.5138 - схождение границ водохозяйственных участков 05.01.04.003, 05.01.04.004 и 05.01.04.009 и т.5138 – схождение границы водохозяйственных участков 05.01.04.009, 05.01.04.004 и 05.01.04.010 после которых возвращается в т.5055."""
"""Дон от впадения р.Северский Донец до устья без рр. Сал и Маныч""","""Водохозяйственный участок 05.01.05.009 охватывает приустьевую часть бассейна р. Дон до расчетного створа в устье при впадении в Азовское море (т.207). Площадь водохозяйственного участка составляет 12.45 тыс. км2. От точки замыкающего створа граница участка идет вдоль морского края дельты р. Дон до т.5132 у северного края этой дельты и далее на север по водоразделу рр. Миус, Сухой Самбек и р. Тузлов до т.5133 схождения границ водохозяйственных участков 05.01.05.009, 05.01.05.010 и 05.01.04.007. От этой точки граница участка следует до точки схождения границ водохозяйственных участков 05.01.03.010, 05.01.04.007 и 05.01.05.009 т.223 в месте впадения р. Северский Донец в р. Дон., достигает т.5129 на Веселовском г/у на р. Маныч на границе с водохозяйственным участком 05.01.05.008, где идет через точку т.5135 примыкания границы водохозяйственных участков 05.01.04.009 и 05.01.05.010 к береговой линии Азовского моря и замыкается, проходя через дельту р. Дон до т.5132."""
Айдар,"""Водохозяйственный участок 05.01.04.004 охватывает бассейн р. Айдар. Площадь водохозяйственного участка составляет 7,42 тыс. км2. От точки т.5055 схождения границы водохозяйственных участков 05.01.01.012, 05.01.04.003 и 05.01.04.004 граница отклоняется на юго-восток, пересекает в т.218 административную границу Воронежской и Белгородской областей и, обогнув исток р. Белая, приходит в т.5100 схождения границ водохозяйственных участков 05.01.04.004, 05.01.04.005 и 05.01.01.012. От этой точки в южном направлении доходит до схождения границ водохозяйственных участков 05.01.04.004, 05.01.04.005 и 05.01.04.010 (т.5101). Затем, пройдя немного южнее, резко меняет направление на север через точки т.5138 - схождение границ водохозяйственных участков 05.01.04.003, 05.01.04.004 и 05.01.04.009 и т.5138 – схождение границы водохозяйственных участков 05.01.04.009, 05.01.04.004 и 05.01.04.010 после которых возвращается в т.5055."""
"""Северский Донец от границы Луганской Народной Республики (ЛНР) с Ростовской областью до впадения р.Калитва""","""Водохозяйственный участок 05.01.04.005 охватывает российскую часть бассейна р. Северский Донец от границы Луганской Народной Республики до впадения р.Калитва (т.5103). Площадь водохозяйственного участка составляет 12.48 тыс. км2. От точки замыкающего створа, в котором сходятся границы водохозяйственных участков 05.01.04.005, 05.01.04.006 и 05.01.04.007, граница участка идет на запад по водоразделу рр. Северский Донец и Кундрючья до т.5104, где сходятся границы водохозяйственных участков 05.01.04.005, 05.01.04.007 и 05.01.05.010 и до точки т.5102 схождения границ водохозяйственных участков 05.01.04.010, 05.01.04.005 и 05.01.05.010. От этой точки граница участка круто разворачивается на северо-восток и затем идет на север до точки т.5101 схождения границ водохозяйственных участков 05.01.04.004, 05.01.04.005 и 05.01.04.010. Затем по длинному водоразделу р. Калитва и левых притоков р. Северский Донец – рр. Полная, Глубокая, Бол. и Мал.Калитвинец возвращается в точку замыкающего створа – т.5103."""
"""Урал от Магнитогорского г/у до Ириклинского г/у""","""Водохозяйственный участок 12.01.00.003 охватывает бассейн р. Урал на промежутке между Магнитогорским и Ириклинским гидроузлами. Территория участка, охватывающая 30.46 тыс. км2, в основном расположена на поверхности Зауральского плато. От замыкающего створа Ириклинского гидроузла (т.12013) граница проходит на восток через точку (т.12023) схождения границ водохозяйственных участков 12.01.00.003, 12.01.00.004 (Урал от Ириклинского г/у до г. Орск) и 12.01.00.008 (Урал от г. Орск до впадения р. Сакмара) до предгорий хребта Ирендык, где в т.12008 сходятся границы водохозяйственных участков 12.01.00.003, 12.01.00.008 и 12.01.00.005 (Сакмара от истока до впадения р. Большой Ик). Далее граница движется субмеридионально в северном направлении по поверхности хр. Ирендык, пересекая в т.12007 границу между Оренбургской обл. и Респ. Башкортостан, до точки (т.323) схождения границ водохозяйственных участков 12.01.00.003, 12.01.00.005 и 10.01.02.002 (Белая от в/п Арский Камень до Юмагузинского г/у). От этой точки граница продолжает движение на север, вдоль хр. Крыктытау до т.12014, в которой сходятся границы водохозяйственных участков 12.01.00.002 (Урал от Верхнеуральского г/у до Магнитогорского г/у), 12.01.00.003 и 10.01.02.002. Далее граница движется в восточном направлении, огибая озера Банное, Суртанды и Мулдаккуль, пересекает границу между Челябинской обл. и Респ. Башкортостан в т.12015, проходит створ Магнитогрского гидроузла (т.12016), точку схождения границ водохозяйственных участков 12.01.00.001 (Урал от истока до Верхнеуральского г/у), 12.01.00.002 и 12.01.00.003 и далее, обходя верховья р. Гумбейка, достигает точки схождения границ водохозяйственных участков 12.01.00.001, 14.01.05.002 (Тобол от истока до впадения р. Уй без р. Увелька) и 12.01.00.003 (т.14014). Далее, поворачивая на юг, граница с Иртышским бассейновым округом движется до т.353, в которой пересекает границу между Оренбургской и Челябинской обл., и в т.354 вместе с водохозяйственным участком 14.01.05.002 примыкает к Государственной границе Российской Федерации с Казахстаном. От этой точки граница водохозяйственного участка 12.01.00.003 продолжает движение по государственной границе, в т.12018 (примыкание границ водохозяйственных участков 12.01.00.003 и 12.01.00.004 к Государственной границе РФ с Казахстаном) поворачивает на запад и замыкается в начальной точке."""
"""Дельта р. Терек""","""Водохозяйственный участок 07.02.00.016 охватывает бассейн р. Терек на его последнем участке от створа Карагалинского гидроузла до впадения в Каспийское море многочисленными рукавами. Участок расположен в Чеченской Республике и Республике Дагестан, его площадь составляет 5,8 тыс. км2. От т.245 примыкания к береговой линии Каспийского моря границ водохозяйственных участков 07.01.00.010 (Кума от впадения р. Мокрая Буйвола до устья), 07.01.00.011 (Сухая Кума) и 07.02.00.016 граница водохозяйственного участка 07.02.00.016 следует на юг вдоль побережья Каспийского моря, проходя по берегу Аграханского залива, т.258 на северной оконечности Аграханского полуострова и достигает т.252 примыкания к береговой линии Каспийского моря границы с водохозяйственным участком07.03.00.002 (Сулак от Чиркейского г/у до устья). Далее граница поворачивает на запад, проходит т.7064 схождения границ водохозяйственных участков 07.02.00.015 (Терек от впадения р Сунжа до Каргалинского г/у), 07.02.00.016 и 07.03.00.002, поворачивает на север, пересекает р. Терек по створу Карагалинского гидроузла (т.7063), проходит т.246 пересечения границы между Чеченской Республикой и Республикой Дагестан и схождения границ водохозяйственных участков 07.01.00.013 (Водные объекты междуречья Терека и Сухой Кумы), 07.02.00.010 (Терек от г. Моздок до впадения р Сунжа), 07.02.00.015 и 07.02.00.016, затем, следуя так же в северном направлении, проходит т.7024 схождения границ водохозяйственных участков 07.01.00.011, 07.01.00.013 и 07.02.00.016, после чего замыкается в начальной точке. Дельта Терека представляет собой раскинувшиеся веером плавневые массивы, тростниковые заросли озер и лиманов. Сама дельта состоит из множества рукавов и старых русел. Дельта поросла рогозом, камышом и тростником. В ландшафтном отношении это Терско-Кумская провинция полупустынной зоны – глинисто-суглинистая морская равнина, осложненная соляными озерами, солончаковатыми западинами. Травяной покров образуют полынно-злаковые, полынно- солянковые и солянковые группировки."""
"""Маныч от Пролетарского г/у до Веселовского г/у""","""Водохозяйственный участок 05.01.05.008 охватывает верхнюю часть бассейна р. Маныч от Пролетарского г/у до расчетного створа у Веселовского г/у (т.5129). Площадь водохозяйственного участка составляет 5.1 тыс. км2. От точки замыкающего створа граница участка простирается на восток до т.5109, где сходятся границы водохозяйственных участков 05.01.05.001 (Сал), 05.01.05.009 (Дон от впадения р. Северский Донец до устья без рр. Сал и Маныч) и 05.01.05.008, затем плавно уходит на юго- восток по водоразделу Веселовского в-ща и Донского магистрального канала до т.5108 - точки схождения границ водохозяйственных участков 05.01.05.001, 05.01.05.008 и 05.01.05.007 (Маныч от истока до Пролетарского г/у без рр. Калаус и Егорлык). В этой точке направление границы меняется на западное до т.5127, в которой пересекается р. Маныч у Пролетарского г/у. Здесь граница идет вначале на юг, затем поворачивает на запад, по водоразделу р. Юла и Сред.Егорлык доходит до т.5130 – точки схождения границ водохозяйственных участков 05.01.05.011 (Реки бассейна Таганрогского залива от южной границы бассейна р. Дон до северной границы бассейна р. Ея), 05.01.05.008 и 05.01.05.007, после которой следует резкий поворот на север и через точку 5131 – точку схождение границ водохозяйственных участков 05.01.05.011, 05.01.05.008 и 05.01.05.009 граница возвращается к замыкающему створу – т.5129."""
"""Вилюй от впадения р.Марха до устья без р. Тюнг""","""Водохозяйственный участок 18.03.08.006 охватывает территорию бассейна р.Вилюй от впадения р. Марха до устья, расположен целиком в Респ. Саха (Якутия). Площадь водохозяйственного участка составляет 70,2 тыс. км2. От т.752 впадения р. Вилюй в р. Лена – точки схождения границ водохозяйственных участков 18.03.07.001 (Лена от впадения р. Алдан до впадения р. Вилюй), 18.03.08.006 и 18.03.09.001 (Лена от впадения р. Вилюй до в/п ГМС Джарджан) граница участка следует на юг по Центральноякутской равнине до т.753 в окрестностях оз. Нидили, далее выходит на Приленское плато к т.746 схождения, границ водохозяйственных участков 18.03.05.001 (Лена от устья Олекмы до в/п п. Покровск), 18.03.07.001 и 18.03.08.006, поворачивает на юго-запад, проходит через т.745 в верховьях р. Синяя, поворачивает на запад, проходит через точку схождения границ водохозяйственных участков 18.03.05.001, 18.03.08.003 (Вилюй от Вилюйской ГЭС до впадения р. Марха) и 18.03.08.006 - т.18047, затем поворачивает на северо-запад, пересекает р. Марха в точке схождения границ водохозяйственных участков 18.03.08.003, 18.03.08.004 (Марха) и 18.03.08.006 (т.18082), поворачивает на север, выходит на Среднесибирское плоскогорье, проходит через т.18084 схождения границ водохозяйственных участков 18.03.08.004, 18.03.08.005 (Тюнг) и 18.03.08.006, поворачивает на юго-восток и выходит на Центральноякутскую равнину к месту впадения р. Тюнг в р. Вилюй (т.18085), поворачивает на северо-восток, проходит через т.18086 схождения границ водохозяйственных участков 18.03.08.005, 18.03.08.006 и 18.03.09.001 и выходит в долину р. Лена к начальной т.752. Абсолютная высота местности колеблется в пределах 50-500 м. Почвенно-растительный покров относится к подзоне северной тайги и отличается большой мозаичностью. Лиственничные леса сменяются луговыми пространствами вокруг многочисленных небольших озер термокарстового происхождения."""
Терса,"""Водохозяйственный участок 05.01.03.002 включает бассейн р. Терса с расчетным створом в месте впадения р. Терса в р. Медведица (т.5074). Площадь водохозяйственного участка составляет 8.8 тыс. км2. От точки замыкающего створа, где сходятся границы водохозяйственных участков 05.01.03.001 (Медведица от истока до впадения р. Терса), 05.01.03.002 и 05.01.03.003 (Медведица от впадения р. Терса до устья), граница участка простирается на запад до т.5072, где сходятся границы водохозяйственных участков 05.01.02.004(Бузулук), 05.01.03.003 и 05.01.03.002, у которой поворачивает на северо-запад и направляется по водоразделу рр. Бузулук и Терса до т.221, в которой сходятся административные границы трех областей – Саратовской, Воронежской и Волгоградской. Здесь граница участка резко поворачивает на северо-восток, проходит т.5062 – точку схождения границ водохозяйственных участков 05.01.02.001 (Хопер от истока до впадения р. Ворона), 05.01.02.004 и 05.01.03.002, и продолжается по водоразделу рр. Бол.Аркадак и Елань до т.5061 у истока р. Елань, в которой сходятся границы водохозяйственных участков 05.01.02.001, 05.01.03.001 и 05.01.03.002. От этой точки граница следует на юго-восток по водоразделу рр. Терса и Баланда, пересекает границу Волгоградской и Саратовской областей (т.5075) и достигает замыкающего створа участка (т.5074)."""
"""Торгун от истока до устья""","""Водохозяйственный участок 11.01.00.021 охватывает бассейн р. Торгун от истока до расчетного замыкающего створа в месте впадения в Волгоградское в-ще – т.11068. Площадь водохозяйственного участка составляет 5,9 тыс. км2. От точки замыкающего створа граница участков 11.01.00.021 и 11.01.00.022 (Волга от Саратовского г/у до Волгоградского г/у (Волгоградское в-ще) без рр. Бол.Иргиз, Бол.Караман, Терешка, Еруслан, Торгун) через небольшое расстояние на север проходит т.11067 – точку схождения границ водохозяйственных участков 11.01.00.020 (Еруслан), 11.01.00.021 и 11.01.00.022, от которой резко поворачивает на восток и, огибая верховья рр. Яма, Куба приходит к точке т.11066 – точке схождения границ водохозяйственных участков 11.01.00.020, 11.01.00.021 и 12.02.00.001 (Урал от истока до Верхнеуральского г/у). Здесь граница поворачивает на юго-восток и у истока р. Торгун достигает т.349 – точки пересечения границ Волгоградской и Саратовской обл. на Государственной границе РФ с Республикой Казахстан, от которой идет на юг вдоль р. Торгун и далее, пересекая канал Волжский, вдоль Палассовской системы каналов до примыкания участка к Государственной границе РФ границы с водохозяйственным участком 11.01.00.026 (оз. Эльтон и впадающие в него реки) (т.11069). От этой точки граница участков 11.01.00.021 и 11.01.00.026 уходит на северо-запад к точкам 11070 – точке схождения границ водохозяйственных участков 11.01.00.021, 11.01.00.026 и 11.01.00.027 (Реки бессточных областей левобережья Волги без бассейна оз. Эльтон) и 11071 – точке схождения границ водохозяйственных участков 11.01.00.021, 11.01.00.022 и 11.01.00.027. Далее граница поворачивает на север и приходит в точку замыкающего створа – т.11068."""
Суда,"""Водохозяйственный участок 08.01.02.002 включает бассейн р. Суда от истока до расчетного замыкающего створа в месте впадения в Рыбинское в-ще – т.8032. Площадь водохозяйственного участка составляет 13,5 тыс. км2. От точки замыкающего створа граница участков 08.01.02.002 и 08.01.02.004 (Рыбинское в-ще до Рыбинского г/у и впадающие в него реки без рр. Молога, Суда и Шексна до Шекснинского г/у) простирается на запад и, обогнув оз. Колоденское приходит в т.8031 – точку схождения границ водохозяйственных участков 08.01.02.001 (Молога), 08.01.02.002 и 08.01.02.004. Далее граница поворачивает на северо-запад, идет по водоразделу рр. Чагодоща и Колпь, пересекает границу Ленинградской и Вологодской обл. в т.8030 и доходит до т.8029, в которой сходятся границы водохозяйственных участков 08.01.02.001, 08.01.02.002 и 01.04.01.008 (Свирь от Нижнесвирского г/у до устья). От этой точки граница участка следует на северо-восток практически вдоль административной границы Ленинградской и Вологодской областей, которую пересекает в т.43 и в истоке р. Ножема проходит сначала т.1014 – точку схождения границ водохозяйственных участков 08.01.02.001, 01.04.02.006 - Волхов и 01.04.01.008, затем, повернув на восток, – т.8074 – точку схождения границ водохозяйственных участков 08.01.02.002, 08.01.02.003 (Шексна от истока (вкл. Оз. Белое) до Череповецкого г/у) и 01.04.01.006. Затем граница уходит на юго-восток по водоразделу рр. Шола и Суда, огибает озера Ухтомьярское, Андозеро и Новозеро, оставляя их внутри участка, отклоняется на юг и достигает в истоке р. Ягорба т.8033 – точки схождения границ водохозяйственных участков 08.01.02.002, 08.01.02.003 и 08.01.02.004. Здесь граница поворачивает на запад к расчетному замыкающему створу – т.8032."""
"""Острова моря Лаптевых в пределах внутренних морских вод и территориального моря РФ, прилегающего к береговой линии гидрографической единицы 18.01.00 (вкл. о-в Большой Бегичев)""","""Водохозяйственный участок 18.01.00.100 включает водные объекты островов моря Лаптевых в пределах внутренних морских вод и территориального моря РФ, прилегающего к береговой линии гидрографической единицы 18.01.00. Наиболее крупным из островов является о-в Большой Бегичев. Площадь островов составляет 1.9 тыс. км2. Граница водохозяйственного участка проходит по береговой линии островов."""
"""Ока от впадения р.Мокша до впадения р.Теша""","""Водохозяйственный участок 09.01.03.001 охватывает часть бассейна р. Ока от впадения р. Мокша (т.307) и замыкается в расчетном створе на р. Ока в устье р. Теша (т.9100). Площадь водохозяйственного участка составляет 6,0 тыс. км2. От т.9100 граница между водохозяйственными участками 09.01.03.001 и 09.01.03.002 (Теша) направлена на юг по водоразделу рр. Велетьма и Теша до т.9099. В этой точке сходятся водохозяйственные участки 09.01.03.001, 09.01.03.002 и 09.01.02.004 (Мокша от в/п г. Темников до устья без р. Цна). Далее граница между водохозяйственными участками 09.01.03.001 и 09.01.02.004 поворачивает на запад, по административной границе между Рязанской и Нижегородской областями доходит до т.311 и, поворачивая на юго-запад, достигает расчетного створа нар. Ока (т.307). В этой точке сходятся водохозяйственные участки 09.01.03.001, 09.01.02.004 и 09.01.01.023 (Ока от в/п с. Копоново до впадения р. Мокша). От т.307 граница направляется к северо-западу вдоль бассейна р. Унжа и, огибая ее притоки уходит на север к т.310 на границе Владимирской и Рязанской областей. Не меняя направления, граница достигает т.9087, где сходятся водохозяйственные участки 09.01.03.001, 09.01.01.023 и 09.01.03.012 (Ока от г. Муром до г. Горбатов без рр. Клязьма и Теша). Далее граница между водохозяйственными участками 09.01.03.001 и 09.01.03.012 уходит на северо-запад, огибает левые притоки р. Оки, впадающие выше р. Теша и, поворачивая к юго-востоку вдоль бассейна р. Теша замыкается в расчетном створе водохозяйственного участка т.9100 (ниже г. Мурома)."""
"""Острова в пределах внутренних морских вод и территориального моря РФ, прилегающего к береговой линии гидрографической единицы 18.05.00 (вкл. Новосибирские острова)""","""Водохозяйственный участок 18.05.00.100 включает водные объекты островов в пределах внутренних морских вод и территориального моря РФ, прилегающего к береговой линии гидрографической единицы 18.05.00. В участок включены острова архипелага Новосибирские острова. Площадь островов составляет 38 тыс. км2. Граница водохозяйственного участка проходит по береговой линии островов."""
"""Карповка от истока до Карповского г/у""","""Водохозяйственный участок 05.01.03.007 включает участок системы канала Волго- Дон р. Червленая с замыкающим створом р. Карповка у Карповского г/у (т.5086). Площадь водохозяйственного участка составляет 1.1 тыс. км2. От точки замыкающего створа граница участка следует на северо-восток до т.5084, где сходятся границы водохозяйственных участков 05.01.03.005 (Дон от впадения р. Хопер до г. Калач- на-Дону без рр. Хопер, Медведица и Иловля), 05.01.03.009 (Дон от г. Калач-на-Дону до Цимлянского г/у (Цимлянское в-ще) без р. Чир) и 05.01.03.007. Далее граница огибает бассейн р. Россошка и проходит т.5013 - точку схождения границ водохозяйственных участков 05.01.03.006, 11.01.00.023 (Волга от Волгоградского г/у до в/п Светлый Яр) и 05.01.03.007, после которой направляясь уже на запад, приходит к каналу Волго-Дон у Береславского г/у в т.5085. От этой точки граница уходит на юго-восток и в т.191 – точке схождения границ водохозяйственных участков 05.01.03.006 (Червленая от истока до Береславского г/у), 11.01.00.023 и05.01.03.007 – вновь пересекает канал Волго-Дон. Рядом с этим пересечением в т.5012 сходятся границы водохозяйственных участков 05.01.03.009, 11.01.00.023 и 05.01.03.007, откуда граница идет на запад вдоль бассейна р. Донская Царица до точки замыкающего створа – т.5086."""
Уда,"""Водохозяйственный участок 16.03.00.004 охватывает бассейн р. Уда - правого притока р. Селенга, берущего начало на Витимском плоскогорье. Водохозяйственный участок расположен на территории Республики Бурятия. Площадь водохозяйственного участка составляет 34,8 тыс. км2. В соответствии с Реестром опорных точек описание границы водохозяйственного участка 16.03.00.004 начинается от т.16056, расположенной в месте впадения р. Уда в Селенгу выше г. Улан-Удэ. Отсюда граница проходит короткий отрезок на северо-запад к точке схождения границ водохозяйственных участков 16.03.00.004, 16.03.00.005 (Селенга от границы РФ с Монголией до г. Улан-Удэ без рр. Джида, Чикой, Хилок, Уда) и 16.03.00.006 (Селенга от г. Улан-Удэ до устья) – т.16060. Здесь граница поворачивает на северо-восток и следует по хребту Улан-Бургасы до водораздела в т.16057 водохозяйственных участков 16.03.00.004, 16.03.00.006 и 16.04.00.002 (Чикой) и далее к точке схождения границ водохозяйственных участков 16.03.00.004, 16.04.00.002 и 18.03.02.001 (Витим от истока до в/п с. Калакан) – т.593. В т.593 граница поворачивает на юго-восток, проходит по Витимскому нагорью по водоразделу рек Конда и Уда, пересекает в т.594 административную границу между Читинской областью и Республикой Бурятия, поворачивает на юго-запад и по хребтам Цаган-Хуртэн и Цаган-Дабан идет близко к этой административной границе до т.16055, пересекает ее в этой точке и следует дальше до водораздела (т.16054) водохозяйственных участков 16.03.00.003 (Хилок), 16.03.00.004 и 16.03.00.005. Здесь граница водохозяйственного участка поворачивает на северо-запад и следует к точке замыкания - т.16056. Зональным типом ландшафтов являются бореальные лиственничные и лиственнично- кедровые леса, на наиболее высоких участках сменяющиеся горнолиственничными редколесьями."""
"""Нижняя Тунгуска от в/п пгт.Тура до в/п п.Учами""","""Водохозяйственный участок 17.01.07.003 включает часть бассейна р. Нижняя Тунгуска между водомерными постами пгт. Тура и п. Учами. Водохозяйственный участок целиком расположен на территории Эвенкийского автономного округа. Площадь водохозяйственного участка составляет 111 тыс. км2. От т.17028 (в/п п. Учами на р. Нижняя Тунгуска) граница следует на северо-запад вначале по плато Сыверма, затем по возвышенности Тутончана, в т.17026 проходит водораздел водохозяйственных участков 17.01.07.002 (Нижняя Тунгуска от в/п п. Кислокан до в/п пгт. Тура), 17.01.07.003 (Нижняя Тунгуска от в/п пгт. Тура до в/п п. Учами) и 17.01.07.004 (Нижняя Тунгуска от в/п п. Учами до устья), поворачивает на юго-восток проходит по хр. Гугда, далее через т.17025 (в/п пгт Тура на р. Нижняя Тунгуска), затем водораздел водохозяйственных участков 17.01.07.001 (Нижняя Тунгуска от истока до в/п п. Кислокан), 17.01.07.002 и 17.01.07.003 в т.17024, поворачивает на юг, проходит через т.17020 схождения границ водохозяйственных участков 17.01.05.002 (Чуня), 17.01.07.001 и 17.01.07.003, поворачивает на запад, проходит в т.642 близ истока р. Паимбу, в т.641 – у истока р. Ниж. Чунку и далее следует через т.17019 схождения границ водохозяйственных участков 17.01.05.002, 17.01.05.003 (Подкаменная Тунгуска от впадения р. Чуня до устья) и 17.01.07.003, поворачивает на северо-запад, проходит через т.640 схождения границ водохозяйственных участков 17.01.05.003, 17.01.06.001 (Енисей от впадения р. Подкаменная Тунгуска до впадения р. Нижняя Тунгуска) и 17.01.07.003, поворачивает на север к водоразделу водохозяйственных участков 17.01.06.001, 17.01.07.003 и 17.01.07.004 в т.17021, наконец, поворачивает на восток к исходной т.17028. Граница разделяет реки Виви, Ямбукан, Нидым, Сев. И Юж. Таймура, Юнари, Учами внутри водохозяйственного участка и реки Чискова, Тутончана, Тембенчи, Иритка, Илимпея, Сев. Чуня, Паимбу, Верх. И Ниж. Чунку, Бол. Нирунгда, Дегали за его пределами. Абсолютные высоты местности колеблются от 100 до 800 м. Территория относится к северо – и среднетаежной подзоне. В среднетаежной подзоне междуречья заняты сосново-лиственничными лесами. Северная тайга поднимается до высоты 650-700 м, далее следуют низкорослые леса из лиственницы даурской, вершины гор покрыты горными тундрами"""
"""Хопер от истока до впадения р. Ворона""","""Водохозяйственный участок 05.01.02.001 включает часть бассейна р. Хопер с расчетным створом на р. Хопер в месте впадения р. Ворона (т.5057). Площадь водохозяйственного участка составляет 19.5 тыс. км2. От точки замыкающего створа, в которой сходятся границы водохозяйственных участков 05.01.02.002 (Ворона), 05.01.02.001 и 05.01.02.005 (Хопер от впадения р. Ворона до устья без рр. Ворона, Савала и Бузулук) граница участка 05.01.02.001 протирается на восток по водоразделу рр. Ворона и Хопер, в точках 5058 и5067 пересекает административную границу Тамбовской, Воронежской и Саратовской областей и уходит на север до т.5059, где граница участка пересекает границу Пензенской и Саратовской областей. Здесь граница отклоняется на северо-восток и, продолжаясь по водоразделу бассейнов Вороны и Хопра, доходит до т.5060 – точки схождения границ водохозяйственных участков 05.01.02.001, 05.01.02.002 и 09.01.02.001 (Мокша от истока до в/п г. Темников). На восток от этой точки в точке 185 сходятся границы водохозяйственных участков 05.01.02.001, 08.01.05.003 (Сура от Сурского г/у до устья р. Алатырь) и 09.01.02.001. От т.185 граница участка поворачивает на юго-восток до т.8067 - точки схождения границ водохозяйственных участков 08.01.05.001 (Сура от истока до Сурского г/у), 08.01.05.003 и 05.01.02.001. Далее граница идет на юг вдоль верхней части бассейна Хопра до т.186 – точки схождения границ водохозяйственных участков 05.01.02.001, 05.01.03.001 (Медведица от истока до впадения р. Терса) и 08.01.05.001, от которой поворачивает на юго-запад и плавно на запад до т.5076 на водоразделе рр. Изнаир и Аткара и до т.5061 – точки схождения границ водохозяйственных участков 05.01.02.001, 05.01.03.001 и 05.01.03.002 (Терса). Юго-западное направление границы сохраняется на значительном протяжении до т.5062, где сходятся границы водохозяйственных участков 05.01.02.001, 05.01.02.004 (Бузулук) и 05.01.03.002, затем резко меняется на северо- западное, и границей огибается исток р. Кардаил. В т.5063 пересекается граница Воронежской и Волгоградской областей, на запад от которой граница участка замыкается в расчетном створе (т.5057)."""
"""Острова моря Лаптевых в пределах внутренних морских вод и территориального моря РФ, прилегающего к береговой линии гидрографической единицы 18.03.09""","""Водохозяйственный участок 18.03.09.100 включает водные объекты островов моря Лаптевых в пределах внутренних морских вод и территориального моря РФ, прилегающего к береговой линии гидрографической единицы 18.03.09. Площадь островов составляет 0.3 тыс. км2.Граница водохозяйственного участка проходит по береговой линии островов."""
"""Бассейны рек Каспийского моря от границы бассейна р. Сулак до границы бассейна р. Самур""","""Водохозяйственный участок 07.03.00.003 охватывает бассейны рек, впадающих в Каспийское море между бассейнами рек Сулак и Самур. Участок расположен в Республике Дагестан, его площадь составляет 9,3 км2. От т.7070 примыкания к береговой линии Каспийского моря границы с водохозяйственным участком 07.03.00.002 (Сулак от Чиркейского г/у до устья) граница водохозяйственного участка 07.03.00.003 следует на юг вдоль побережья, проходя устья рр. Шураозень, Манасозень, Инчхеозень, Гамриозень, Умлучай, Рубас и достигает т.7071 примыкания к береговой линии Каспийского моря границы с водохозяйственным участком 07.03.00.004 (Самур). От этой точки граница поворачивает от побережья на запад, проходит по водоразделу рр. Рубас и Самур до т.7068 схождения границ водохозяйственных участков 07.03.00.001 (Сулак от истока до Чиркейского г/у), 07.03.00.003 и 07.03.00.004 в верховьях р. Чирагчай. От этой точки граница следует на север, проходя по водоразделам рр. Умлучай, Хунних, Дорголакотты, Гамриозень и Накхер, Казикумукское Койсу, Шураозень и Аварское Койсу до т.7067 схождения границ водохозяйственных участков 07.03.00.001, 07.03.00.002 и 07.03.00.003, после которой поворачивает на восток и замыкается в начальной точке. Абсолютные отметки от -27 м на береговой линии моря на западном участке границы на отрогах хребтов Большого Кавказа высоты возрастают до 2800 м. На большей части территории участка к побережью близко подходят хребты Кавказских гор. Горная часть территории отличается сложной структурой высотной поясности (широколиственные и хвойные леса, субальпийские луга)."""
Савала,"""Водохозяйственный участок 05.01.02.003 включает бассейн р. Савала с расчетным створом в месте впадения р. Савала в р. Хопер (т.5068). Площадь водохозяйственного участка составляет 7.7 тыс. км2. От точки замыкающего створа граница участка идет в южном направлении до т.5048, в которой сходятся границы водохозяйственных участков 05.01.02.005 (Хопер от впадения р. Ворона до устья без рр. Ворона, Савала и Бузулук), 05.01.01.011 (Подгорная) и 05.01.02.003. Далее граница поворачивает на запад, пересекает административную границу Воронежской и Волгоградской областей (т.215), огибает исток р. Толучеевка и приходит к двум рядом расположенным точкам, обозначающим схождение границ водохозяйственных участков. В первой – т.5045 сходятся границы водохозяйственных участков 05.01.01.010 (Дон от г. Лиски до г. Павловск без р. Битюг), 05.01.01.011 и 05.01.02.003, во второй – т.5043 - границы водохозяйственных участков 05.01.01.010, 05.01.01.009 (Битюг) и 05.01.02.003. От этих точек граница уходит на север, разделяя бассейны рр. Елань и Битюг, до пересечения с административной границей Тамбовской и Воронежской областей в т.214. Здесь следует поворот границы на восток, затем на северо-восток до точки (183) схождения границ водохозяйственных участков 05.01.01.009, 05.01.02.003 и 09.01.02.002 (Цна от истока до г. Тамбов), от которой граница участка по водоразделу между истоками рр. Савала и Цна достигает т.5066, где сходятся границы водохозяйственных участков 05.01.02.002 (Ворона), 05.01.02.003 и 09.01.02.002. От истока р. Савала граница участка следует на юг, проходит т.5065 – точку схождения границ водохозяйственных участков 05.01.02.002, 05.01.02.003 и 05.01.02.005 и далее после пересечения административной границы Тамбовской и Воронежской областей (т.5069) возвращается к замыкающему створу (т.5068)"""
Джида,"""Водохозяйственный участок 16.03.00.001 охватывает бассейн р. Джида - левого притока р. Селенга. Джида берет начало на южных склонах западной части хребта Хамар-Дабан, течёт параллельно Джидинскому хребту. В верховьях Джида — горная река, текущая в ущелье. Ниже теснины чередуются с расширенными участками. Водохозяйственный участок расположен на территории Республики Бурятия. Площадь водохозяйственного участка составляет 18,6 тыс. км2. В соответствии с Реестром опорных точек описание границы водохозяйственного участка 16.03.00.001 начинается от т.16045, расположенной в месте впадения р. Джида в Селенгу. Отсюда граница идет на юго-запад к точке примыкания (т.16046) к государственной границе РФ с Монголией границы между водохозяйственными участками 16.03.00.001 и 16.03.00.005 (Селенга от границы РФ с Монголией до г. Улан-Удэ без рр. Джида, Чикой, Хилок, Уда) и далее до т.577, совпадая с Государственной границей, следует по Джидинскому хребту. От т.577 граница простирается на восток по водоразделу рек Зун-Мурен (16.01.01.002) и Джида (16.03.00.001) в верховья р. Снежная (т.576) на водоразделе водохозяйственных участков 16.01.01.002 (Иркут), 16.02.00.001 (Бассейны рек южной части оз. Байкал в междуречье рек Селенга и Ангара) и 16.03.00.001 и далее по Хангарульскому хребту подходит к точке схождения (т.16043) границ водохозяйственных участков 16.02.00.001, 16.03.00.001 и 16.03.00.005. Отсюда граница по хребту Мал. Хамар-Дабан идет к точке замыкания - т.16045, расположенной в месте впадения р. Джида в Селенгу. Территория представляет собой складчато-глыбовые горные массивы со значительными перепадами абсолютной высоты (от 500 до 2700 м), с преобладанием горной тайги."""
"""Воронья от г/у Серебрянское 1 до устья""","""Водохозяйственный участок 02.01.00.008 охватывает низовья р. Воронья от г/у Серебрянское 1 до устья. Участок расположен в Мурманской области, его площадь составляет 1,27 тыс. км2.От расчетного створа точки впадения р. Воронья в Баренцево море (т.2021) граница водохозяйственного участка движется вдоль побережья на восток к точке примыкания к нему границы водохозяйственного участка 02.01.00.009 (Реки бассейна Баренцева моря от восточной границы бассейна р. Воронья до западной границы бассейна р. Иоканга (мыс Святой Нос)) в т.2022. Прибрежная часть шириной 50-100 км занята мохово-лишайниковой и кустарниковой тундрой с участками березового редколесья и кустарниковой ивы. Широкое распространение имеют болота. Далее от т.2022 граница поворачивает вглубь Кольского полуострова и движется на юг до т.2017 схождения границ водохозяйственных участков 02.01.00.007 (Воронья от истока до г/у Серебрянское 1, вкл. оз. Ловозеро), 02.01.00.008 и 02.01.00.009. Далее граница поворачивает на запад, проходит створ гидроузла Серебрянское 1 в т.2016, а в т.2015 – точке схождения границ водохозяйственных участков 02.01.00.006 (Реки бассейна Баренцева моря от восточной границы р. Печенга до западной границы бассейна р. Воронья без: рр. Тулома и Кола), 02.01.00.007 и 02.01.00.008 снова поворачивает, на этот раз на север, движется до т.2014 примыкания к побережью Баренцева моря с границей водохозяйственного участка 02.01.00.006 и замыкается в начальном створе."""
Шелонь,"""Водохозяйственный участок 01.04.02.004 охватывает бассейн р. Шелонь от истока до впадения в оз. Ильмень. Шелонь начинается в больших болотах, расположенных близ границы Псковской и Новгородской областей, течет по Приильменской низменности, впадает в оз. Ильмень в его западной части, образуя дельту площадью около 10 тыс. км2. Наиболее крупными притоками р. Шелонь являются: Мшага, Ситня, Удоха, Уза, Судома, Ильзна (слева), Леменка, Люта, Шилинка, Полонка, Белка, Севера (справа). Участок расположен в Псковской и Новгородской областях, его площадь составляет 9,7 тыс. км2. От расчетного створа впадения р. Шелонь в оз. Ильмень (т.1062) граница водохозяйственного участка 01.04.02.004 следует на юг по водоразделу рр. Псижа и Колошка до т.1061 схождения границ водохозяйственных участков 01.04.02.003 (Ловать), 01.04.02.004 и 01.04.02.005 (Бассейн оз. Ильмень без рр. Мста, Ловать, Шелонь), затем пересекает границу между Псковской и Новгородской областями в т.1060, далее поднимается на Судомскую возвышенность, проходит т.29 схождения границ водохозяйственных участков 01.04.02.003, 01.04.02.004 и 01.03.00.001 (Великая от истока до в/п д. Гуйтово). От этой точки граница следует по Судомской возвышенности на запад до т.28 схождения границ водохозяйственных участков 01.04.02.004, 01.03.00.001 и 01.03.00.002 (Великая от в/п д. Гуйтово до устья) на водоразделе Судомской возвышенности, поворачивает на север и по водоразделу рр. Уза и Череха, обходя оз. Радиловское, достигает на Лужской возвышенности т.27 схождения границ водохозяйственных участков 01.04.02.004, 01.03.00.002 и 01.03.02.004 (Нарва). Далее граница поворачивает на восток, пересекает границу между Псковской и Новгородской областями, проходит т.25 схождения границ водохозяйственных участков 01.03.00.004, 01.03.00.005 (Луга от истока до в/п Толмачево) и 01.04.02.004 на границе между Ленинградской и Новгородской областями. После этого граница проходит т.1031 схождения границ водохозяйственных участков 01.03.00.005, 01.04.02.004 и 01.04.02.0005, следуя далее, замыкается в начальной точке. Территория характеризуется значительными перепадами абсолютных высот, холмистым водноледниковым рельефом, господством смешанных лесов, высокой степенью заозеренности и заболоченности."""
"""Лаба от истока до впадения р.Чамлык""","""Водохозяйственный участок 06.02.00.007 охватывает часть бассейна левого притока р. Кубань – р. Лаба до впадения в нее р. Чамлык. Территория водохозяйственного участка расположена в Республике Адыгея, Карачаево-Черкесская Республике и Краснодарском крае. Площадь участка составляет 6,6 тыс. км2. Расчетный створ участка расположен в т.6032 в месте впадения р. Чамлык в реку Лаба на границе с водохозяйственными участками 06.02.00.008 (Чамлык) и 06.02.00.009 (Лаба от впадения р. Чамлык до устья). От расчетного створа граница участка простирается на юг по водоразделу бассейнов рек Лаба и Чамлык до верховий Чамлыка (т.6027 - схождение границ водохозяйственных участков 06.02.00.007, 06.02.00.008 и 06.02.00.005 – Уруп - вблизи пересечения границы Краснодарского края и Карачаево-Черкесской Республики) и далее, разделяя бассейны рек Бол. Лаба и Уруп до т.6020 - схождение границ водохозяйственных участков 06.02.00.007, 06.02.00.003 (Большой Зеленчук) и 06.02.00.005. Высокогорная часть границы участка продолжается до границы РФ с Грузией (т.6019). От этой точки граница участка поворачивает на северо-запад и проходит по Государственной границе РФ с Грузией по хребтам Большого Кавказа через точку примыкания к ней границы между Карачаево-Черкесской Республикой и Краснодарским краем (т.235) до т.6033 схождения границ водохозяйственных участков 06.02.00.007, 06.02.00.011 и 06.03.00.003 - реки бассейна Черного моря от западной границы бассейна р. Шепси до р. Псоу. От т.6033 граница участка начинает спускаться с гор Кавказа на север практически по границе между Краснодарским краем и Республикой Адыгея по водоразделу бассейнов притоков рек Лаба и Белая до т.6035 схождения границ водохозяйственных участков 06.02.00.007, 06.02.00.011 (Белая) и 06.02.00.009 (Лаба от впадения р.Чамлык до устья), затем, разделяя бассейны рек Фарс и Чехрак, в северном направлении замыкается в расчетном створе, на пути пересекая границу между Краснодарским краем и Республикой Адыгея в т.6036."""
"""Тура от впадения р.Тагил до устья без рр. Тагил, Ница и Пышма""","""Водохозяйственный участок 14.01.05.023 охватывает бассейн р. Тура от впадения в нее правого притока р. Тагил до устья, исключая бассейны рек Тагил, Ницца и Пышма. Участок расположен в Свердловской и Тюменской областях, его площадь составляет 15,4 тыс. км2. От расчетного створа впадения р. Тура в р. Тобол (т.14073) граница водохозяйственного участка 14.01.05.023 следует на запад, проходит т.14071 схождения границ водохозяйственных участков 14.01.05.022 (Пышма от Белоярского г/у до устья без р. Рефт от истока до Рефтинского г/у), 14.01.05.023 и 14.01.05.026 (Тобол от впадения р. Исеть до устья без рр. Тура, Тавда), пересекает р. Пышма в т.14070 впадения в р. Тура, следует дальше по водоразделам рр. Тура и Пышма, Айба и Липка до т.14065 схождения границ водохозяйственных участков 14.01.05.019 (Ница от начала реки до устья), 14.01.05.022 и 14.01.05.023, поворачивает на север, пересекает р. Ница в т.14064 ее впадения в Туру, проходит далее по водоразделу рр. Ница и Тура, обходя их притоки – рр. Чубаровка, Мурза, Есаулка, Сусатка до т.14053 схождения границ водохозяйственных участков 14.01.05.015 (Тагил от г. Нижний Тагил до устья), 14.01.05.019 и 14.01.05.023, пересекает р. Тагил в т.14041 ее впадения в Туру и схождения границ водохозяйственных участков 14.01.05.012 (Тура от истока до впадения р. Тагил), 14.01.05.015 и 14.01.05.023, по водоразделу рр. Санкина, Якунина и Цыганка, Лекусова достигает т.14044 схождения границ водохозяйственных участков 14.01.05.012, 14.01.05.023 и 14.01.05.025 (Тавда от истока до устья без р. Сосьва от истока до в/п д. Морозково). От этой точки граница поворачивает на юго-восток, следует по водоразделам рр. Алямкова, Янсаевка и Картымья, Усть-Горная, Сулья, Емная, Турузбаевка, Бол. Кылья, Утья, Батышевка, Мал. Шайтанка, Алька, Сарагулка, Азанка, Тегень, проходит т.14074 схождения границ водохозяйственных участков 14.01.05.023, 14.01.05.025 и 14.01.05.026, далее следует в том же направлении по водоразделу рр. Тура и Иска, обходя оз. Сундукуль, Бол. Магат и Большое до замыкания в начальной точке."""
"""Сунжа от г. Грозный до впадения р. Аргун""","""Водохозяйственный участок 07.02.00.012 охватывает часть бассейна р. Сунжа от г. Грозный до впадения в нее правобережного притока р. Аргун. Участок расположен в Чеченской Республике и Республике Дагестан, его площадь составляет 3,1 тыс. км2. От расчетного створа на р. Сунжа ниже впадения р. Аргун (т.7060) граница водохозяйственного участка 07.02.00.012 следует на юг по водоразделу рр. Аргун и Джалка, Шароаргун и Басс, проходит т.7059 схождения границ водохозяйственных участков 07.02.00.012, 07.02.00.013 (Сунжа от впадения р. Аргун до устья) и 07.03.00.001 (Сулак от истока до Чиркейского г/у) на границе между Чеченской Республикой и Республикой Дагестан и достигает т.254 примыкания к Государственной границе РФ с Грузией границы с водохозяйственным участком 07.03.00.001. От этой точки граница водохозяйственного участка 07.02.00.012 следует на северо-запад вдоль Государственной границы РФ до т.255 примыкания к ней границы с водохозяйственным участком 07.02.00.011 (Сунжа от истока до г. Грозный) и границы между Чеченской Республикой и Республикой Ингушетия. Затем граница поворачивает на север, проходит по водоразделу рр. Сунжа и Аргун, пересекает р. Сунжа ниже г. Грозный в т.7057 схождения границ водохозяйственных участков 07.02.00.011, 07.02.00.012 и 07.02.00.014 (Водные объекты междуречья Терека и Сунжи (Алханчуртский канал). После этого граница поворачивает на восток, проходит т.7053 схождения границ водохозяйственных участков 07.02.00.010 (Терек от г. Моздок до впадения р Сунжа), 07.02.00.012, 07.02.00.013 и 07.02.00.014, а затем замыкается в начальной точке. В ландшафтной структуре территории проявляется широтная зональность и высотная поясность."""
Иня,"""Водохозяйственный участок 13.01.02.006 охватывает бассейн р. Иня от истока до устья. Участок расположен в Новосибирской и Кемеровской областях, его площадь составляет 17,6 тыс. км2. От расчетного створа впадения р. Иня в р. Обь выше г. Новосибирск (т.13032) граница водохозяйственного участка 13.01.02.006 следует на северо-восток до т.13033 схождения границ водохозяйственных участков 13.01.02.006, 13.01.02.007 (Обь от Новосибирского г/у до впадения р. Чулым без: рр. Иня и Томь) и 13.01.03.004 (Томь от г. Кемерово до устья), пересекает границу между Новосибирской и Кемеровской областями (т.428), проходит т.13034 схождения границ водохозяйственных участков 13.01.02.006, 13.01.03.004 и 13.01.03.003 (Томь от г. Новокузнецк до г. Кемерово), следует на юго-восток по водоразделу рр. Искитим и Сев. Уньга, проходит т.429 на водоразделе в верховьях р. Иня, делает петлю в западном направлении по водоразделу рр. Иня и Бунгарап, проходит т.13022 схождения границ водохозяйственных участков 13.01.02.004 (Чумыш), 13.01.02.006 и 13.01.03.003, пересекает границу между Алтайским краем и Кемеровской областью в т.13021, проходит в северо-западном направлении т.13020 схождения границ водохозяйственных участков 13.01.02.004, 13.01.02.005 (Обь от г. Барнаул до Новосибирского г/у без р. Чумыш) и 13.01.02.006 на границе между Алтайским краем и Кемеровской областью, затем т.13027 схождения границ между Новосибирской и Кемеровской областями и Алтайским краем, после чего по водоразделу рр. Мал. Ик и Изылы достигает т.13026 схождения границ водохозяйственных участков 13.01.02.005, 13.01.02.006 и 13.01.02.007 и отсюда, следуя в северо- восточном направлении, замыкается в начальной точке."""
"""Уводь от истока до устья""","""Водохозяйственный участок 09.01.03.010 охватывает бассейн притока р. Клязьма – р. Уводь от истока до замыкающего расчетного створа в месте впадения р. Уводь в Клязьму восточнее г. Ковров (т.9119). Площадь водохозяйственного участка составляет 3,4 тыс. км2. От т.9119 граница участков 09.01.03.008 и 09.01.03.009 (Клязьма от г. Владимир до г. Ковров без р. Нерль) простирается на запад по водоразделу рр. Уводь и Клязьма до точки (9118) схождения водохозяйственных участков 09.01.03.009, 09.01.03.010 и 09.01.03.008 (Нерль), затем резко поворачивает на север по водоразделу рр. Уводь и Нерль и, пересекая административную границу Владимирской и Ивановской областей (т.9117), достигает т.9116, где сходятся границы водохозяйственных участков 09.01.010, 09.01.03.008и 08.01.03.002 (Волга от Рыбинского г/у до г. Кострома без р. Кострома от истока до в/п д.Исады). От этой точки граница участков 09.01.03.010 и 08.01.03.002 идет на восток, плавно петляя по водоразделу верховьев бассейнов р. Уводь и рр. Лахость и Солоница до т.9120, обозначающей точку схождения границ водохозяйственных участков 09.01.03.010, 08.01.03.002, 09.01.03.011 (Клязьма от г. Ковров до устья без р. Уводь) и 08.01.03.004 (Волга от г. Кострома до Горьковского г/у (Горьковское в-ще) без р. Унжа ). Далее граница участков 09.01.03.010 и 09.0.03.011 идет на юг по водоразделу р. Теза и р. Уводь, делая плавную петлю к западу вокруг истока крупного притока р. Теза – р. Шижегда, и после пересечения административной границы Ивановской и Владимирской областей в т.9121 доходит до замыкающего створа – т.9119."""
Марха,"""Водохозяйственный участок 18.03.08.004 охватывает территорию бассейна р. Марха от истока до устья и расположен целиком в Респ. Саха (Якутия). Площадь водохозяйственного участка составляет 99,0 тыс. км2. От т.18082 впадения р. Марха в р. Вилюй – точки схождения границ водохозяйственных участков 18.03.08.003 (Вилюй от Вилюйской ГЭС до впадения р. Марха), 18.03.08.004 и 18.03.08.006 (Вилюй от впадения р. Марха до устья без р. Тюнг) граница следует на запад по Вилюйскому плато, проходит через т.18081 схождения границ водохозяйственных участков 18.03.08.002, 18.03.08.003 и 18.03.08.004, далее через т.18079 схождения границ водохозяйственных участков 18.03.08.001 (Вилюй от истока до в/п Усть-Амбардах), 18.03.08.002 и 18.03.08.004, поворачивает на северо- восток, проходит через т.18003 на водоразделе водохозяйственных участков 18.02.00.001 (Оленек от истока до в/п ГМС Сухана), 18.03.08.001 и 18.03.08.004, делает петлю в северном направлении, огибая верховья р. Моркока (т.699), затем, следуя в южном направлении, проходит через т.698, поворачивает на северо-восток к водоразделу водохозяйственных участков 18.02.00.001, 18.03.08.004 и 18.03.09.001 (Лена от впадения р. Вилюй до в/п ГМС Джарджан) на междуречье рр. Муна, Тюнг и Силигир (т.697), проходит через т.18083 схождения границ водохозяйственных участков 18.03.08.004, 18.03.08.005 (Тюнг) и 18.03.09.001, поворачивает на юго-восток, проходит через точку схождения границ водохозяйственных участков 18.03.08.004, 18.03.08.005 и 18.03.08.006 - т.18084 и замыкается в исходной т.18082. Абсолютные высоты местности составляют 250 - 900 м. Растительный покров относится к подзоне северной тайги и северной полосе средней тайги. Господствует лиственничная тайга, как правило, кустарниково-травяная."""
"""Реки бассейна Финского залива от северной границы бассейна р. Луга до южной границы бассейна р. Нева""","""Водохозяйственный участок 01.03.00.007 охватывает бассейны рек, впадающих в Балтийское море от северной границы бассейна р. Луга до южной границы дельты р. Нева. Участок расположен в Ленинградской области, его площадь составляет 3,6 тыс. км2. От начальной т.23 примыкания к береговой линии Финского залива Балтийского моря границы с водохозяйственным участком 01.04.03.004 (Нева от в/п Новосаратовка до устья) граница водохозяйственного участка 01.03.00.007 следует на юг, поднимаясь на Ижорскую возвышенность, проходит т.1034 схождения границ водохозяйственных участков 01.03.00.007, 01.04.03.003 (Нева от истока до в/п Новосаратовка) и 01.04.03.004, затем т.1029 схождения границ водохозяйственных участков 01.03.00.005 (Луга от истока до в/п Толмачево), 01.03.00.007 и 01.04.03.003, поворачивает на запад, проходит т.1028 схождения границ водохозяйственных участков 01.03.00.005, 01.03.00.006 (Луга от в/п Толмачево до устья) и 01.03.00.007, затем обходит оз. Судачье и Хаболово, поворачивает на север и примыкает к береговой линии Лужской губы Финского залива Балтийского моря в т.1033 на границе с водохозяйственным участком 01.03.00.006. От этой точки граница следует на восток вдоль береговой линии Финского залива до замыкания в начальной точке. Приморская равнина характеризуется плоским рельефом, высокой степенью заболоченности и заозеренности; на Ижорской возвышенности коренные темнохвойные травяно-кустарничковые южнотаежные леса в значительной степени заменены вторичными хвойно-мелколиственными лесами."""
"""Кубань от Тиховского г/у до устья и другие реки бассейна Азовского моря в дельте р. Кубань""","""Водохозяйственный участок 06.02.00.021 охватывает бассейн р. Кубань в ее самом нижнем течении – от Тиховского гидроузла до устья, а также другие водные объекты бассейна Азовского моря в дельте р. Кубань. Участок расположен в Краснодарском крае, его площадь составляет 2,9 км2. От т.6074 – расчетного створа впадения р. Кубань в Азовское море – граница водохозяйственного участка следует на север вдоль береговой линии до т.6064 примыкания к ней границы с водохозяйственным участком 06.02.00.017 (Протока от истока (Тиховский г/у) до устья), затем поворачивает на восток, проходит по водоразделу с р. Протока до т.6060 схождения границ водохозяйственных участков 06.02.00.016 (Кубань от впадения р. Афипс до Тиховского г/у), 06.02.00.017 и 06.02.00.020 в створе Тиховского гидроузла, поворачивает на юг, проходит т.6062 схождения границ водохозяйственных участков 06.02.00.016, 06.02.00.020 (Варнавинский сбросной канал) и 06.02.00.021, поворачивает на запад и следует по водоразделу рр.Кубань и Адагум, проходит место впадения Варнавинского Сбросного канала (т.6072), т.6073 схождения границ водохозяйственных участков 06.02.00.020, 06.02.00.021 и 06.03.00.001 (реки бассейна Черного моря от мыса Панагия до восточной границы р. Джанхот), далее выходит на западную оконечности Таманского полуострова на мыс Панагия (т.242), затем следует на север по береговой линии Таманского залива через т.238, т.239 на мысе Каменный и замыкается в начальной точке расчетного створа впадения р. Кубань в Азовское море. Рельеф прибрежной территории равнинный со сглаженными очертаниями междуречных равнин, много озер с заболоченными берегами. Практически вся прибрежная территория испещрена каналами и лиманами."""
"""Тура от истока до впадения р.Тагил""","""Водохозяйственный участок 14.01.05.012 охватывает бассейн р. Тура от истока до впадения в нее р. Тагил. Участок расположен в Свердловской области, его площадь составляет 12,9 тыс. км2. От расчетного створа впадения р.Тагилвр. Тура (т.14.041)–схождение границ водохозяйственных участков 14.01.05.012, 14.01.05.015 (Тагил от г. Нижний Тагил до устья) и 14.01.05.023 (Тура от впадения р. Тагил до устья без рр. Тагил, Ница и Пышма) граница водохозяйственного участка следует на запад, по водоразделу рр. Тура и Тагил, Ясьва и Выя, Тура и Баранча до т.14042 схождения границ водохозяйственных участков 14.01.05.012, 14.01.05.015 и 10.01.01.006 (Чусовая от г. Ревда до в/п пгт. Кын). Далее граница следует на север по водоразделу рр. Тура и Серебряная, пересекает границу между Пермским краем и Свердловской областью в т.315 схождения границ водохозяйственных участков 14.01.05.012, 10.01.01.006 и 10.01.01.007 (Чусовая от в/п пгт. Кын до устья), следует по водоразделу рр. Койва и Выя до т.14043 схождения границ водохозяйственных участков 10.01.01.007, 14.01.05.012 и 14.01.05.025 (Тавда от истока до устья без р. Сосьва от истока до в/п д. Морозково) и поворачивает на юго-запад. Далее граница обходит истоки рр. Бол. Нясьма, Ляля, Полуденный Актай, Бол. Актай, Молва, Негла, Диановка, Чер, Калинка, Цыганка, Анеп, Татька, Лекусова до т.14044 схождения границ водохозяйственных участков 14.01.05.012, 14.01.05.023 и 14.01.05.025, в которой поворачивает на юго-запад и замыкается в начальной точке."""
"""Бассейн оз. Водлозеро""","""Водохозяйственный участок 01.04.01.003 охватывает бассейн рек, впадающих в оз. Водлозеро. Озеро имеет сложные очертания берегов. В него впадает ряд рек (наиболее крупный приток озера — р. Илекса), вытекает р. Вама. Участок расположен в Республике Карелия и Архангельской области, его площадь составляет 5,4 тыс. км2. От т.39 схождения границ водохозяйственных участков 01.04.01.003, 02.02.00.014 (Реки бассейна Онежской губы от южной границы бассейна р. Кемь до западной границы бассейна р. Унежма без р. Выг)и 03.01.00.002 (Реки бассейна Онежской губы от западной границы бассейна р. Унежма до северо-восточной границы бассейна р. Золотица без р. Онега) на кряже Ветреный пояс граница водохозяйственного участка 01.04.01.003 следует на юг до т.3006 схождения границ водохозяйственных участков 01.04.01.003, 03.01.00.001 (Онега) и 03.01.00.002, проходит по водоразделу рр. Бол. Шуйка и Пеможа, следует до т.1041 схождения границ водохозяйственных участков 01.04.01.003, 01.04.03.004 (Водла) и 03.01.00.001, затем пересекает границу между Республикой Карелия и Архангельской областью в т.1042, пересекает р. Сухая Водла у ее истока из оз. Водлозеро в т.1043, далее огибает оз. Водлозеро с юга и следует на север. Следуя в этом направлении, граница проходит т.1044 схождения границ водохозяйственных участков 01.04.01.003, 01.04.01.004 и 01.04.01.006 (Бассейн Онежского озера без рр. Шуя, Суна, Водла и Вытегра) у истока р. Пяльма, затем проходит т.2064 схождения границ водохозяйственных участков 01.04.01.003, 01.04.01.006 и 02.02.00.012 (Нижний Выг от истока до Выгозерского г/у, вкл. оз. Выгозеро без р. Сегежа до Сегозерского г/у), пересекает границу между Республикой Карелия и Архангельской областью в т.38, проходит т.2063 схождения границ водохозяйственных участков 01.04.01.003, 02.02.00.012 и 02.02.00.014 и замыкается в начальной точке. На большем протяжении границы территория сильно заболочена, на относительно дренированных участках развиты северо-таежные ландшафты с преобладанием сосновых лесов. На участке прохождения границы через кряж Ветреный пояс прослеживается высотная поясность (появление лесотундровых ландшафтов)."""
Белая,"""Водохозяйственный участок 16.01.01.005 полностью охватывает бассейн левого притока Ангары – р. Белая и замыкается в расчетном створе (т.16019) у впадения р. Белая в р. Ангара на границе с водохозяйственным участком 16.01.01.008 (Ангара от впадения р. Белая до Братского г/у без рр. Белая, Ока, Ия). Река Белая образуется от слияния Большой и Малой Белой, берущих начало в гольцовой зоне Восточного Саяна на высоте около 2500 м. Участок расположен на территории Иркутская области и Республики Бурятия. Площадь водохозяйственного участка составляет 18 тыс. км2. От т.16019 граница водохозяйственного участка идет на юг до точки схождения границ водохозяйственных участков 16.01.01.004 (Ангара от Иркутского г/у до впадения р. Белая без рр. Иркут, Китой), 16.01.01.005и 16.01.01.003 (Китой) – т.16015. Здесь граница поворачивает на юго- запад и далее следует по юго-западной части Иркутско-Черемховской равнины по водоразделу правых притоков р. Белая и левых притоков р. Китой (16.01.01.003), пересекает в т.16014 на границе с водохозяйственным участком 16.02.00.005 границу между Иркутской областью и Республикой Бурятия, поворачивает на запад и следует практически по этой административной границе, поднимаясь на Восточный Саян, до т.16013. Далее граница по хребту Китойские гольцы выходит на водораздел (т.16009) водохозяйственных участков 16.01.01.002 (Иркут), 16.01.01.003 и 16.01.01.005, поворачивает на юго-запад и подходит к точке схождения границ водохозяйственных участков 16.01.01.002, 16.01.01.005 и 16.01.01.006 (Ока) –т.16008. Здесь граница, огибая исток р. Малая Белая, резко поворачивает на север, проходит по хребту Бельские гольцы, огибает исток р. Большая Белая, поворачивает на восток, затем по водоразделу рек Большая Белая и Ока (16.01.01.006) поворачивает на север, на хребте Шэлэ проходит точку пересечения границы между Иркутской областью и Республикой Бурятия (т.16021), поворачивает на северо-восток, спускается на Иркутско-Черемховскую равнину, проходит через точку схождения границ водохозяйственных участков 16.01.01.005, 16.01.01.006 и 16.01.01.008 (т.16022), поворачивает на восток, а затем на юго-восток и замыкается в исходной точке т.16019 у впадения р. Белая в р. Ангара. На Иркутско-Черемховской равнине леса в пределах долины Ангары преимущественно носят вторичный характер вследствие их вырубки, а также из-за частых пожаров, которые возникают в засушливые периоды летом. За пределами долины реки Ангары начинается тайга. Леса преимущественно сосновые, кроме того, породный состав лесов включает мелколиственные породы (береза), а также другие хвойные - ель, пихту и лиственницу. По мере роста абсолютной высоты появляются горные лиственничные и лиственнично-кедровые леса, которые выше 2000 м сменяются альпийскими и субальпийскими лугами. Значительные пространства заняты каменистыми россыпями, мохово-лишайниковой и каменистой тундрой."""
"""Реки и озера бассейна Финского залива от границы РФ с Финляндией до северной границы бассейна р. Нева""","""Водохозяйственный участок 01.04.03.005 охватывает реки и озера бассейна Финского залива от границы РФ с Финляндией до северной границы бассейна р. Нева Участок расположен в Ленинградской области, его площадь составляет 6,2 тыс. км2. От т.1071 вблизи впадения р. Нева в Финский залив Балтийского моря граница следует по побережью в северо-западном направлении, пересекая устья небольших рек, до т.32 примыкания к нему Государственной границы РФ с Финляндией в т.32. От этой точки граница поворачивает на северо-восток и следует вдоль Государственной границы до т.1069 примыкания к ней границы с водохозяйственным участком 01.04.03.002 (Бассейн оз. Ладожское без рр. Волхов, Свирь и Сясь). От этой точки граница следует в юго-восточном направлении, обходя оз. Вуокса и Глубокое и достигает т.1068 схождения границ водохозяйственных участков 01.04.03.002, 01.04.03.004 (Нева от в/п Новосаратовка до устья) и 01.04.03.005, от которой в южном направлении следует по водоразделу р. Охта до замыкания в начальной точке. Распространены ландшафты Карельской провинции лесной зоны Фенноскандии, характеризующиеся высокой степенью заозеренности и заболоченности."""
Преголя,"""Водохозяйственный участок 01.01.00.002 охватывает бассейн трансграничной р. Преголя, а также бассейны небольших рек, впадающих в Балтийское море к западу от бассейна р. Преголя до границы с Польшей, наиболее крупной из которых является р. Прохладная. Преголя образуется слиянием рр. Анграпа и Писса, впадает в Вислинский залив Балтийского моря. Преголя является самой длинной рекой, полностью протекающей в границах Калининградской области. Участок расположен в Калининградской области, его площадь составляет 7,1 тыс. км2. От расчетного створа впадения р. Преголя в Калининградский залив Балтийского моря (т.2) граница водохозяйственного участка 01.01.00.002 следует на запад вдоль побережья до т.1005 примыкания к береговой линии границы с водохозяйственным участком 01.01.00.003 (Реки бассейна Балтийского моря в Калининградской обл. без рр. Неман и Преголя). От этой точки граница следует на восток по водоразделам притоков Преголи и рек междуречья Преголи и Немана до т.1004 схождения границ водохозяйственных участков 01.01.00.001 (Неман), 01.01.00.002 и 01.01.00.003, затем достигает т.1003 примыкания к Государственной границе РФ с Литвой границы с водохозяйственным участком 01.01.00.001, в которой поворачивает на юг, проходит по водоразделу р. Писса до т.7 схождения Государственных границ РФ, Литвы и Польши. От этой точки граница поворачивает на запад, пересекает трансграничные рр. Венгорапа, Мазурский, Майская, достигает т.1 примыкания к береговой линии Калининградского залива Балтийского моря Государственной границы РФ с Польшей, поворачивает на северо-восток и, следуя вдоль побережья, замыкается в начальной точке. Большая часть границы водохозяйственного участка проходит по низменной эрозионной равнине с абсолютными высотами до 50 м, лишь на юго-востоке территории высоты относительно плавно возрастают до 200 м. Территория расположена в Прибалтийской ландшафтной провинции лесной зоны Русской равнины с моренно-холмистым рельефом. С ростом абсолютной высоты местности моренная холмистость и эрозионное расчленение усиливаются. В южной части участка граница проходит в пределах заозеренной возвышенности, в подзоне смешанных лесов лесной зоны (еловые и елово-широколиственные леса)."""
"""Западная Двина от истока до впадения р.Межа""","""Водохозяйственный участок 01.02.00.002 охватывает верховья бассейна р. Западная Двина от истока до впадения в нее левобережного притока р. Межа. Западная Двина берет начало на Валдайской возвышенности, вытекает из большого, вытянутого с северо-востока на юго-запад озера Охват. Ширина реки в истоке 15-20 метров, берега лесистые, русло каменистое, с отдельными перекатами и небольшими порожками. Участок расположен на территории Псковской и Тверской областей, его площадь составляет 8 тыс. км2. От расчетного створа на р. Западная Двина в месте впадения р. Межа (т.1006 схождения границ водохозяйственных участков 01.02.00.002, 01.02.00.003 (Межа) и 01.02.00.004 (Западная Двина от впадения р. Межа до границы с Респ. Беларусь) в точке схождения границ Псковской, Тверской и Смоленской областей граница водохозяйственного участка 01.02.00.002 следует на север по водоразделу рр. Западная Двина и Холуйца до т.1007 схождения границ водохозяйственных участков 01.02.00.002, 01.02.00.004 и 01.04.02.003 (Ловать). От этой точки, сохраняя преимущественно северное направление движения, граница поднимается на Воробьевы горы, обходит оз. Жижицкое, пересекает границу между Псковской и Тверской областями (т.10), следует западной окраине Валдайской возвышенности по водоразделу рр.Добша и Торопа и достигает т.11 схождения границ водохозяйственных участков 01.02.00.002, 01.04.02.003 и 08.01.01.001 (Волга от истока до Верхневолжского бейшлота). Далее граница проходит меж озер Витьбино и Лучанское, обходит оз. Верхневолжское и Охват, в южном направлении проходит т.1010 схождения границ водохозяйственных участков 01.02.00.002, 01.02.00.003 и 08.01.01.001, а затем по водоразделу рек Бутаковка, Межа, Турсона, Билейка следует к замыканию в начальной точке. Граница проходит по Валдайской возвышенности, абсолютные высоты - 150-250 м. Во многих местах коренные ландшафты елово-широколиственных лесов сменились вторичными осиново- березовыми лесами или сероольшанниками плоские водораздельные поверхности восточной части водохозяйственного участка часто заболочены."""
"""Водные объекты междуречья Терека и Сухой Кумы""","""Водохозяйственный участок 07.01.00.013 охватывает водные объекты, расположенные на междуречье рр. Терек и Сухая Кума. Участок расположен в Ставропольском крае, Чеченской Республике и Республике Дагестан, его площадь составляет 5,8 тыс. км2. От начальной т.7024 схождения границ водохозяйственных участков 07.01.00.011 (Сухая Кума), 07.01.00.013 и 07.02.00.016 (Дельта Терека) у теряющегося в песках устья р. Сухая Кума граница водохозяйственного участка 07.01.00.013 следует на юг по Ногайской степи Прикаспийской низменности до т.246 схождения границ водохозяйственных участков 07.01.00.013, 07.02.00.010 (Терек от г. Моздок до впадения р Сунжа) и 07.02.00.016 и пересечения границы между Чеченской Республикой и Республикой Дагестан, поворачивает на запад, проходит т.7029 схождения границ водохозяйственных участков 07.01.00.012 (Кура), 07.01.00.013 и 07.02.00.010, далее следует в северо-западном направлении, проходя т.7028 схождения границ между Ставропольским краем, Чеченской Республикой и Республикой Дагестан, проходит на восточном склоне Ставропольской возвышенности т.7026 схождения границ водохозяйственных участков 07.01.00.011, 07.01.00.012 и 07.01.00.013. Затем граница поворачивает на восток, пересекает границу между Ставропольским краем и Республикой Дагестан (т.7025), вновь выходит на Прикаспийскую низменность и замыкается в начальной точке. Для территории характерны солянково-полынные полупустынные ландшафты с крупными массивами бугристых песков, солончаками, солончаковыми болотами и небольшими солёными озёрами."""
"""Ока от г. Калуга до г. Серпухов без рр.Протва и Нара""","""Водохозяйственный участок 09.01.01.008 охватывает среднюю часть бассейна р. Ока и замыкается в расчетном створе на р. Ока ниже г. Серпухов (т.9038). Площадь водохозяйственного участка составляет 6,5 тыс. км2. От т.9038 граница между водохозяйственными участками 09.01.01.008 и 09.01.01.009 (Ока от г. Серпухов до г. Кашира) простирается на юг между бассейнами рек Скнига и Вешана (участок 09.01.01.008) и Беспута (участок 09.01.01.009) и, пересекая административную границу Московской и Калужской областей в т.9039, достигает т.9012, где сходятся границы водохозяйственных участков 09.01.01.008, 09.01.01.009, 09.01.01.019 (Ока от г. Кашира до г. Коломна без р. Москва) и 09.01.01.003 (Упа). От этой точки граница между участками 09.01.01.008 и 09.01.01.003 поворачивает на запад и между бассейнами рек Упа и Крушма доходит до т.9011 – точки схождения границ водохозяйственных участков 09.01.01.008, 09.01.01.003 и 09.01.01.005 (Ока от г. Белев до г. Калуга без рр. Упа и Угра). Далее граница между участками 09.01.01.008 и 09.01.01.005 идет на северо-запад и, пересекая административную границу между Калужской и Тульской областями, доходит до т.9027 (р. Ока – г. Калуга) и далее, повернув на восток до т.9026, расположенной в месте схождения границ водохозяйственных участков 09.01.01.008, 09.01.01.005, и 09.01.01.004 (Угра). Граница между участками 09.01.01.008 и 09.01.01.004 после резких изгибов между бассейнами рек Суходрев и Таруса в северо-восточном направлении проходит через точку схождения границ водохозяйственных участков 09.01.01.008. 09.01.01.004, 09.01.01.006 (Протва) (т.9025) и достигает к востоку точки 9028, где сходятся административные границы Московской, Калужской и Тульской областей и р. Протва впадает в р. Оку. После впадения р. Протвы граница между участками 09.01.01.008 и 09.01.01.006 в северном направлении приходит к точке 9033 - точке схождения границ водохозяйственных участков 09.01.01.008, 09.01.01.006 и 09.01.01.007 (Нара), затем резко поворачивает на юго-восток к рядом расположенным точкам 9034 (впадение р. Нара в р. Оку у г. Серпухов) и 9037 – точка схождения границ водохозяйственных участков 09.01.01.008, 09.01.01.009 (Ока от г. Серпухов до г. Кашира) и 09.01.01.007. После огибания г. Серпухов граница участка 09.01.01.008 достигает замыкающего расчетного створа в т.9038."""
"""Великая от в/п д. Гуйтово до устья""","""Водохозяйственный участок 01.03.00.002 охватывает бассейн р. Великая от в/п д. Гуйтово до устья. На этом участке р. Великая течёт в широкой долине, впадает в Псковское озеро, образуя дельту. Главные притоки: Утроя — слева; Череха, Пскова — справа. Участок расположен в Псковской области, его площадь составляет 9,2 тыс. км2. От расчетного створа впадения р. Великая в Псковское озеро ниже г. Псков (т.1019) граница водохозяйственного участка 01.03.00.002 следует на север, поднимаясь на Лужскую возвышенность, по водоразделу рр. Пскова и Лочкина до т.1020 в верховьях рр. Пскова и Белка, далее поворачивает на юго-восток и проходит т.1021 схождения границ водохозяйственных участков 01.03.00.002, 01.03.00.003 (Бассейн оз. Чудско-Псковское без р. Великая) и 01.03.00.004 (Нарва). Затем граница проходит т.27 схождения границ водохозяйственных участков 01.03.00.002, 01.03.00.004 и 01.04.02.004 (Шелонь), поворачивает на юг, обходит оз. Радиловское и по водоразделу рр. Уза и Дубенка достигает т.28 схождения границ водохозяйственных участков 01.03.00.001 (Великая от истока до в/п д. Гуйтово), 01.03.00.002 и 01.04.02.004 на водоразделе Судомской возвышенности. Отсюда граница поворачивает на запад, обходит исток р. Череха, пересекает р. Великая ниже в/п д. Гуйтово (т.1009)и, повернув снова на юг, по водоразделу рр. Синяя и Лжа достигает т.1018 примыкания к Государственной границе РФ с Латвией границы с водохозяйственным участком 01.03.00.001. От этой точки граница водохозяйственного участка 01.03.00.002 следует на север вдоль Государственной границы РФ, пересекая многочисленные трансграничные реки – Кухва, Кира, Веда, Кудеб и др., пересекает т.31 схождения границ РФ, Латвии и Эстонии и достигает т.1022 примыкания к Государственной границе РФ с Эстонией границы с водохозяйственным участком 01.03.00.003, после чего поворачивает на восток и замыкается в начальной точке. Рельеф местности изменяется от плоско-низменного с абсолютными отметками 15-30 м до холмисто-моренного на Лужской и Судомской возвышенностях с абсолютными отметками 175- 220 м. Высокие водоразделы заняты сосновыми борами и смешанными лесами, на пониженных плоских участках сформировались гидроморфные ландшафты."""
"""Кубань от Краснодарского г/у до впадения р. Афипс""","""Водохозяйственный участок 06.02.00.014 охватывает часть бассейна р. Кубань от гидроузла Краснодарского водохранилища до впадения р. Афипс. Территория водохозяйственного участка расположена в Краснодарском крае и Республике Адыгея. Площадь участка составляет 0,9 тыс. км2. Расчетный створ участка расположен в т.6056 на р. Кубань в месте впадения в нее р. Афипс на границе с водохозяйственными участками 06.02.00.014, 06.02.00.016 (Кубань от впадения р. Афипс до Тиховского г/у), 06.02.00.20 (Варнавинский Сбросной канал) и 06.02.00.015 (Афипс, в том числе Шапсугское в-ще). От расчетного створа граница участка простирается на север до границы бассейна р. Понура (т.6008 - 06.01.00.003 – Кирпили) и далее в восточном направлении до т.227 на границе с водохозяйственным участком 06.02.00.013 (Кубань от г. Усть-Лабинск до Краснодарского г/у без рр. Белая и Пшиш). От этой точки граница поворачивает на юг, проходит створ Краснодарского гидроузла (т.6048), далее пересекает административную границу между Краснодарским краем и Республикой Адыгея (т.6053) и доходит до т.6051 схождения границ водохозяйственных участков 06.02.00.015, 06.02.00.013 и 06.02.00.014. Отсюда граница поворачивает на север, еще раз пересекает административную границу между Краснодарским краем и Республикой Адыгея (т.6057), огибает Шапсугское водохранилище и замыкается в расчетном створе."""
"""Бассейн оз. Чудско-Псковское без р. Великая""","""Водохозяйственный участок 01.03.00.003 охватывает российскую часть акватории озера Чудско-Псковское и впадающие в него реки, исключая бассейн р. Великая. Чудско-Псковское озеро, являющееся реликтом большого ледникового водоёма, состоит из трёх частей: Чудское озеро, Псковское озеро и соединяющий их пролив — Тёплое. Берега озера преимущественно низменные, сложены торфяниками. На озере много островов, крупнейший — Пириссар (Порка). В Чудско-Псковское озеро впадает около 30 рек (крупные — Великая и Эмайыги). Вытекает р. Нарва. Участок расположен в Псковской области, его площадь составляет 6,4 тыс. км2. От т.1019 впадения р. Великая в Чудско-Псковское озеро граница водохозяйственного участка 01.03.00.003 следует на запад по восточным отрогам возвышенности Хаанья до т.1022 примыкания к Государственной границе РФ с Эстонией границы с водохозяйственным участком 01.03.00.002 (Великая от в/п д. Гуйтово до устья). От этой точки граница следует на север по акватории Чудско- Псковского озера до т.1023 у истока р. Нарва и примыкания границы с водохозяйственным участком 01.03.00.004 (Нарва) и административной границы между Псковской и Ленинградской областями к Государственной границе РФ с Эстонией. Далее граница поворачивает на юго-восток и следует по водоразделу р. Плюса, поднимаясь на Лужскую возвышенность, до т.1021 схождения границ водохозяйственных участков 01.03.00.002, 01.03.00.003 и 01.03.00.004, затем делает петлю в северо-западном направлении к т.1020, обходя истоки рр. Пскова и Белка, в ней поворачивает на юг и по водоразделу рр. Пскова и Лочкина следует к начальной точке замыкания. В ландшафтном отношении эта территория входит в Западно-Приморскую провинцию лесной зоны Русской равнины, для которой характерны смешанные леса с участками сосновых боров, по понижениям – сфагновые торфяники и закустаренные луга."""
"""Пышма от Белоярского г/у до устья без р. Рефт от истока до Рефтинского г/у""","""Водохозяйственный участок 14.01.05.022 охватывает бассейн р. Пышма от Белоярского гидроузла до устья, исключая бассейн р. Рефт от истока до Рефтинского гидроузла. Участок расположен в Свердловской, Курганской и Тюменской областях, его площадь составляет 16,9 тыс. км2. От расчетного створа впадения р. Пышма в р. Тура (т.14070) граница водохозяйственного участка 14.01.05.022 следует на юг через т.14071 схождения границ водохозяйственных участков 14.01.05.022, 14.01.05.023 (Тура от впадения р. Тагил до устья без рр. Тагил, Ница и Пышма) и 14.01.05.026 (Тобол от впадения р. Исеть до устья без рр. Тура, Тавда) до т.14040 схождения границ водохозяйственных участков 14.01.05.011 (Исеть от впадения р. Теча до устья без р. Миасс), 14.01.05.022 и 14.01.05.026, поворачивает на запад, пересекает границу между Тюменской и Курганской областями в т.14039, проходит по водоразделу рр. Бешкиль и Цынга, Ирюм и Балда, пересекает границу между Свердловской и Курганской областями в т.14038, проходит по водоразделу рр. Ичкина и Беляковка, Дерней и Суварыш, проходит т.14030 схождения границ водохозяйственных участков 14.01.05.006 (Теча), 14.01.05.011 и 14.01.05.022, поворачивает на северо-запад, вновь пересекает границу между Курганской и Свердловской областями в т.14029, далее следует по водоразделу рр. Каменка и Кунара, проходит т.14028 схождения границ водохозяйственных участков 14.01.05.006, 14.01.05.020 (Пышма от истока до Белоярского г/у) и 14.01.05.022, створ Белоярского гидроузла (т.14067), извилисто следует на север, проходя т.14068 схождения границ водохозяйственных участков 14.01.05.020, 14.01.05.021 (Рефт от истока до Рефтинского г/у) и 14.01.05.022, пересекает створ Рефтинского гидроузла в т.14069, проходит т.14066 схождения границ 14.01.05.019 (Ница от начала реки до устья), 14.01.05.021 и 14.01.05.022, далее поворачивает на восток и по водоразделам рр. Рефт, Пышма, Ирбит, Ляга, Юрмач, Кигра, Юрмыч, Иленка достигает т.14065 схождения границ водохозяйственных участков 14.01.05.019, 14.01.05.022 и 14.01.05.023, проходит по водоразделам рр. Липна, Айба, пересекает границу между Свердловской и Тюменской областью (т.14072), после чего замыкается в начальной точке."""
Нарва,"""Водохозяйственный участок 01.03.00.004 охватывает бассейн пограничной р. Нарва от истока до впадения в оз. Нарвское. Река Нарва берёт начало из Чудско-Псковского озера и впадает в Финский залив Балтийского моря. В верхнем течении Нарва часто течёт рукавами, образуя достаточно крупные острова. Наиболее крупный приток Нарвы – р. Плюсса, впадает справа. Участок расположен в Псковской, Ленинградской и Новгородской областях, его площадь составляет 8 тыс. км2. От расчетного створа впадения р. Нарва в Финский залив Балтийского моря (т.22) на Государственной границе РФ с Эстонией граница водохозяйственного участка 01.03.00.004 следует на север вдоль береговой линии Финского залива до т.1024 примыкания к ней границы с водохозяйственным участком 01.03.00.006 (Лугаот в/п Толмачево до устья). От этой точки граница следует на юго-восток, обходит оз. Нарвское, проходит по водоразделу р. Долгая, пересекает в т.1025 границу между Псковской и Ленинградской областью, делает петлю в северном направлении, обходя оз. Сяберо, проходит т.1026 схождения границ водохозяйственных участков 01.03.00.004, 01.03.00.005 (Луга от истока до в/п Толмачево) и 01.03.00.006 и поворачивает на юг. Следуя в этом направлении, граница проходит, поднимаясь на Лужскую возвышенность, между оз. Врево и Череменецкое до т.25 схождения границ водохозяйственных участков 01.03.00.004, 01.03.00.005 и 01.04.02.004 (Шелонь) на границе Ленинградской и Новгородской областей, далее следует в юго- западном направлении по Лужской возвышенности, пересекает границу между Псковской и Новгородской областями, проходит т.27 схождения границ водохозяйственных участков 01.03.00.002 (Великая от в/п д. Гуйтово до устья), 01.03.00.004 и 01.04.02.004 на водоразделе рр. Курея, Ситня и Кебь, затем т.1021 схождения границ водохозяйственных участков 01.03.00.002, 01.03.00.003 (Бассейн оз. Чудско-Псковское без р. Великая) и 01.03.00.004, далее следует на северо-запад по водоразделу рр. Желна и Люта, Черма и Плюса, спускаясь на заболоченную приморскую низменность, до замыкания в начальной точке. На территории водохозяйственного участка развиты темнохвойные травяно-кустарничковые южнотаежные леса с преобладанием европейской ели; плоские водоразделы часто заболочены."""
"""Луга от истока до в/п Толмачево""","""Водохозяйственный участок 01.03.00.005 охватывает бассейн р. Луга от истока до расчетного створа в/п Толмачево. Река Луга берёт начало из Тесовских болот, впадает в Лужскую губу Финского залива. Наиболее крупный приток Луга принимает справа – р. Оредеж. Участок расположен в Ленинградской и Новгородской областях, его площадь составляет 6,4 тыс. км2. От расчетного створа в/п Толмачево (т.1027) граница водохозяйственного участка 01.03.00.005 следует на север по водоразделу рр. Ящера и Оредеж до т.1028 схождения границ водохозяйственных участков 01.03.00.005, 01.03.00.006 (Луга от в/п Толмачево до устья) и 01.03.00.007 (Реки бассейна Финского залива от северной границы бассейна р. Луга до южной границы дельты р. Нева). Далее граница поворачивает на запад, обходит исток р. Ижора в т.1029 схождения границ водохозяйственных участков 01.03.00.005, 01.03.00.007 и 01.04.03.003 (Нева от истока до в/п Новосаратовка), затем поворачивает на юг, проходит по водоразделу рр. Суйда и Тосна до т.24 схождения границ водохозяйственных участков 01.03.00.005, 01.04.03.003 и 01.04.02.006 (Бассейн Онежского озера без рр. Шуя, Суна, Водла и Вытегра) вблизи границы между Ленинградской и Новгородской областями, далее до т.1030 схождения границ водохозяйственных участков 01.03.00.005, 01.04.02.006 и 01.04.02.005 (Вытегра) и т.1031 схождения границ водохозяйственных участков 01.03.00.005, 01.04.02.005 и 01.04.02.004 (Шелонь) на водоразделе рр. Вигодощь и Струненка, затем следует на запад до т.25 схождения границ водохозяйственных участков 01.03.00.004 (Нарва), 01.03.00.005 и 01.04.02.004 вблизи границы между Ленинградской и Новгородской областями, после чего поворачивает на север, проходит между оз. Черменецкое и Врево до т.1026 схождения границ водохозяйственных участков 01.03.00.004, 01.03.00.005 и 01.03.00.006, и далее замыкается в начальной точке. В верхнем течении Луга протекает в низких, частично заболоченных берегах. Для водоразделов характерен холмисто-равнинный рельеф местности с преобладанием в растительном покрове темнохвойных, часто заболоченных лесов."""
"""Луга от в/п Толмачево до устья""","""Водохозяйственный участок 01.03.00.006 охватывает бассейн р. Луга от в/п Толмачево до устья и водные объекты на полуострове Кургальский. Участок расположен в Ленинградской области, его площадь составляет 6,8 км2. От расчетного створа впадения р. Луга в Лужскую губу Финского залива Балтийского моря (т.1032) граница на коротком отрезке следует на восток по побережью до т.1033 примыкания к нему границы с водохозяйственным участком 01.03.00.007 (Реки бассейна Финского залива от северной границы бассейна р. Луга до южной границы дельты р. Нева), затем отходит от побережья, огибает оз. Хаболово и Судачье и в том же направлении проходит до т.1028 схождения границ водохозяйственных участков 01.03.00.005 (Луга от истока до в/п Толмачево), 01.03.00.006 и 01.03.00.007, затем поворачивает на юг, проходит по водоразделу рр. Веряжка, Оредеж и Ящера, пересекает р. Луга у в/п Толмачево (т.1027), затем достигает т.1026 схождения границ водохозяйственных участков 01.03.00.004 (Нарва), 01.03.00.005 и 01.03.00.006 и поворачивает на запад. Далее граница обходит оз. Сяберо, пересекает границу между Ленинградской и Псковской областями в т.1025, затем изменяет направление своего движения на северо-западное, проходит по водоразделу р. Долгая, обходит оз. Нарвское и примыкает к побережью Балтийского моря в т.1024 на границе с водохозяйственным участком 01.03.00.004. Далее граница следует на север вдоль побережья, обходит п-ов Кургальский и замыкается в начальной точке. Для ландшафтной структуры территории характерно чередование сосновых лесов с обширными верховыми болотами."""
"""Малка от Кура-Марьинского канала до устья без р. Баксан""","""Водохозяйственный участок 07.02.00.008 охватывает часть бассейна р. Малка от начала Кура-Марьинского канала до устья, исключая бассейн р. Баксан. Участок расположен в Кабардино- Балкарской Республике и Ставропольском крае, его площадь составляет 3 тыс. км2. От расчетного створа на р. Малка в месте ее впадения в р. Терек – т.7042 схождения границ водохозяйственных участков 07.02.00.004 (Терек от впадения р. Урух до впадения р. Малка), 07.02.00.008 и 07.02.00.009 (Терек от впадения р. Малка до г. Моздок) граница водохозяйственного участка 07.02.00.008 следует на запад, проходя т.7045 схождения границ водохозяйственных участков 07.02.00.004, 07.02.00.007 (Баксан без р. Черек) и 07.02.00.008, далее следует по водоразделу рр. Малка и Баксан до т.7047 схождения границ водохозяйственных участков 07.02.00.005 (Малка от истока до Кура-Марьинского канала), 07.02.00.007 и 07.02.00.008, затем поворачивает на восток, проходит исток Кура-Марьинского канала в т.7046 схождения границ водохозяйственных участков 07.02.00.005, 07.02.00.008 и 07.01.00.012 (Кура), затем пересекает границу между Ставропольским краем и Кабардино-Балкарской Республикой (т.249), проходит т.7049 схождения границ водохозяйственных участков 07.01.00.012, 07.02.00.008 и 07.02.00.009 и в южном направлении замыкается в начальной точке. Территория водохозяйственного участка входит в Северо-Кавказскую ландшафтную провинцию с горно-степными ландшафтами и массивами дубовых и грабовых лесов."""
Суна,"""Водохозяйственный участок 01.04.02.002 охватывает бассейн р. Суна (включая Пальеозерское и Сандальское в-ща) от ее истока до впадения в Онежское озеро. Суна берёт начало из озера КивиЯрви на Западно-Карельской возвышенности. Протекает через несколько озёр (наибольшие: Роик-Наволоцкое, Гимольское, Сундозеро, Пандозеро и Коштомозеро); образует до 50 порогов и водопады. Впадает в Кондопожский залив Онежского озера. Участок расположен в Республике Карелия, его площадь составляет 7,7 тыс. км2. От расчетного створа впадения р. Суна в Онежское озеро (т.1039) граница водохозяйственного участка 01.04.01.002 следует на северо-восток, обходя оз. Сундозеро, Пялозеро, Ватчелское, проходит по водоразделу р. Ирста, обходит оз. Тумасозеро и достигает на южных отрогах Западно- Карельской возвышенности т.1038 схождения границ водохозяйственных участков 01.04.01.001 (Шуя), 01.04.01.002 и 01.05.00.001 (Реки Карелии бассейна Балтийского моря на границе РФ с Финляндией, включая оз. Лексозеро). От этой точки граница следует на север по Западно-Карельской возвышенности, обходит оз. Вонгозеро и Лубоярви, проходит по водоразделу р. Койтайоки, обходит оз. Мотко и достигает т.36 схождения границ водохозяйственных участков 01.04.01.002, 01.05.00.001 и 02.02.00.011 (Сегежа до Сегозерского г/у, вкл. оз. Сегозеро) у истока р. Суна. От этой точки граница следует на юго-восток по водоразделу рек бассейна р. Суна и притоков оз. Сегозеро до т.2058 схождения границ водохозяйственных участков 01.04.01.002, 01.04.01.006 и 02.02.00.011, затем проходит между оз. Лижмозеро и Пальеозеро, Сандал, делает петлю в западном направлении к т.1040 на створе Кондопожской ГЭС, после чего замыкается в начальной точке. На территории водохозяйственного участка преобладают северотаежные сосновые, реже еловые леса. На возвышенности проявляется высотная ландшафтная поясность: на высоте более 250 м северная тайга сменяется лесотундровым березовым криволесьем, переходящим к тундре."""
Вытегра,"""Водохозяйственный участок 01.04.01.005 охватывает бассейн р. Вытегра от истока до впадения в Онежское озеро, включая участок Волго-Балтийского канала. Вытегра является частью Волго-Балтийского водного пути. Вытекает из Маткозера, течёт в широком понижении между Андомской и Мегорской возвышенностями, впадает в Онежское озеро. Участок расположен в Вологодской области, его площадь составляет 1,7 тыс. км2. От створа пересечения границей водохозяйственного участка 01.04.01.005 Волго-Балтийского канала в т.42 эта граница следует в юго-западном направлении по водоразделу рр. Тумба и Тагажма, поднимаясь на Мегорскую гряду до т.1015 схождения границ водохозяйственных участков 01.04.01.005, 01.04.01.006 (Бассейн Онежского озера без рр. Шуя, Суна, Водла и Вытегра) и 08.01.02.003 (Шексна от истока (вкл. оз. Белое) до Череповецкого г/у), затем поворачивает на север, проходит по Мегорской гряде по водоразделу рр. Лема и Тагажма, выходит на побережье Онежского озера и пересекает р. Вытегра в месте ее впадения в Онежского озеро на границе между Вологодской областью и Республикой Карелия (т.1011), далее следует на восток до т.1016 схождения границ водохозяйственных участков 01.04.01.005, 01.04.01.006 и 08.01.02.003, затем в южном направлении обходит оз. Ковжское и замыкается в начальной точке. Рельеф местности представляет собой типичную водно-ледниковую холмистую моренную равнину. Здесь развиты лесные ландшафты (преимущественно светлохвойная тайга) в сочетании с ландшафтами гидроморфного ряда (лугово-болотными и болотными)."""
Водла,"""Водохозяйственный участок 01.04.01.004 охватывает бассейн р. Водла от истока до впадения в Онежское озеро. Водла вытекает из Водлозера двумя истоками (Вяма и Сухая Водла), впадает в Онежское озеро. Участок расположен в Республике Карелия, Архангельской и Вологодской области, его площадь составляет 8,3 тыс. км2. От расчетного створа впадения р. Водла в Онежское озеро (т.1045) граница водохозяйственного участка 01.04.01.004 следует на север по водоразделу Онежского озера и р. Шалица, обходит оз. Тубозеро и достигает т.1044 схождения границ водохозяйственных участков 01.04.01.003 (Бассейн оз. Водлозеро), 01.04.01.004 и 01.04.01.006 (Бассейн Онежского озера без рр. Шуя, Суна, Водла и Вытегра) у истока р. Пяльма, обходит оз. Водлозеро в северо-восточном направлении, пересекает (т.1043) исток р. Сухая Водла из оз. Водло, далее следует на север, пересекает в т.1042 границу между Республикой Карелия и Архангельской областью, затем проходит т.1041 схождения границ водохозяйственных участков 01.04.01.003, 01.04.01.004 и 03.01.00.001 (Онега). От этой точки граница поворачивает на юг, проходит по водоразделу рр. Негома и Токша, обходит оз. Волоцкое, вновь пересекает границу между Республикой Карелия и Архангельской областью (т.40), обходит оз. Лекшмозеро и на водоразделе рр. Березовка и Тихманга поворачивает на запад, поднимаясь на северо-восточные отроги Андомской возвышенности, к т.41 схождения границ водохозяйственных участков 01.04.01.004, 03.01.00.001 и 08.01.02.003 (Шексна от истока (вкл. оз. Белое) до Череповецкого г/у) вблизи схождения границ Республики Карелия, Вологодской и Архангельской областей. Далее граница проходит т.1046 схождения границ водохозяйственных участков 01.04.01.004, 01.04.01.006 и 08.01.02.003 вблизи границы между Вологодской областью и Республикой Карелия, пересекает эту границу на водоразделе рр. Сомба и Хмелевица в т.1047, обходит оз. Панеозеро и замыкается в начальной точке. Большую часть территории занимают сосновые леса, образуя различные типы насаждений от боров беломошников до чахлой сосны по болоту, к югу распространены еловые леса."""
"""Свирь от истока до Нижнесвирского г/у""","""Водохозяйственный участок 01.04.01.007 охватывает бассейн р. Свирь от ее истока из Онежского озера до створа Нижнесвирского гидроузла. Свирь соединяет Онежское и Ладожское озёра, прорезая Олонецкую возвышенность. Река является частью Беломорско-Балтийского и Волго- Балтийского водного путей. В низовьях бассейна Свири организован Нижнесвирский заповедник. Участок расположен в Ленинградской области и Республики Карелия, его площадь составляет 7,4 тыс. км2. От расчетного створа Нижнесвирского гидроузла (т.1050) граница водохозяйственного участка 01.04.01.007 следует на север, проходя сначала т.1051 схождения границ водохозяйственных участков 01.04.01.007, 01.04.01.008 (Свирь от Нижнесвирского г/у до устья) и 01.04.03.002, затем пересекает границу между Ленинградской областью и Республикой Карелия вблизи оз. Долгое (т.52), далее проходит оз. Важозеро и достигает т.1037 схождения границ водохозяйственных участков 01.04.01.001 (Шуя), 01.04.01.007 и 01.04.03.002, поворачивает на восток, огибает оз. Святозеро, поднимается на Олонецкую возвышенность, проходит т.1036 схождения границ водохозяйственных участков 01.04.01.001, 01.04.01.006 (Бассейн Онежского озера без рр. Шуя, Суна, Водла и Вытегра) и 01.04.01.007, далее проходит исток р. Ивина, затем поворачивает на юг и пересекает р. Свирь в месте ее истока из Онежского озера (т.1049). От этой точки граница следует на юго-запад, проходит точку (т.1048) схождения границ водохозяйственных участков 04.01.01.006, 01.04.01.008 и 01.04.01.007 вблизи пересечения границы Вологодской и Ленинградской областей и замыкается в начальной точке. На значительном протяжении границы территория сильно заболочена, на относительно дренированных участках развиты северо-таежные ландшафты с преобладанием сосновых лесов."""
"""Дон от впадения р.Хопер до г. Калач-на-Дону без рр. Хопер, Медведица и Иловля""","""Водохозяйственный участок 05.01.03.005 включает нижнюю часть бассейна р. Дон с расчетным створом на р. Дон у г. Калач-на-Дону (т.5081). Площадь водохозяйственного участка составляет 9.2 тыс. км2. От точки замыкающего створа граница участка следует на северо-запад по водоразделу рр. Дон и Лиска до т.5082, в которой сходятся границы водохозяйственных участков 05.01.03.005, 05.01.03.009 (Дон от г. Калач-на-Дону до Цимлянского г/у (Цимлянское в-ще) без р. Чир) и 05.01.03.008 (Чир). В этом же направлении по водоразделу рр. Дон и Чир граница проходит в т.5052 – узел слияния границ водохозяйственных участков 05.01.01.012 (Дон от г. Павловск до устья р. Хопер без р. Подгорная), 05.01.03.005 и 05.01.03.008. К северу от этой точки граница участка достигает т.216, у которой р. Хопер впадает в р. Дон и сходятся границы водохозяйственных участков 05.01.01.012, 05.01.02.005 (Хопер от впадения р. Ворона до устья без рр. Ворона, Савала и Бузулук), 05.01.03.003 (Медведица от впадения р. Терса до устья) и 05.01.03.005. От этой точки граница идет на восток, проходит устье р. Медведицы при впадении ее в р. Дон (т.5063) и по водоразделу рр. Медведица и Дон доходит до т.5079, где сходятся границы водохозяйственных участков 05.01.03.004 (Иловля), 05.01.03.003 и 05.01.03.005. Далее граница отклоняется сначала на юго-восток, затем после прохождения т.5083 в устье р. Иловля на восток до т.5010 – точки схождения границ водохозяйственных участков 05.01.03.005, 11.01.00.022 (Волга от Саратовского г/у до Волгоградского г/у (Волгоградское в-ще) без рр. Бол. Иргиз, Бол. Караман, Терешка, Еруслан, Торгун) и 05.01.03.004. Отсюда граница направляется на юг по водоразделу р. Дон и Волгоградского в-ща, петляя между истоками небольших притоков водохранилища и р. Дон, до т.11073, в которой сходятся границы водохозяйственных участков 05.01.03.005, 11.01.00.022 и 11.01.00.023 (Волга от Волгоградского г/у до в/п Светлый Яр). Последний отрезок границы уходит на юго-запад по водоразделу рр. Россошка и Дон и, через т.5084 – точку схождения границ водохозяйственных участков 05.01.03.005, 05.01.03.009 и 05.01.03.007 (Карповка от истока до Карповского г/у), приходит к месту впадения р. Дон в Цимлянское в-ще – замыкающему створу участка – т.5081."""
"""Свирь от Нижнесвирского г/у до устья""","""Водохозяйственный участок 01.04.01.008 охватывает бассейн р. Свирь от истока до створа Нижнесвискоого гидроузла. Участок расположен в Ленинградской области, его площадь составляет 17 тыс. км2. От расчетного створа впадения р. Свирь в Ладожское озеро в т.916 граница водохозяйственного участка 01.04.01.008 следует на северо-восток мимо оз. Сегежское до т.1051 схождения границ водохозяйственных участков 01.04.01.007 (Свирь от истока до Нижнесвирского г/у), 01.04.01.008 и 01.04.03.002 (Бассейн оз. Ладожское без рр. Волхов, Свирь и Сясь), затем поворачивает на восток, пересекает р. Свирь по створу Нижнесвирского гидроузла (т.1050), и достигает т.1048 схождения границ водохозяйственных участков 01.04.01.006 (Бассейн Онежского озера без рр. Шуя, Суна, Водла и Вытегра), 01.04.01.007 и 01.04.01.008 вблизи границы между Ленинградской и Вологодской областями. От этой точки граница следует на юг, поднимается на Вепсовскую возвышенность, обходит исток р. Тукша, проходит т.1014 схождения границ водохозяйственных участков 01.04.01.006, 01.04.01.008 и 08.01.02.002 (Суда), затем пересекает границу между Вологодской и Ленинградской областями, в т.43, проходит т.8029 схождения границ водохозяйственных участков 01.04.01.008, 08.01.02.001 (Молога) и 08.01.02.002 недалеко от истока р. Колпь, и, проходя по водоразделу рр. Тутока и Лидь, переходит на Тихвинскую гряду, достигает т.228 схождения границ водохозяйственных участков 01.04.01.008, 01.04.03.001 (Сясь) и 08.01.02.001. От этой точки граница следует на северо-запад, спускаясь с Тихвинской гряды на заозеренную и заболоченную низменную равнину, проходит по водоразделу рр. Тихвинка, Явосьма, Шомушка, Паша, Сапа и Валя до т.917 схождения границ водохозяйственных участков 01.04.01.008, 01.04.03.001 и 01.04.03.002 на берегу Новоладожского канала, после чего в северном направлении по побережью Ладожского озера следует к начальной точке замыкания. Западная и северная низменная часть территории характеризуется широким распространением гидроморфных ландшафтов, на востоке и юге сморенным резко холмистым рельефом преобладают еловые и елово-широколиственные леса с примесью мелколиственных пород, на песках произрастают сосновые боры, понижения между холмами часто заняты озерами и болотами."""
"""Шлина от истока до Вышневолоцкого г/у""","""Водохозяйственный участок 01.04.02.001 охватывает бассейн р. Шлина от истока (включая бассейн оз. Шлино) до створа Вышневолоцкого гидроузла. Река Шлина берет начало в центре Валдайской возвышенности из озера Шлино, северная часть которого находится в Новгородской области, а южная в Тверской, впадает в р. Мста. Участок расположен в Тверской и Новгородской областях, его площадь составляет 4,7 тыс. км2. От расчетного створа Вышневолоцкого гидроузла (т.1012 схождения границ водохозяйственных участков 01.04.02.001, 01.04.02.002 Мста без р. Шлина от Вышневолоцкого г/у) и 08.01.01.005 (Тверца от истока (Вышневолоцкий г/у) до г. Тверь)) граница водохозяйственного участка 01.04.02.001 следует на юго-запад, поднимаясь на Валдайскую возвышенность по водоразделу рр.Белая, Садва и Латынь, до т.8012 схождения границ водохозяйственных участков 01.04.02.001, 08.01.01.004 (Волга от Верхневолжского бейшлота до г. Зубцов без р. Вазуза от истока до Зубцовского г/у) и 08.01.01.005 на водоразделе рр. Цна и Осуга, затем поворачивает на северо-запад, идет по северной части Валдайской возвышенности, обходит истоки р. Крапивенка, проходит через т.48 схождения границ водохозяйственных участков 01.04.02.001, 01.04.02.003 (Ловать) и 08.01.01.004, поворачивает на север. Далее граница обходит бассейн оз. Шлино вблизи границы Тверской и Новгородской областей, проходит т.1054 схождения границ водохозяйственных участков 01.04.02.001, 01.04.02.002 и 01.04.02.003 и следует в восточном направлении, спускаясь с Валдайской возвышенности, по водоразделу рр. Шлина и Березайка к замыканию в начальной точке. Рельеф типично моренный, резко холмистый, нередки камовые всхолмления. В понижениях между холмами – масса озер и мелких болот. В ландшафтном отношении территория входит в Валдайскую провинцию лесной зоны Русской равнины с господством лесов смешанного типа."""
"""Мста без р. Шлина от истока до Вышневолоцкого г/у""","""Водохозяйственный участок 01.04.02.002 охватывает бассейн р. Мста от истока до впадения в оз. Ильмень, исключая бассейн р. Шлина от истока до Вышневолоцкого гидроузла. Мста вытекает из оз. Мстино, пересекает Валдайскую возвышенность, впадает в оз. Ильмень, образуя дельту. Река входит в состав Вышневолоцкой водной системы. Наиболее крупные притоки: Березайка (левый), Уверь (правый). Участок расположен на территории Новгородской, Тверской и Ленинградской областей, его площадь составляет 18,6 тыс. км2. От расчетного створа впадения р. Мста в оз. Ильмень в т.1058 граница водохозяйственного участка 01.04.02.002 следует на запад до т.1055 схождения границ водохозяйственных участков 01.04.02.002, 01.04.02.005 (Бассейн оз. Ильмень без рр. Мста, Ловать, Шелонь) и01.04.02.006 (Волхов) у истока р. Волхов из оз. Ильмень, затем поворачивает на северо-восток и по водоразделу рр. Вишера и Мста, Хуба и Оскуя, Мда и Пчевжа, поднимаясь на западные отроги Тихвинской гряды, достигает т.1056 схождения границ водохозяйственных участков 01.04.02.002, 01.04.02.006 и 01.04.03.001 (Сясь). От этой точки граница движется в юго-восточном направлении, пересекая Тихвинскую гряду, проходит т.45 схождения границ водохозяйственных участков 01.04.02.002, 01.04.03.001 и 08.01.02.001 (Молога), огибает оз. Ямное, Видимирское, Метлино, пересекает границу между Новгородской и Тверской областями в т.46, следуя по Лесной гряде, обходит исток р. Волчина, проходит т.47 схождения границ водохозяйственных участков 01.04.02.002, 08.01.01.005 (Тверца от истока (Вышневолоцкий г/у) до г. Тверь) и 08.01.02.001. Далее граница следует в западном направлении, пересекает р. Шлина по створу Вышневолоцкого гидроузла в т.1012 схождения границ водохозяйственных участков 01.04.02.001 (Шлина от истока до Вышневолоцкого г/у), 01.04.02.002 и 08.01.01.005, по водоразделу рр. Шлина и Березайка поднимается на Валдайскую возвышенность, проходит т.916 схождения границ водохозяйственных участков 01.04.02.001, 01.04.02.002 и 01.04.02.003 (Ловать), затем обходит оз. Валдай, истоки р. Полометь, проходит по водоразделу рр. Хохлова и Ямница, проходит т.1057 схождения границ водохозяйственных участков 01.04.02.002, 01.04.02.003 и 01.04.02.005, после чего замыкается в начальной точке. В рельефе типичны водно-ледниковые формы, в понижениях между холмами часты озера и болота. Территория входит в Валдайскую ландшафтную провинцию лесной зоны Русской равнины с господством лесов смешанного типа."""
"""Бассейн оз. Ильмень без рр. Мста, Ловать, Пола и Шелонь""","""Водохозяйственный участок 01.04.02.005 охватывает оз. Ильмень, входящее в состав Вышне- Волоцкой водной системы, и бассейны рек, впадающих в него, исключая бассейны рр. Мста, Ловать и Шелонь. Участок расположен в Новгородской области, его площадь составляет 4,9 тыс. км2. От т.1059 впадения р. Ловать в оз. Ильмень граница водохозяйственного участка 01.04.02.005 следует на юго-запад до т.1061 схождения границ водохозяйственных участков 01.04.02.003 (Ловать), 01.04.02.004 (Шелонь) и 01.04.02.005, поворачивает на север, проходит по водоразделу рр. Псижа и Колотошка, пересекает р. Шелонь в месте ее впадения в оз. Ильмень (т.1062), затем проходит т.1031 схождения границ водохозяйственных участков 01.03.00.005 (Луга от истока до в/п Толмачево), 01.04.02.004 и 01.04.02.005, далее т.1030 схождения границ водохозяйственных участков 01.03.00.005, 01.04.02.005 и 01.04.02.006 (Волхов), поворачивает на восток к т.1055 схождения границ водохозяйственных участков 01.04.02.002 (Мста без р. Шлина от Вышневолоцкого г/у), 01.04.02.005 и 01.04.02.006 вблизи истока р. Волхов, затем пересекает р. Мста в месте ее впадения в оз. Ильмень (т.1058), далее делает петлю в северо-восточном направлении, огибая р. Ниша по ее водоразделу с р. Мста, затем следует на юг до т.1057 схождения границ водохозяйственных участков 01.04.02.002, 01.04.02.003 и 01.04.02.005, поворачивает на запад и по водоразделу рр. Колпинка, Ларинка и Верготь следует к замыканию в начальной точке. В геоморфологическом отношении территория представляет собой низменность с абсолютными высотами менее 100 м, с широким распространением гидроморфных ландшафтов."""
"""Восточный Маныч от Чограйского г/у до устья""","""Водохозяйственный участок 07.01.00.002 охватывает бассейн р. Восточный Маныч от Чограйского гидроузла до устья. Участок расположен в Ставропольском крае и Республике Калмыкия, его площадь составляет 5,2 тыс. км2. Устье р. Восточный Маныч теряется в песках Калмыкии близ оз. Киркита у т.7001 схождения границ водохозяйственных участков 07.01.00.002, 07.01.00.010 (Кума от впадения р. Мокрая Буйвола до устья) и 07.04.00.001 (Бессточные территории междуречья Терека, Дона и Волги). От этой точки граница следует на юго-запад по Прикаспийской низменности, пересекает границу между Ставропольским краем и Республикой Калмыкия (т.7006), пересекает Кумо- Манычский канал, делает петлю в северо-западном направлении по водоразделу р. Томузловка, поднимаясь на северо-восточные отроги Ставропольской возвышенности к т.7004 схождения границ водохозяйственных участков 07.01.00.002, 07.01.00.001 (Восточный Маныч от истока до Чограйского г/у), 07.01.00.009 (Мокрая Буйвола) и 07.01.00.010, поворачивает на северо-восток, вновь выходит на Прикаспийскую низменность, проходит створ Чограйского гидроузла (т.7003), в т.7002 схождения границ водохозяйственных участков 07.01.00.001, 07.01.00.002 и 07.04.00.001 поворачивает на юго-восток, пересекает Черноземельский канал у оз. Матуир и замыкается в начальной точке. Абсолютные высоты местности на протяжении границы водохозяйственного участка варьируют от 12 м на Прикаспийской низменности до 400 м на отрогах Ставропольской возвышенности. Полупустынные ландшафты с участками развеваемых песков и соляными блюдцами сменяются сухостепными со значительной степенью распаханности."""
Сясь,"""Водохозяйственный участок 01.04.03.001 охватывает бассейн р .Сясь от истока до впадения в Ладожское озеро. Река Сясь вытекает из болот на западном склоне Валдайской возвышенности, течёт по Приладожской низменности, впадает в Волховскую губу Ладожского озера. Притоки: Воложба, Тихвинка, Валя, Кусега, Сузна (правые), Луненка, Опочня, Лынна (левые). Участок расположен в Ленинградской и Новгородской областях, его площадь составляет 7,3 тыс. км2. От расчетного створа впадения р. Сясь в Ладожское озеро (т.1064) граница водохозяйственного участка 01.04.03.001 следует вдоль побережья на северо-восток до т.917 примыкания к береговой линии Ладожского озера границы с водохозяйственным участком 01.04.01.008 (Свирь от Нижнесвирского г/у до устья). Далее граница следует в юго-восточном направлении по водоразделу рр. Сясь и Паша, Сапа и Шомушка, Явосьма и Тихвинка поднимаясь на Тихвинскую гряду, до т.228 схождения границ водохозяйственных участков 01.04.01.008, 01.04.03.001 и 08.01.02.001 (Молога), затем поворачивает на юг, следует по Тихвинской гряде, пересекает границу между Ленинградской и Новгородской областями в т.44 и достигает т.45 схождения границ водохозяйственных участков 01.04.02.002 (Мста без р. Шлина от Вышневолоцкого г/у), 01.04.03.001 и 08.01.02.001. От этой точки граница следует в северо-восточном направлении, проходит т.1056 схождения границ водохозяйственных участков 01.04.02.002, 01.04.02.006 и 01.04.03.001, дважды пересекает границу между Ленинградской и Новгородской областями в т.49 и т.50, затем по водоразделу рр. Волхов и Сясь следует до т.51 впадения р. Волхов в Ладожское озеро на границе Ленинградской области и Республики Карелия и схождения границ водохозяйственных участков 01.04.03.001, 01.04.03.002 и 01.04.02.006, после чего поворачивает на северо-восток и следует по береговой линии к замыканию в начальной точке. Территория характеризуется преимущественно низменным рельефом с абсолютными отметками менее 100 м, с широким распространением болот; лишь на юго-востоке на отрогах Тихвинской гряды абсолютные высоты возрастают до 200 м, господствуют лесные северотаежные ландшафты."""
"""Реки Карелии бассейна Балтийского моря на границе РФ с Финляндией, включая оз. Лексозеро""","""Водохозяйственный участок 01.05.00.001 охватывает российскую часть бассейнов рек Карелии, впадающих в Балтийское море. Участок расположен в Республике Карелия, его площадь составляет 9,7 тыс. км2. От начальной т.34 примыкания к Государственной границе РФ с Финляндией границы с водохозяйственным участком 01.04.03.002 (Бассейн оз. Ладожское без рр. Волхов, Свирь и Сясь) граница водохозяйственного участка 01.05.00.001 следует в северном направлении вдоль Государственной границы РФ. На этом участке она пересекает многочисленные пограничные реки и озера (рр. Койтайоки, Хаалайоки, оз. Тулос и др.) и достигает т.53 примыкания к Государственной границе РФ с Финляндией границы с водохозяйственным участком 02.02.00.009 (Кемь от Юшкозерского г/у до Кривопорожского г/у). Далее граница поворачивает на юго-восток, следует по Западно- Карельской возвышенности, обходит исток рр. Пижма и Чирко-Кемь, проходит т.2059 схождения границ водохозяйственных участков 01.05.00.001, 02.02.00.009 и 02.02.00.011 (Сегежа до Сегозерского г/у, вкл. оз. Сегозеро), в которой поворачивает на юг. Затем граница проходит т.36 схождения границ водохозяйственных участков 01.04.01.002 (Суна), 01.05.00.001 и 02.02.00.011 у истока р. Суна, затем огибает оз. Мотко, Лубоярви, Вонгозеро, Юля-Вуоттоярви, проходит т.1038 схождения границ водохозяйственных участков 01.04.01.001 (Шуя), 01.04.01.002 и 01.05.00.001 и, обходя оз. Яглярви и Ала-Толваярви, достигает т.35 схождения границ водохозяйственных участков 01.04.01.001, 01.05.00.001 и 01.04.03.002, в которой поворачивает на северо-запад и замыкается в начальной точке. Абсолютная высота местности на участке следования вдоль Государственной границы возрастает от 156 до 255 м и далее на Западно-Карельской возвышенности до 343 м. На этом водохозяйственном участке развит типичный только для Карелии сельговый рельеф – невысокие гряды северо-западного простирания чередуются с болотистыми низинами и многочисленными озерными котловинами. Характерны ландшафты Карельской провинции лесной зоны Фенноскандии (еловые леса в сочетании со сфагновыми болотами)."""
"""Нева от в/п Новосаратовка до устья""","""Водохозяйственный участок 01.04.03.004 охватывает нижнюю часть бассейна р. Нева от в/п Новосаратовка до впадения в Финский залив Балтийского моря. Участок расположен в Ленинградской области и г. Санкт-Петербург, его площадь составляет 1,7 тыс. км2. От расчетного створа впадения основного русла р. Нева в Финский залив Балтийского моря (т.1071) граница водохозяйственного участка 01.04.03.004 следует на север, сначала по побережью Финского залива, затем по Карельскому перешейку до т.1068 схождения границ водохозяйственных участков 01.04.03.002 (Бассейн оз. Ладожское без рр. Волхов, Свирь и Сясь), 01.04.03.004 и 01.04.03.005 (Реки бассейна Финского залива от границы РФ с Финляндией до северной границы дельты р. Нева), в которой поворачивает на юго-восток и следует до т.1067 схождения границ водохозяйственных участков 01.04.03.002, 01.04.03.003 (Нева от истока до в/п Новосаратовка) и 01.04.03.004. От этой точки граница поворачивает на юго-восток, пересекает р. Нева ниже в/п Новосаратовка, обходит небольшие ее правые притоки и в западном направлении достигает т.1034 схождения границ водохозяйственных участков 01.03.00.007 (Реки бассейна Финского залива от северной границы бассейна р. Луга до южной границы дельты р. Нева), 01.04.03.003 и 01.04.03.004, поворачивает на север, выходит на побережье Финского залива Балтийского моря в т.23 на границе с водохозяйственным участком 01.03.00.007 и замыкается в начальной точке. Территория относится к Карельской ландшафтной провинции лесной зоны Фенноскандии, однако коренные еловые леса высокого класса бонитета часто замещены вторичными антропогенными ландшафтами. Повсеместно распространены сфагновые болота."""
"""Реки бассейна Баренцева моря от р. Патсо-Йоки (граница РФ с Норвегией) до западной границы бассейна р. Печенга""","""Водохозяйственный участок 02.01.00.001 охватывает бассейн пограничной реки Патсо-Йоки (Паз) и небольшие реки бассейна Баренцева моря от границы РФ с Норвегией до западной границы бассейна р. Печенга. Участок расположен в северо-западной части Кольского полуострова вблизи государственной границы РФ с Финляндией и Норвегией. Площадь участка составляет 3,0 тыс. км2.От верхнего расчетного створа – т.2001, в которой Патсо-Йоки пересекает Государственную границу РФ с Финляндией граница движется в северном направлении до точки схождения государственных границ России, Финляндии и Норвегии - т.63. На этом участке границы ландшафты постепенно меняются с северо-таежных, с преобладанием сосны, на лесотундровые и далее тундровые (кустарниковые и кочкарные).Далее, выходя по границе РФ к побережью Баренцева моря в т.54 – схождения государственных границ России и Норвегии на береговой линии Баренцева моря, граница водохозяйственного участка поворачивает на восток и следует вдоль побережья до т.2002 – примыкания границы с водохозяйственным участком 02.01.00.002 (Печенга) к береговой линии губы Печенга залива Варангер-Фьорд Баренцева моря. От этой точки граница поворачивает на юг и следует по водоразделу бассейнов рек Паз (Патсо-Йоки) и Печенга до т.2003 схождения границ водохозяйственных участков 02.01.00.001, 02.01.00.002 и 02.01.00.003 (Тулома от истока до Верхнетуломского г/у, вкл. Нот-озеро) и далее до т.2004 примыкания границы между водохозяйственными участками 02.01.00.001 и 02.01.00.003 к государственной границе РФ с Финляндией, после чего, простираясь по границе РФ, граница водохозяйственного участка замыкается в исходной точке (т.2001)"""
"""Оскол до Старооскольского г/у""","""Водохозяйственный участок 05.01.04.002 охватывает верхнюю часть бассейна р. Оскол от истока до Старооскольского г/у на границе Курской и Белгородской областей (т.5097). Площадь водохозяйственного участка составляет 1.5 тыс. км2. От точки замыкающего створа граница участка идет вдоль административной границы Курской и Белгородской областей до т.4041, где сходятся границы водохозяйственных участков 04.01.00.012 (Сейм от истока до г. Курск), 05.01.04.003 (Оскол ниже Старооскольского г/у до границы РФ с Украиной) и 05.01.04.002. От этой точки граница уходит на север, пересекает границу Курской и Белгородской областей (т.167) и у истока р. Оскол достигает т.166 – точки схождения границ водохозяйственных участков 04.01.00.012, 05.01.01.002 (Сосна) и 05.01.04.002. Затем граница поворачивает на восток и у истока р. Ольм проходит т.5098 – точку схождения границ водохозяйственных участков 05.01.01.002, 05.01.04.003 и 05.01.04.002, после которой в западном направлении возвращается в замыкающий створ – т.5097."""
"""Нива вкл. оз. Имандра""","""Водохозяйственный участок 02.02.00.003 охватывает бассейн оз.Имандра и бассейн вытекающей из него р. Нива. Участок расположен в Мурманской области, его площадь составляет 12,8 тыс. км2.От расчетного створа т.64 – впадения р. Нива в Кандалакшский залив Белого моря – граница водохозяйственного участка 02.02.00.003 следует на запад по побережью до т.2028 примыкания нему границы с водохозяйственным участком 02.02.00.007 (Реки бассейна Белого моря от западной границы бассейна р. Нива до северной границы бассейна р. Кемь без р. Ковда), от которой поворачивает вглубь Кольского полуострова. Огибая верховья нескольких небольших притоков р. Канда, граница сохраняет общее западное направление движения, и проходит через т.2029 схождения границ водохозяйственных участков 02.02.00.003, 02.02.00.006 (Ковда от Иовского г/у до устья (Княжегубский г/у)) и 02.02.00.007, затем т.2030 схождения границ водохозяйственных участков 02.02.00.003, 02.02.00.005 (Ковда от Кумского г/у до Иовского г/у) и 02.02.00.006, а далее достигаетт.2010 схождения границ водохозяйственных участков 02.01.00.003 (Тулома от истока до Верхнетуломского г/у, вкл. Нот- озеро), 02.02.00.003 и 02.02.00.005, после чего поворачивает на северо-восток, простирается по водоразделу рр. Лива и Вува, проходит через т.2009 схождения границ водохозяйственных участков 02.01.00.003, 02.01.00.004 (Тулома от Верхнетуломского г/у до устья) и достигает т.61 схождения границ водохозяйственных участков 02.01.00.004, 02.01.00.005 (Кола, вкл. оз. Кол-озеро) и 02.02.00.003. Растительность на данном участке представлена еловыми лесами в сочетании с болотами преимущественно смешанного типа. Ландшафты сформированы каскадами озер, широко распространены торфяные болота, нередко поросшие березой. На выходах скальных пород и каменистых россыпях формируются примитивные почвы со скудным растительным покровом.От т.61 граница поворачивает на юго-восток, проходит по водоразделу оз.Кол-озеро и оз.Имандра (т.60), вновь поворачивает на северо-восток и идет до т.2013 схождения границ водохозяйственных участков 02.01.00.005, 02.01.00.007 (Воронья от истока до г/у Серебрянское 1, вкл. оз. Ловозеро) и 02.02.00.003, т.59 в верховьях р. Сура, поворачивает на юг, проходит т.2020 схождения границ водохозяйственных участков 02.01.00.007, 02.02.00.002 (Реки бассейна Белого моря от западной границы бассейна р. Иоканга (мыс Святой Нос) до восточной границы бассейна р. Нива без р. Поной) и 02.02.00.003, проходит по Хибинским горам, затем по водоразделу рр. Большая, Кана и левых притоков оз.Бол. Имандра, достигает побережья Белого моря в т.2027 на границе с водохозяйственным участком 02.02.00.002 и замыкается в исходной т.64."""
"""Реки бассейна Онежской губы от южной границы бассейна р. Кемь до западной границы бассейна р. Унежма без р. Нижний Выг""","""Водохозяйственный участок 02.02.00.014 охватывает бассейны рек, впадающих в Онежскую губу Белого моря от южной границы бассейна р. Кемь до западной границы бассейна р. Унежма (граница с Двинско-Печорским бассейновым округом), исключая р. Нижний Выг. Участок практически полностью расположен в Республике Карелия, состоит из двух частей, разделенных бассейном р. Выг, площадь участка составляет 9,5 тыс. км2.От т.2055 примыкания к береговой линии Белого моря границы с водохозяйственным участком 02.02.00.010 (Кемь от Кривопорожского г/у до устья) граница водохозяйственного участка 02.02.00.014 следует по побережью до т.2066 примыкания к нему границы с водохозяйственным участком 02.02.00.013 (Нижний Выг от Выгозерского г/у до устья).От этой точки граница по водоразделу бассейна р. Выг следует на запад вглубь материка, проходя т.2068 схождения границ водохозяйственных участков 02.02.00.010, 02.02.00.013 и 02.02.00.014 и, изменяя направление движения на восточное, по водоразделу бассейна р. Кемь приходит в начальную т.2055.Граница второй части водохозяйственного участка начинается в т.2065 на побережье Белого моря в точке примыкания к нему границы с водохозяйственным участком 02.02.00.013 вблизи устья р. Нижний Выг. От этой точки граница следует на юго-восток вдоль побережья до т.66 примыкания к нему границы с водохозяйственным участком 03.01.00.002 (Реки бассейна Онежской губы от западной границы бассейна р. Унежма до северо-восточной границы бассейна р. Золотица исключая р. Онега). Здесь в рельефе прибрежной полосы преобладают заболоченные равнины, чередующиеся с многочисленными озерами ледникового происхождения, среди которых выделяются озера Кереть и Энгозеро. Заболоченные ландшафты чередуются с темнохвойными лесами. От т.66 граница следует на юг вглубь материка, пересекает в т.67 границу между Республикой Карелия и Архангельской областью, проходит т.39 схождения границ водохозяйственных участков 02.02.00.014, 03.01.00.002 и 01.04.01.003 (Водла, оз. Водл-озеро), т.2063 схождения границ водохозяйственных участков 02.02.00.012 (Нижний Выг от истока до Выгозерского г/у, вкл. оз. Выг-озеро без р. Сегежа до Сегозерского г/у), 02.02.00.014 и 01.04.01.003. Далее граница поворачивает на северо-запад, проходит т.2062 пересечения границы между Республикой Карелия и Архангельской областью и достигает т.2061 схождения границ водохозяйственных участков 02.02.00.012, 02.02.00.013 и 02.02.00.014, после чего, следуя в северном направлении, замыкается в начальной т.2065."""
"""Варнавинский Сбросной канал""","""Водохозяйственный участок 06.02.00.020 охватывает бассейн Варнавинского сбросного канала, включая Афипский коллектор без Шапсугского водохранилища. Участок расположен в Краснодарском крае, его площадь составляет 1,2 км2. От расчетного створа впадения Варнавинского канала в р. Кубань (т.6072) граница водохозяйственного участка 06.02.00.020 следует на восток по водоразделу р. Кубань, проходя т.6062 схождения границ водохозяйственных участков 06.02.00.016 (Кубань от впадения р. Афипс до Тиховского г/у), 06.02.00.020 и 06.02.00.021 (Кубань от Тиховского г/у до устья и другие реки бассейна Азовского моря в дельте р. Кубань), т.6061 пересечения границы между Краснодарским краем и Республикой Адыгея, достигает створа Шапсугского гидроузла (т.6056) в точке схождения границ водохозяйственных участков 06.02.00.014 ( Кубань от Краснодарского г/у до впадения р. Афипс), 06.02.00.016 (Кубань от впадения р. Афипс до Тиховского г/у), 06.02.00.20 и 06.02.00.015 (Афипс, в том числе Шапсугское в-ще). Далее граница поворачивает на юг, проходит т.6059 схождения границ водохозяйственных участков 06.02.00.015, 06.02.00.018 (Водные объекты бассейна Крюковского в-ща) и 06.02.00.020 вблизи пересечения границы между Краснодарским краем и Республикой Адыгея, затем следует на запад, пересекая в т.6066 границу между Краснодарским краем и Республикой Адыгея, к т.6069 схождения границ водохозяйственных участков 06.02.00.028, 06.02.00.019 (водные объекты бассейна Варнавинского в-ща) и 06.02.00.020, проходит створ Варнавинского гидроузла (т.6068), затем т.6071 схождения границ водохозяйственных участков 06.02.00.019, 06.02.00.020 и 06.03.00.001 (реки бассейна Черного моря от мыса Панагия до восточной границы р. Джанхот), поворачивает на северо-запад, проходит т.6073 схождения границ водохозяйственных участков 06.02.00.020, 06.02.00.021 и 06.03.00.001, после чего замыкается в начальной точке впадения Варнавинского канала в р. Кубань."""
"""Сура от истока до Сурского г/у""","""Водохозяйственный участок 08.01.05.001 охватывает верхний участок бассейна р. Сура от истока до замыкающего расчетного створа у Сурского г/у - т.8064. Площадь водохозяйственного участка составляет 13,8 тыс. км2. От точки замыкающего створа граница участков 08.01.05.001 и 08.01.05.003 (Сура от Сурского г/у до устья р. Алатырь) идет на северо-восток и далее на восток до т.8065, где пересекается граница Пензенской и Ульяновской областей, далее вдоль границы этих областей до истока р. Сура и т.8066 – точки схождения границ водохозяйственных участков 08.01.05.001, 08.01.05.003 и 11.01.00.013 (Сызранка от истока до г. Сызрань (выше города). От этой точки граница поворачивает на юг, огибает верхнюю часть бассейна р. Сура, в тт.268 и 269 пересекает границу Пензенской и Ульяновской областей, отклоняется на юго-восток вокруг верховьев р. Кадада, где в т.11044 сходятся границы водохозяйственных участков 08.01.05.001, 11.01.00.013 и 11.01.00.019 (Терешка). Далее при направлении на юго-запад граница в т.270 переходит в Саратовскую область и в верховьях бассейна р. Ува вблизи устья р. Медведица проходит точку 188 – точку схождения границ водохозяйственных участков 05.01.03.001 (Медведица от истока до впадения р. Терса), 08.01.05.001 и 11.01.00.019, после которой поворачивает на северо-запад до пересечения границы Саратовской и Пензенской областей (т.187) и т.186 – точки схождения границ водохозяйственных участков 05.01.02.001 (Хопер от истока до впадения р. Ворона), 05.01.03.001 и 08.01.05.001. Отклоняясь в дальнейшем на север, граница доходит до т.8067, в которой сходятся границы водохозяйственных участков 08.01.05.001, 08.01.05.003 и 05.01.02.001 и, простираясь в северном направлении, замыкается в расчетном створе – т.8064."""
"""Реки бассейна Черного моря от западной границы бассейна р.Пшада до восточной границы р. Дедеркай""","""Водохозяйственный участок 06.03.00.002 охватывает реки бассейна Черного моря от западной границы бассейна р. Пшада до восточной границы р. Дедеркай (западная граница бассейна р. Шепси). Территория водохозяйственного участка полностью расположена в Краснодарском крае. Площадь участка составляет 2,6 тыс. км2. От т.241 в устье р. Пшада граница водохозяйственного участка 06.03.00.002 проходит короткий отрезок на запад по берегу Черного моря до т.6075 на границе с водохозяйственным участком 06.03.00.001 (реки бассейна Черного моря от мыса Панагия до восточной границы р. Джанхот), затем по водоразделу бассейнов рек Джанхот и Пшада поднимается в горы до т.6070 схождения границ водохозяйственных участков 06.02.00.019 - водные объекты бассейна Варнавинского в-ща,06.03.00.002 и 06.03.00.001, после чего поворачивает на юго-восток и по отрогам хребтов Большого Кавказа, разделяя верховья рек бассейна Черного моря и левых притоков р. Кубань, выходит к верховьям р. Шепси в т.6076 (схождение границ водохозяйственных участков 06.02.00.012 - Пшиш, 06.03.00.003 - реки бассейна Черного моря от западной границы бассейна р. Шепси до р. Псоу и 06.03.00.002). На этом отрезке граница участка проходит ряд опорных точек, где к ней примыкают водохозяйственные участки бассейна р. Кубань - т.6067 (06.02.00.018 - водные объекты бассейна Крюковского в-ща), т.6058 (06.02.00.015 - Афипс, в том числе Шапсугское в-ще), т.6050 (06.02.00.013 - Кубань от г. Усть-Лабинск до Краснодарского г/у без рр. Белая и Пшиш), т.6046 (06.02.00.012 - Пшиш). От т.6076 граница участка по водоразделу бассейнов рек Дедеркай и Шепси спускается к побережью Черного моря (т.6077), после чего при общем северо-западном направлении она по берегу Черного моря замыкается в исходной точке."""
"""Озерна от истока до Озернинского г/у""","""Водохозяйственный участок 09.01.01.012 охватывает бассейн р. Озерна от истока до замыкающего расчетного створа – Озернинский г/у (т.9050). Площадь водохозяйственного участка составляет 7,4 тыс. км2. От т.9050, рядом с которой расположена точка 9049 – точка схождения границ водохозяйственных участков 09.01.01.011 (Руза от истока до Рузского г/у), 09.01.01.012 и 09.01.01.013 (Москва от Можайского г/у до г. Звенигород без р. Руза (от истока до Рузского г/у) и р. Озерна (от истока до Озернинского г/у)) - граница между водохозяйственными участками 09.01.01.012 и 09.01.01.011 идет на север до т.9048, где сходятся границы водохозяйственных участков 09.01.01.011, 09.01.01.012 и 08.01.01.007 (Волга от г. Тверь до Иваньковского г/у (Иваньковское в-ще)). В восточном направлении граница участка, разделяя истоки рр. Руза и Бол.Сестра, проходит через т.9051 и, резко повернув на юго-восток, через небольшое расстояние, достигает т.9052. Первая из этих точек расположена в точке схождения границ водохозяйственных участков 08.01.01.007, 09.01.01.012 и 09.01.01.014 (Истра от истока до Истринского г/у), вторая (т.9052) в точке схождения границ водохозяйственных участков 09.01.01.012, 09.01.01.014 и 09.01.01.015 (Москва от г. Звенигород до Рублевского г/у без р. Истра (от истока до Истринского г/у)). Далее плавно огибая верховья р. Озерна граница направлена на юг до т.9053 – точки схождения границ водохозяйственных участков 09.01.01.012, 09.01.01.013 и 09.01.01.015. После этой точки граница поворачивает на север и возвращается в точку замыкающего створа – т.9050."""
"""Реки бассейна Белого моря от северо-восточной границы р. Золотица до мыса Воронов без р. Северная Двина""","""Водохозяйственный участок 03.02.03.005 включает бассейны небольших рек по периметру Двинской губы от северо-восточной границы бассейна р. Золотица до мыса Воронов, состоит из двух частей (юго-западной и северо-восточной), разделенных устьем р. Северная Двина. Водохозяйственный участок расположен на территории Архангельской области. Площадь водохозяйственного участка составляет 21 тыс. км2.Юго-западная часть участка начинается на береговой линии Белого моря на границе бассейна р. Золотица в точке (т.70) схождения с границей водохозяйственного участка 03.01.00.002 (реки бассейна Онежской губы от западной границы бассейна р. Унежма до северо-восточной границы бассейна р. Золотица без р. Онега). От этой точки граница участка по береговой линии идет на юго- восток в направлении Северодвинска до точки (т.77) впадения р. Северная Двина в Двинскую губу Белого моря. Здесь сходятся границы водохозяйственных участков 03.02.03.005 и 03.02.03.004 (Северная Двина от впадения р. Вага до устья без р. Пинега). Далее граница юго-западной части участка уходит к югу до т.3002, где сходятся границы водохозяйственных участков 03.02.03.005, 03.02.03.004 и 03.01.00.001 (Онега). Отсюда граница участка резко уходит в противоположном направлении к верховьям р. Кодина (т.71) и поворачивает на запад к верховьям р. Солза (т.3001), где пересекаются границы водохозяйственных участков 03.02.03.005, 03.01.00.001 и 03.01.00.002 (реки бассейна Онежской губы от западной границы бассейна р. Унежма до северо-восточной границы бассейна р. Золотица без р. Онега). Далее граница юго-западной части территории водохозяйственного участка простирается в северо-западном направлении до замыкающей точки т.70. Абсолютные высоты от нулевой отметки на побережье повышаются до 170 м при удалении от него, характерен холмистый моренный рельеф с камами и озами.Граница северо-восточной части участка от т.3027 на береговой линии Белого моря на границе с дельтой Северной Двины идет по побережью на северо-восток к т.78 на береговой линии Белого моря на мысе Воронов на границе с гидрографической единицей 03.03.00.003(Реки бассейна Белого моря от мыса Воронов до мыса Канин Нос (исключая р. Мезень), затем отходит от побережья, круто поворачивая на юго-запад и проходя по границе бассейна нижнего течения р. Онега, огибает верховья р. Пачуга (т.79) и далее до т.3025 – точки схождения границ водохозяйственных участков 03.02.03.004, 03.02.03.005 и 03.03.00.003, после которой в западном направлении граница по границе с бассейном р. Северная Двина замыкается в т.3027. Прибрежная территория представляет собой в основном низменную заболоченную равнину, лишь на повороте от Двинского залива к горловине Белого моря к берегу достаточно близко подходят уступы Беломорско-Кулойского плато с максимальными отметками до 200 м."""
"""Острова архипелага Новая Земля""","""Водохозяйственный участок 03.07.00.001 включает бассейны водных объектов на островах архипелага Новая Земля. Площадь водохозяйственного участка составляет более 83 тыс. км2. Т.156 - расположена на северной оконечности Северного острова архипелага Новая Земля. Граница идет на юго-запад по береговой линии Карского моря, вдоль заливов Русанова, Седова и Ога к т.157 на юго-восточной оконечности Северного острова на береговой линии пролива Маточкин Шар. Рельеф данного участка границы низменный, берег сильно изрезан многочисленными заливами. Далее граница уходит от пролива Маточкин шар к северо-западу и затем к северу и северо-востоку, замыкаясь в т.156. Граница по западному побережью острова идет сначала по низменным, изрезанным заливами (Крестовая Губа, Мурман, Норденшельда) участкам, затем горы Новой Земли подходят ближе к побережью и на севере характерны обрывистые берега. Большая часть границы проходит по зоне арктических кустарничково-лишайниковых тундр. Кое-где на побережье выходят каменистые поверхности арктических пустынь.Т.158 расположена на южной оконечности Южного острова архипелага Новая Земля. Граница идет сначала на северо-запад до мыса черный по изрезанному заливами низменному побережью Баренцева моря, затем уходит на северо-восток, минуя залив Малера к 159 -северо-западной оконечности Южного острова архипелага Новая Земля. Береговая линия идет по низменным участкам, ближе к проливу Маточкин Шар берега становятся обрывистыми. Далее граница уходит на юг по низменному изрезанному заливами побережью Карского моря, замыкаясь в т.158. Рельеф побережья - низменная равнина, лишь на крайнем севере острова горы подходят близко к побережью (высшая отметка – 1292 м). Зона арктических кустарничково-моховых и кустарничково- лишайниковых тундр."""
"""Десна от г/у Смоленской АЭС до г. Брянск без р.Болва""","""Водохозяйственный участок 04.01.00.010 включает часть бассейн р. Десна до замыкающего створа на р. Десна ниже г. Брянск в т.4034. Площадь водохозяйственного участка составляет 8.11 тыс. км2. От расчетного створа участка граница следует на запад по водоразделу рр. Судость и Десна до т.4025 – точки схождения границ водохозяйственных участков 04.01.00.007 (Ипуть), 04.01.00.011 (Российская часть бассейна р. Десна ниже г. Брянск) и 04.01.00.010, затем поворачивает на север и по водоразделу рр. Вороница и Десна доходит в т.4014, в которой сходятся границы водохозяйственных участков 4.01.00.007, 04.01.00.005 (Остер) и 04.01.00.010 и пересекается граница Смоленской и Брянской области, и далее до т.4013 – точки схождения границ водохозяйственных участков 04.01.00.008 (Десна от истока до г/у Смоленской АЭС), 04.01.00.005 и 04.01.00.010. Здесь граница поворачивает на восток, пересекает р. Десну в створе г/у Смоленской АЭС (т.4028) и в северо-восточном направлении у истока р. Угра приходит в т.4030, где сходятся границы водохозяйственных участков 04.01.00.010, 04.01.00.008 и 09.01.01.004 (Угра). На восток от этой точки в т.161 пересекается граница Смоленской и Калужской областей, затем в т.4033 сходятся границы водохозяйственных участков 04.01.00.010, 04.01.00.009 (Болва) и 09.01.01.004. Далее граница идет на юг по водоразделу рр,Болва и Десна, в т.4032 возвращается в Брянскую область из Калужской, в т.4031 пересекает устье р. Болва и резко поворачивает на северо-восток до т.4035, где сходятся границы водохозяйственных участков 04.01.00.010, 04.01.00.009 и 09.01.01.005 (Ока от г. Белев до г. Калуга без рр. Упа и Угра). От этой точки граница идет на юго-восток по водоразделу рр. Рессета и Снежеть до т.9003, в которой сходятся границы водохозяйственных участков 09.01.01.001 (Ока от истока до г. Орел), 09.01.01.005 и 04.01.00.010 и далее до т.4036 у истока р. Снежеть, в которой сходятся границы водохозяйственных участков 04.01.00.010, 04.01.00.011 (Российская часть бассейна р. Десна ниже г. Брянск) и 09.01.01.001. Отсюда граница уходит на запад до замыкающего створа – т.4034."""
"""Медведица от истока до впадения р.Терса""","""Водохозяйственный участок 05.01.03.001 включает верхнюю часть бассейна р. Медведица от истока до расчетного створа в месте впадения р. Терса в р. Медведица (т.5074). Площадь водохозяйственного участка составляет 15.3 тыс. км2. От точки замыкающего створа, где сходятся границы водохозяйственных участков 05.01.03.001, 05.01.03.002 (Терса) и 05.01.03.003 (Медведица от впадения р. Терса до устья), граница участка идет на север по водоразделу рр. Медведица и Щелкан, пересекает административную границу Волгоградской и Саратовской областей (т.5075) и отклоняется на северо-запад к верховьям р. Баланда, где сходятся границы водохозяйственных участков 05.01.02.001 (Хопер от истока до впадения р. Ворона), 05.01.03.001 и 05.01.03.002. Здесь граница разворачивается сначала на северо-восток, затем на север к т.5076 на водоразделе рр. Изнаир и Аткара, после которой следует в восточном направлении, плавно поворачивая на север до т.186, где сходятся границы водохозяйственных участков 05.01.02.001, 05.01.03.001 и 08.01.05.001 (Сура от истока до Сурского г/у). На восток от этой точки пересекается граница Тамбовской и Саратовской областей (т.187), и по водоразделу рр. Медведица и Уза граница приходит у истока р. Медведица в точку (188) схождения границ водохозяйственных участков 05.01.03001, 08.01.05.001 и 11.01.00.019 (Терешка). Далее следует поворот границы на юг до т.11062, в которой сходятся границы водохозяйственных участков 11.01.00.019, 11.01.00.022 (Волга от Саратовского г/у до Волгоградского г/у (Волгоградское в-ще) без рр. Бол.Иргиз, Бол.Караман, Терешка, Еруслан, Торгун), и 05.01.03.001, затем в западном направлении огибаются верховья р. Чардым, и граница уходит на юг по водоразделу Саратовского в-ща и р. Карамыш до т.5011 – точки схождения границ водохозяйственных участков 05.01.03.001, 11.01.00.022 и 05.01.03.004 (Иловля). От этой точки на запад граница водохозяйственного участка пересекает границу Саратовской и Волгоградской областей (т.5077), проходит узел слияния границ водохозяйственных участков 05.01.03.001, 05.01.03.004 и 05.01.03.003 (т.5078) и замыкается в расчетном створе (т.5074)."""
"""Кубань от г.Усть-Джегута до г.Невинномысск без рр. Б. и М. Зеленчук""","""Водохозяйственный участок 06.02.00.004 охватывает часть бассейна р. Кубань от г. Усть- Джегута до г. Невинномысск без бассейнов притоков Большой и Малый Зеленчук. Большая часть территории водохозяйственного участка расположена в Карачаево-Черкесская Республике, а также в Ставропольском крае. Площадь участка составляет 2,22 тыс. км2. Расчетный створ участка расположен в т.6023 на р. Кубань у г. Невинномысск в месте схождения границ водохозяйственных участков 06.02.00.006 (Кубань от г. Невинномысск до г. Армавир без р. Уруп), 06.02.00.003 (Большой Зеленчук) и 06.02.00.004. От расчетного створа граница участка простирается на восток до границы бассейна р.Кума (т.6024-схождение границ водохозяйственных участков 06.02.00.006, 06.02.00.004 и 07.01.00.003 – Кума от истока до впадения р. Подкумок). Здесь граница меняет направление на южное, пересекает административную границу между Ставропольским краем и Карачаево-Черкесской Республикой (т.231), огибает бассейн Кубанского водохранилища, пересекает Большой Ставропольский канал, еще раз пересекает упомянутую административную границу (т.232) и выходит к т.6011 схождения границ водохозяйственных участков 06.02.00.001 - Кубань от истока до г. Усть-Джегута, 06.02.00.004 и 07.01.00.003. От этой точки граница участка поворачивает на север, проходит створ Усть-Джегутинского гидроузла (т.6010) и в западном направлении достигает границы бассейна р. Малый Зеленчук (т.6014 - схождение границ водохозяйственных участков 06.02.00.001, 06.02.00.004 и 06.02.00.002 - Малый Зеленчук). Отсюда граница участка по водоразделу бассейнов рек Малый Зеленчук и Кубань проходит до устья р. Малый Зеленчук (т.6015), затем в юго-западном направлении достигает границ бассейна р. Большой Зеленчук (т.6016 - схождение границ водохозяйственных участков 06.02.00.004, 06.02.00.003 - Большой Зеленчук и 06.02.00.002) и, разделяя бассейны рек Большой Зеленчук и Кубань, устремляется к устью р. Большой Зеленчук (т.6017), по пути пересекая границу между Ставропольским краем и Карачаево-Черкесской Республикой (т.6018). От т.6017 граница участка замыкается в северо-западном направлении в расчетном створе на р. Кубань у г. Невинномысск."""
"""Реки бассейна Карского моря от восточной границы бассейна р. Надым до северо-западной границы бассейна р. Пур""","""Водохозяйственный участок 15.04.00.002 включает небольшие реки бассейна Карского моря от восточной границы бассейна р. Надым до северо-западной границы бассейна р. Пур (большей частью реки Тазовского п-ва). Водохозяйственный участок полностью расположен на территории Ямало-Ненецкого автономного округа. Площадь водохозяйственного участка составляет 26 тыс. км2. От северо-восточной оконечности Тазовского полуострова (т.543) граница участка огибает Тазовский полуостров с устьевыми участками рек Поелаваяха, Хадуттэ и доходит до северо- западной границы бассейна р. Пур (т.15005). Отсюда граница отходит от побережья Тазовской губы и, огибая петлей в западном направлении бассейн р. Хадуттэ (бассейн Пура), выходит к т.15004 схождения границ водохозяйственных участков 15.03.00.001 (Надым), 15.04.00.002 и 15.04.00.001 (Пур). Простираясь в северо-западном направлении, граница участка проходит верховья р. Хэяха в бассейне Ныды (т.534) и следует к побережью Обской губы Карского моря (т.533). Далее граница следует по побережью Обской губы в северном направлении до северо-западной оконечности Тазовского полуострова (т. 542). Отсюда граница идет на восток вдоль побережья Тазовской губы до т.543, где и замыкается граница участка. Прибрежная территория всего участка границы низменная и заболоченная, развиты явления термокарста."""
Сал,"""Водохозяйственный участок 05.01.05.001 охватывает бассейн р. Сал от истока до расчетного створа в месте впадения в р. Сал в р. Дон (т.5105). Площадь водохозяйственного участка составляет 21.3 тыс. км2. От точки замыкающего створа граница идет на восток дот.5094 – точки схождения границ водохозяйственных участков 05.01.05.009 (Дон от впадения р. Северский Донец до устья без рр. Сал и Маныч), 05.01.05.001 и 05.01.03.010 (Дон от Цимлянского г/у до впадения р. Северский Донец), затем на водоразделе рр. Дон и Сал пересекает Донской Магистральный канал и приходит в т.5093 южнее г. Волгодонск, в которой сходятся границы водохозяйственных участков 05.01.03.009 (Дон от г. Калач-на-Дону до Цимлянского г/у (Цимлянское в-ще) без р. Чир), 05.01.05.001 и 05.01.03.010.От этой точки граница продолжает следовать на восток по водоразделу р. Сал и Цимлянского в-ща до административной границы Волгоградской и Ростовской областей (т.226), затем до границы Волгоградской области с Респ. Калмыкия (т.225) и далее до т.193 – точки схождения границ водохозяйственных участков 05.01.03.009, 05.01.05.001 и 07.04.00.001 (Бессточные районы междуречья Терека, Дона и Волги). Здесь граница поворачивает на юг, следует вдоль административной границы Волгоградской области и Респ. Калмыкия (через т.5106), разделяя верховья р. Сал, ее притоков и бессточные полупустынные области Прикаспийской низменности, в т.194 вновь пересекает границу Ростовской области и Респ.Калмыкия, и достигает самой южной точки участка – т.5107, где сходятся границы водохозяйственных участков 05.01.05.001, 05.01.05.007 (Маныч от истока до Пролетарского г/у без рр. Калаус и Егорлык) и 07.04.00.001. В этой точке граница резко разворачивается на северо-запад, в очередной раз пересекает границу Ростовской области и Респ. Калмыкия (т.5128), простирается по водоразделу Пролетарского в-ща и бассейна р. Сал и доходит до т.5108, которой обозначается схождение границ водохозяйственных участков 05.01.05.001, 05.01.05.008 (Маныч от Пролетарского г/у до Веселовского г/у) и 05.01.05.007. Отсюда граница плавно принимает северное, потом снова северо-западное направление, идет по водоразделу Веселовского в-ща и р. Сал и приходит в т.5109, где сходятся границы водохозяйственных участков 05.01.05.001, 05.01.05.009 и 05.01.05.008. От этой точки граница участка продолжает разделять систему каналов в правой части бассейна Веселовского в-ща и бассейн р. Сал, делает резкую петлю вокруг донского рукава – р. Сусат (с т.5034 в ее вершине) и возвращается к месту впадения р. Сал в р. Дон, замыкая участок в т.5105."""
"""Маныч от истока до Пролетарского г/у без рр. Калаус и Егорлык""","""Водохозяйственный участок 05.01.05.007 охватывает верхнюю часть бассейна р. Маныч от истока до расчетного створа у Пролетарского г/у (т.5127). Площадь водохозяйственного участка составляет 18.7 тыс. км2. От точки замыкающего створа граница участка простирается на восток и после небольшой петли в северном направлении приходит в т.5108, где сходятся границы водохозяйственных участков 05.01.05.001 (Сал), 05.01.05.007 и 05.01.05.008 (Маныч от Пролетарского г/у до Веселовского г/у). Далее на большом протяжении в юго-восточном направлении по водоразделу р. Сал и Пролетарского в-ща граница участка после пересечения административной границы Ростовской области и Респ.Калмыкия (т.5128) достигает т.5107, в которой сходятся границы водохозяйственных участков 05.01.05.001, 05.01.05.007 и 07.04.00.001 (Бессточные районы междуречья Терека, Дона и Волги). От этой точки, продолжаясь в этом же направлении, граница доходит до истока р. Улан-Зуха, обогнув который и повернув на запад к т.195 проходит узел схождения границ водохозяйственных участков 05.01.00.007, 07.01.00.001 (Восточный Маныч от истока до Чограйского г/у) и 07.04.00.001, а недалеко от нее в т. 5111 – узел схождения границ водохозяйственных участков 05.01.05.002 (Калаус), 05.01.05.007 и 07.01.00. Затем после пересечения р. Маныч в месте впадения р. Калаус (т.5110) граница уходит на запад по водоразделу рр. Калаус и Маныч до т.5116 - - точки схождения границ водохозяйственных участков 05.01.05.002, 05.01.05.007 и 05.01.05.006 (Егорлык от Новотроицкого г/у до устья), от которой, отклоняясь на северо-запад и затем на север, приходит к пересечению границы Респ. Калмыкия и Ставропольского края в т.5124. Дальнейшее направление границы – северное - до т.5123, где р. Егорлык впадает в Пролетарское –в-ще. В этой точке граница меняет направление на западное, идет по водоразделу рр. Егорлык и Сред.Егорлык, в т.5126 пересекает границу Ростовской области и Краснодарского края и доходит до т.5125, где сходятся границы водохозяйственных участков 05.01.05.006, 05.01.05.007и 06.01.00.001 (Ея). Затем направление вновь меняется на северо-западное, в т.202 пересекается граница Краснодарского края и Ростовской области и после поворота на северо- восток в т.203 сходятся границы водохозяйственных участков 05.01.05.007, 05.01.05.011 (Реки бассейна Таганрогского залива от южной границы бассейна р. Дон до северной границы бассейна р. Ея) и 06.01.00.001 в верховьях р. Кугоея, а в близко расположенной к востоку т.5130 - границы водохозяйственных участков 05.01.05.007, 05.01.05.008 и 05.01.05.011. На восток от этой точки по водоразделу рр. Сред.Егорлык и Юла граница участка замыкается в т.5127."""
"""Кубань от г.Армавир до г.Усть-Лабинск без р. Лаба""","""Водохозяйственный участок 06.02.00.010 охватывает часть бассейна р. Кубань от г. Армавир до г. Усть-Лабинск без притока р. Лаба. Территория водохозяйственного участка расположена в Ставропольском и Краснодарском краях. Площадь участка составляет 5,0 тыс. км2. Расчетный створ участка расположен в т.6037 на р. Кубань у г. Усть Лабинск на границе с водохозяйственными участками 06.02.00.009 (Лаба от впадения р. Чамлык до устья) и 06.02.00.013 (Кубань от г. Усть-Лабинск до Краснодарского г/у без рр. Белая и Пшиш). От расчетного створа граница участка простирается на север до границы бассейна р. Кочеты (т.6007 - 06.01.00.003 – Кирпили) и далее в северо-восточном направлении в верховья р. Кирпили (т.6005 - схождение границ водохозяйственных участков 06.01.00.002 (Бейсуг), 06.01.00.003 и 06.02.00.010). От этой точки граница участка проходит по границе бассейна р. Кубань с одной стороны и верховьев бассейнов рек Бейсуг и Челбас с другой до т.199, где сходятся водохозяйственные участки 05.01.05.006 (Егорлык от Новотроицкого г/у до устья), 06.01.00.002 и 06.02.00.010. На этом отрезке граница участка пересекает в т.200 границу между Краснодарским и Ставропольским краями. От т.199 граница следует в юго-восточном направлении по границе бассейна р. Егорлык, проходя ряд опорных точек: т.5122 – соседство с водохозяйственным участком 05.01.05.005 (Егорлык от Егорлыкского г/у до Новотроицкого г/у), т.6030 – пересечение границы между Ставропольским и Краснодарским краями, т.5120 - соседство с водохозяйственным участком 05.01.05.004 (Егорлык от Сенгилеевского г/у до Егорлыкского г/у) и т.6031 – общая граница с водохозяйственным участком 06.02.00.006 (Кубань от г. Невинномысск до г. Армавир без р. Уруп). От т.6031 граница участка проходит в западном направлении, пересекает в т.6029 реку Кубань у г. Армавир, выходит на границу бассейна р. Чамлык (т.6040) и по этой границе следует до т.6041 схождения границ водохозяйственных участков 06.02.00.010, 06.02.00.009 (Лаба от впадения р. Чамлык до устья) и 06.02.00.008 (Чамлык). После чего по северной границе бассейна Лабы граница участка замыкается в расчетном створе."""
Самур,"""Самур берет начало из ледников и родников на высоте более 3000 м на южном склоне Самурского хребта. При впадении в Каспийское море образует дельту. Водохозяйственный участок 07.03.00.004 охватывает российскую часть бассейна р. Самур от истока до впадения в Каспийское море. Участок расположен в Республике Дагестан на границе с Азербайджаном, его площадь составляет 7 тыс. км2. От т.7071 примыкания к береговой линии Каспийского моря границы с водохозяйственным участком 07.03.00.003 (Бассейны рек Каспийского моря от границы бассейна р. Сулак до границы бассейна р. Самур) граница водохозяйственного участка 07.03.00.004 следует на юг вдоль побережья, проходя дельту р. Самур до т.259 примыкания к береговой линии Каспийского моря Государственной границы РФ с Азербайджаном. От этой точки граница водохозяйственного участка следует вдоль Государственной границы РФ, которая в значительной степени оконтуривает бассейн р. Самур, на запад до т.7069, где к ней примыкает граница с водохозяйственным участком 07.03.00.001 (Сулак от истока до Чиркейского г/у). Далее граница поворачивает на восток, проходит т.7068 схождения границ водохозяйственных участков 07.03.00.001, 07.03.00.003 и 07.03.00.004 в верховьях р. Чирагчай и замыкается в начальной точке. Абсолютные отметки береговой линии моря близки - 27м. На Самурском хребте Большого Кавказа высоты возрастают до 3600 м. По мере нарастания высоты среднегорные широколиственные леса сменяются горными ландшафтами, отличающимися сложной структурой высотной поясности."""
"""Подкумок от истока до г. Кисловодск""","""Водохозяйственный участок 07.01.00.004 охватывает бассейн р. Подкумок от истока до г. Кисловодск. Участок расположен в Карачаево-Черкесской и Кабардино-Балкарской Республиках и Ставропольским крае, его площадь составляет 1 тыс. км2. От расчетного створа на р. Подкумок ниже г. Кисловодск (т.7010) граница водохозяйственного участка 07.01.00.004 следует на юг по Джинальскому хребту до т.7011 схождения границ водохозяйственных участков 07.01.00.004, 07.01.02.005 (Подкумок от г. Кисловодск до устья) и 07.02.00.005 (Малка от истока до Кура-Марьинского канала) на границе Ставропольского края и Кабардино-Балкарской Республики, затем поворачивает на запад, пересекает границу между Кабардино-Балкарской Республикой и Ставропольским краем в т.251 и следует по водоразделу р. Кичмалка, поднимаясь на Скалистый хребет, до т.233 схождения границ водохозяйственных участков 07.01.00.004, 07.02.00.005 и 06.02.00.001 (Кубань от истока до г. Усть-Джегута), затем поворачивает на северо-восток, проходит по Скалистому хребту по водоразделу рр. Джалонкол, Эшкакон и Подкумок до т.6079 схождения границ водохозяйственных участков 07.01.00.003 (Кума от истока до впадения р. Подкумок), 07.01.00.004 и 06.02.00.001, поворачивает на северо-восток, проходит по водоразделу рр. Кума и Подкумок и их притоков Дарья и Булунта, пересекает границу между Карачаево-Черкесской Республикой и Ставропольским краем в т.7008 схождения границ водохозяйственных участков 07.01.00.003, 07.01.00.004 и 07.01.00.005. Далее граница следует на восток по водоразделу рр. Дарья и Булунта, Подкумок и Кума до замыкания в начальной точке на р. Подкумок ниже г. Кисловодск. На протяжении границы водохозяйственного участка абсолютные высоты находятся в диапазоне 700-2200 м, здесь проявляется высотная поясность в смене ландшафтов: предгорные степи, среднегорные широколиственные леса (дубовые, буковые и дубово-грабовые) и высокогорный пояс субальпийских лугов. Предгорья и межгорные котловины частично распаханы."""
"""Восточный Маныч от истока до Чограйского г/у""","""Водохозяйственный участок 07.01.00.001 охватывает бассейн р. Восточный Маныч от истока до Чограйского гидроузла. Участок расположен в Ставропольском крае и Республике Калмыкия, его площадь составляет 3,6 тыс. км2. От расчетного створа Чограйского гидроузла (т.7003) граница водохозяйственного участка следует на юго-запад, обходя оз. Довсун и проходя по водоразделу р. Кондрашкина, поднимаясь на северо-восточные отроги Ставропольской возвышенности, до т.7004 схождения границ водохозяйственных участков 07.01.00.001, 07.01.00.002 (Восточный Маныч от Чограйского г/у до устья), 07.01.00.009 (Мокрая Буйвола) и 07.01.00.010 (Кума от впадения р. Мокрая Буйвола до устья), затем поворачивает на запад и в т.7005 схождения границ водохозяйственных участков 07.01.00.001, 07.01.00.009 и 05.01.05.002 (Калаус) поворачивает на северо-восток. Граница проходит по водоразделу рр. Кучерла и Айгурка, обходит верховья р. Рагули в т.5112, пересекает границу между Республикой Калмыкия и Ставропольским краем (т.196) у верховья р. Калаус, проходит последовательно т.5111 схождения границ водохозяйственных участков 07.01.00.001, 05.01.05.002 и 05.01.05.007 (Маныч от истока до Пролетарского г/у без рр. Калаус и Егорлык), т.195 схождения границ водохозяйственных участков 07.01.00.001, 05.01.05.007 и 07.04.00.001 (Бессточные территории междуречья Терека, Дона и Волги), т.7002 схождения границ водохозяйственных участков 07.01.00.001, 07.01.00.002 и 07.04.00.001, поворачивает на юг и замыкается в начальной точке. Абсолютные высоты местности достаточно резко меняются - от 24-26 м у Чограйского водохранилища до 307 м на отрогах Ставропольской возвышенности, рельеф местности также изменяется в соответствии в высотами: от однообразно плоского, слегка волнистого с незначительными относительными колебаниями высот до пересеченного. На всей территории господствуют сухостепные ландшафты, значительная часть территории распахана."""
Ея,"""Водохозяйственный участок 06.01.00.001 охватывает бассейн р. Ея и другие реки бассейна Ейского лимана. Основная часть территории водохозяйственного участка расположена в Краснодарском крае. Площадь участка составляет 9,5 тыс. км2. Ея впадает в Ейский лиман Азовского моря в т.6001. Отсюда граница водохозяйственного участка следует на северо-восток по побережью Ейского лимана до точки примыкания к береговой линии Таганрогского залива Азовского моря на границе Краснодарского края и Ростовской области (т.206)на границе с водохозяйственным участком 05.01.05.011 - Реки бассейна Таганрогского залива от южной границы бассейна р. Дон до северной границы бассейна р. Ея. От этой точки граница участка простирается в юго-восточном направлении по водоразделу рек Ея и Ср. Чубурка, далее она поворачивает на восток и следует в этом направлении до т.203, пересекая административную границу Краснодарского края и Ростовской области в т.205 и т.204. Этот отрезок границы является водоразделом рек Кугоея (бассейн р. Ея) и Эльбузд (бассейн Дона). Граница пересекает обширные пространства Кубано-Приазовской низменности, которые характеризуются равнинностью рельефа, сглаженностью междуречий и расчлененностью территории долинами рек с плоскими днищами. Абсолютные отметки высот увеличиваются по мере удаления от морского побережья от 0 до 100 м. Здесь распространены степные и лугово- степные ландшафты Западно-Предкавказской провинции степной зоны Русской равнины. Большая часть территории распахана. В т.203–схождения границ водохозяйственных участков 06.01.00.001, 05.01.05.011 и 05.01.05.007 (Маныч от истока до Пролетарского г/у без рр. Калаус и Егорлык) - граница резко меняет направление на юго-восточное, в верховьях рек Кавалерка и Сред.Егорлык проходит т.5125 – точку схождения границ водохозяйственных участков 05.01.05.006 (Егорлык от Новотроицкого г/у до устья), 05.01.05.007 и 06.01.00.001, и в южном направлении в верховьях р. Корсун – точку т.6002 - схождения границ водохозяйственных участков 06.01.00.001, 06.01.00.002 (Бейсуг) и05.01.05.006. Следуя от этой точки в северо-западном направлении по водоразделу бассейнов рек Челбас и Сосыка, граница водохозяйственного участка выходит на побережье Азовского моря (т.6003) и далее по берегу Ейского лимана замыкается в точке расчетного створа (т.6001)."""
"""Терек от впадения р. Урух до впадения р. Малка""","""Водохозяйственный участок 07.02.00.004 охватывает часть бассейна р. Терек от впадения р. Урух до впадения р. Малка. Участок расположен в Республиках Кабардино-Балкария и Северная Осетия – Алания, его площадь составляет 2;4 тыс. км2. От расчетного створа на р. Терек выше впадения р. Малка (т.7042) и схождения границ водохозяйственных участков 07.02.00.004, 07.02.00.008 (Малка от Кура-Марьинского канала до устья без р. Баксан) и 07.02.00.009 (Терек от впадения р. Малка до г. Моздок) граница водохозяйственного участка 07.02.00.004 следует на юг, выходит на хребет Арик к т.7040 схождения границ водохозяйственных участков 07.02.00.003 (Терек от впадения р. Урсдон до впадения р. Урух), 07.02.00.004 и 07.02.00.009, поворачивает на запад, пересекает р. Терек выше впадения р. Урух (т.7039), следует по водоразделу рр. Урух и Терек, пересекая в т.7041 границу между Республикой Кабардино-Балкария и Республикой Северная Осетия – Алания, проходит далее до верховьев р. Урсдон (т.7033 схождения границ водохозяйственных участков 07.02.00.001 (Ардон), 07.02.00.003 и 07.02.00.004), и достигает т.7032 примыкания к Государственной границе РФ с Грузией на границе с водохозяйственным участком 07.02.00.001. От этой точки граница водохозяйственного участка 07.02.00.004 следует вдоль Государственной границы РФ на запад вдоль Скалистого хребта до т.257 примыкания к ней границы с водохозяйственным участком 07.02.00.006 (Черек). Далее граница поворачивает на север, проходит по водоразделу рр. Хазнидон и Псыгансу, проходит две находящиеся очень близко друг от друга точки т.7044 схождения границ водохозяйственных участков 07.02.00.004, 07.02.00.006 и 07.02.00.007 (Баксан без р. Черек) и т.7045 схождения границ водохозяйственных участков 07.02.00.004, 07.02.00.007 и 07.02.00.008, после чего поворачивает на восток и замыкается в начальной точке. Ниже альпийского и субальпийского пояса северные склоны Кавказского хребта, заканчивая предгорьями, покрыты лесной растительностью (лиственной и хвойной); северная часть территории характеризуется лесостепными ландшафтами."""
"""Терек от впадения р. Урсдон до впадения р. Урух""","""Водохозяйственный участок 07.02.00.003 охватывает часть бассейна р. Терек от впадения р. Урсдон до впадения р. Урух. Участок расположен в Республиках Кабардино-Балкария и Северная Осетия – Алания, его площадь составляет 1,5 тыс. км2. От расчетного створа на р.Терек в месте впадения р.Урух (т.7039) граница водохозяйственного участка 07.02.00.003 следует на восток, проходит т.7040 схождения границ водохозяйственных участков 07.02.00.003, 07.02.00.004 (Терек от впадения р. Урух до впадения р. Малка) и 07.02.00.009 (Терек от впадения р. Малка до г. Моздок), затем поворачивает на юг, выходит на Унженский хребет к т.7034 схождения границ водохозяйственных участков 07.02.00.002 (Терек от истока до впадения р. Урсдон без р. Ардон), 07.02.00.003 и 07.02.00.009, пересекает р.Терек в месте впадения р. Урсдон – т.7030 схождения границ водохозяйственных участков 07.02.00.001 (Ардон), 07.02.00.002 и 07.02.00.003, проходит по северным отрогам Скалистого хребта по водоразделу рр. Урсдон и Ардон до т.7033 схождения границ водохозяйственных участков 07.02.00.001, 07.02.00.003 и 07.02.00.004, затем поворачивает на север, пересекает границу между Кабардино-Балкарской Республикой и Республикой Северная Осетия – Алания в т.7041 на водоразделе рр. Терек и Урух и замыкается в начальной точке. В ландшафтной структуре территории проявляется высотная поясность: предгорные лесостепи сменяются среднегорными широколиственными лесами, выше 2500 м располагаются субальпийские луга."""
"""Сухая Кума""","""Водохозяйственный участок 07.01.00.011 охватывает бассейн р. Сухая Кума от истока до устья (теряется в песках). Участок расположен в Ставропольском крае и Республике Дагестан, его площадь составляет 7 тыс. км2. От т.7024 схождения границ водохозяйственныхучастков 07.01.00.011, 07.01.00.013 (Водные объекты междуречья Терека и Сухой Кумы) и 07.02.00.016 (Дельта р. Терек), возле которой у оз. Солончак Бол. Маныч теряется в песках устье р. Сухая Кума, граница водохозяйственного участка 07.01.00.011 следует на запад по Ногайской степи Прикаспийской низменности, пересекает границу между Ставропольским краем и Республикой Дагестан в т.7025, далее проходит т.7026 схождения границ водохозяйственных участков 07.01.00.011, 07.01.00.012 (Кура) и 07.01.00.013, затем следует по водоразделу рр. Горькая Балка и Кура, поднимаясь по восточному склону Ставропольской возвышенности до т.7014 схождения границ водохозяйственных участков 07.01.00.006 (Кума от впадения р. Подкумок до Отказненского г/у), 07.01.00.011 и 07.01.00.012. От этой точки граница поворачивает на северо-восток, последовательно проходит т.7017 схождения границ водохозяйственных участков 07.01.00.006, 07.01.00.007 (Кума от Отказненского г/у до г. Зеленокумск) и 07.01.00.011, т.7019 схождения границ водохозяйственных участков 07.01.00.007, 07.01.00.008 (Кума от г. Зеленокумск до впадения р. Мокрая Буйвола) и 07.01.00.011, т.7022 схождения границ водохозяйственных участков 07.01.00.008, 07.01.00.010 (Кума от впадения р. Мокрая Буйвола до устья) и 07.01.00.011, далее вновь спускается на Прикаспийскую низменность, пересекая в т.7027 границу между Ставропольским краем и Республикой Дагестан, после чего выходит на побережье Каспийского моря в т.245 схождения границ водохозяйственных участков 07.01.00.010, 07.01.00.011 и 07.02.00.016, откуда в юго-западном направлении замыкается в начальной точке. Для территории характерны полупустынные ландшафты с массивами бугристых песков, солончаками и небольшими солёными озёрами; на западе водохозяйственного участка сформировались сухостепные и степные ландшафты. На побережье Каспийского моря – заросли тростника."""
"""Кума от истока до впадения р. Подкумок""","""Водохозяйственный участок 07.01.00.003 охватывает бассейн р. Кума от истока до впадения в нее правобережного притока р. Подкумок. Участок расположен в Ставропольском крае и Карачаево-Черкесской Республике, его площадь составляет 3,4 тыс. км2. От расчетного створа на р. Кума в месте впадения р. Подкумок (т.7007) и схождения границ водохозяйственных участков 07.01.00.003, 07.01.00.005 (Подкумок от г. Кисловодск до устья) и 07.01.00.006 (Кума от впадения р. Подкумок до Отказненского г/у) граница водохозяйственного участка 07.01.00.003 следует на юго-запад по Ставропольской возвышенности по водоразделу рр. Кума и Подкумок, проходя водоразделы их притоков рр. Булунта и Дарья, на хребте Боргустан пересекает границу между Карачаево-Черкесской Республикой и Ставропольским краем в т.7008 схождения границ водохозяйственных участков 07.01.00.003, 07.01.00.004 (Подкумок от истока до г. Кисловодск) и 07.01.00.005, и достигает на Скалистом хребте Северного Кавказа т.6079 схождения границ водохозяйственных участков 07.01.00.003, 07.01.00.004 и 06.02.00.001 (Кубань от истока до г. Усть-Джегута), изменяет направление движение на преимущественно северное, проходит т.6011 схождения границ водохозяйственных участков 07.01.00.003, 06.02.00.001 и 06.02.00.004 (Кубань от г. Усть-Джегута до г. Невинномысск без рр. Б. и М. Зеленчук), с высокогорной части Кавказа граница спускается по северному склону, на Пастбищном хребте пересекает границу между Карачаево-Черкесской Республикой и Ставропольским краем в т.232 у истока р. Тамлык, выходит на Ставропольскую возвышенность, пересекает Большой Ставропольский канал, огибает оз. Кубанское, снова пересекает границу между Карачаево-Черкесской Республикой и Ставропольским краем в т.231, проходит т.6024 схождения границ водохозяйственных участков 07.01.00.003, 06.02.00.004 и 06.02.00.006 (Кубань от г. Невинномысск до г. Армавир без р. Уруп), огибает оз. Красное и достигает т.197 схождения границ водохозяйственных участков 07.01.00.003, 05.01.05.002 (Калаус) и 06.02.00.006. От этой точки граница следует на юго-восток, проходит т.7009 схождения границ водохозяйственных участков 07.01.00.003, 07.01.00.006 (Кума от впадения р. Подкумок до Отказненского г/у) и 05.01.05.002, следует по водоразделу рр. Суркуль и Широкий до замыкания в начальной точке. Абсолютные высоты резко возрастают по мере движения границы от Ставропольской возвышенности к хребтам Кавказа (от 234 до 2028 м), рельеф территории изменяется от возвышенного и низкогорного до высокогорного. Северная часть границы водохозяйственного участка проходит по сухим степям, по мере движения на юг сухостепные ландшафты сменяются степными и далее лесами предгорий. На хребтах Северного Кавказа развита высокогорная поясность: ниже альпийского и субальпийского пояса северные склоны Кавказского хребта, заканчивая предгорьями, покрыты лесной растительностью (лиственной и хвойной)."""
"""Реки бассейна Черного моря от западной границы бассейна р.Шепси до р. Псоу (граница РФ с Грузией)""","""Водохозяйственный участок 06.03.00.003 охватывает реки бассейна Черного моря от западной границы бассейна р. Шепси до р. Псоу (граница РФ с Грузией). Водохозяйственный участок полностью расположен в Краснодарском крае и занимает район Большого Сочи – территорию строительства объектов инфраструктуры Зимних Олимпийских Игр 2014. Площадь участка составляет 3,6 тыс. км2. От т.240 на берегу Черного моря на Государственной границе РФ с Грузией граница водохозяйственного участка проходит по побережью Черного моря в северо-западном направлении до западной границы бассейна р. Шепси (т.6077 – граница с водохозяйственным участком 06.03.00.002 - реки бассейна Черного моря от западной границы бассейна р. Пшада до восточной границы р. Дедеркай). На этом отрезке в море впадают реки Мзымта, Хоста, Сочи, Дагомыс, Шахе, Псезуапсе, Шепси и др. Большая часть отрезка границы проходит вдоль южных отрогов Кавказского хребта. Рельеф территории низкогорный, отличающийся сильным эрозионным расчленением. Горы круто обрываются к морю и отделяются от него узкой полосой галечникового пляжа. Береговая линия осложнена бухтами. Речные долины глубокие и узкие. Здесь господствуют средиземноморские лесные ландшафты. От т.6077 граница от побережья поднимается в горы по водоразделу бассейнов рек Дедеркай и Шепси до т.6076 (схождение границ водохозяйственных участков 06.02.00.012 - Пшиш, 06.03.00.003 и 06.03.00.002). От этой точки граница уходит на юго-восток и по отрогам хребтов Большого Кавказа, разделяя верховья рек бассейна Черного моря и левых притоков р. Кубань, выходит к верховьям р. Мзымта в т.235, где она примыкает к Государственной границе РФ с Республикой Грузия на границе Карачаево-Черкесской Республики и Краснодарского края на границе с водохозяйственным участком 06.02.00.007 (Лаба от истока до впадения р. Чамлык). На этом отрезке граница участка проходит ряд опорных точек, где к ней примыкают водохозяйственные участки бассейна р. Кубань - т.6043 (06.02.00.011 - Белая), т.236 (пересечение границы Краснодарского края и Республики Адыгея) и т.6033 (06.02.00.007). От т.235 граница участка по р. Псоу на Государственной границе РФ с Республикой Грузия спускается к побережью Черного моря и замыкается в исходной точке (т.240)."""
"""Кума от впадения р. Подкумок до Отказненского г/у""","""Водохозяйственный участок 07.01.00.006 охватывает бассейн р. Кума от впадения р. Подкумок до Отказненского гидроузла. Участок расположен в Ставропольском крае и Карачаево-Черкесской Республике, его площадь составляет 2,5 тыс. км2. От расчетного створа Отказненского гидроузла (т.7013) граница водохозяйственного участка 07.01.00.006 следует на юг, проходя т.7017 схождения границ водохозяйственных участков 07.01.00.006, 07.01.00.007 (Кума от Отказненского г/у до г. Зеленокумск) и 07.01.00.011 (Сухая Кума), а затем проходит по водоразделу рр. Горькая Балка и Золка до т.7014 схождения границ водохозяйственных участков 07.01.00.006, 07.01.00.011 и 07.01.00.012 (Кура). Далее граница движется в том же на направлении, пересекает границу между Ставропольским краем и Кабардино-Балкарской Республикой в т.250 схождения границ водохозяйственных участков 07.02.00.005 (Малка от истока до Кура-Марьинского канала), 07.01.00.006 и 07.01.00.012, проходит по водоразделу рр. Малка и Золка к т.7015 схождения границ водохозяйственных участков 07.01.00.005, 07.01.00.006 и 07.02.00.005, после чего поворачивает на северо-восток, снова пересекает границу между Ставропольским краем и Кабардино-Балкарской Республикой в т.7012, проходит т.7007 впадения р. Подкумок в р. Кума и схождения границ водохозяйственных участков 07.01.00.003 (Кума от истока до впадения р. Подкумок), 07.01.00.005 (Подкумок от г. Кисловодск до устья) и 07.01.00.006, и далее поворачивает на северо-запад, проходя по водоразделу р. Суркуль к т.7009 схождения границ водохозяйственных участков 07.01.00.003, 07.01.00.006 и 05.01.05.002 (Калаус). От последней точки граница следует на юго-восток по водоразделу р. Сухой Карамык до замыкания в начальной точке. Большая часть территории водохозяйственного участка лежит на Ставропольской возвышенности с абсолютными высотами 180-500 м, занятой степями, лишь южная часть характеризуется среднегорным рельефом с абсолютными высотами до 1400 м и лесными ландшафтами."""
"""Острова Восточно-Сибирского моря в пределах внутренних морских вод и территориального моря РФ, прилегающего к береговой линии гидрографической единицы 19.01.04 (вкл. Медвежьи о-ва)""","""Водохозяйственный участок 19.01.04.100 включает водные объекты островов Восточно- Сибирского моря в пределах внутренних морских вод и территориального моря РФ, прилегающего к береговой линии гидрографической единицы 19.01.04. В водохозяйственный участок включены Медвежьи острова. Площадь островов составляет 0.3 тыс. км2. Граница водохозяйственного участка проходит по береговой линии островов."""
"""Терек от впадения р. Малка до г. Моздок""","""Водохозяйственный участок 07.02.00.009 охватывает часть бассейна р. Терек от впадения в него р. Малка до г. Моздок. Участок расположен в Республиках Ингушетия, Северная Осетия – Алания, Кабардино-Балкария и Ставропольском крае, его площадь составляет 1,9 тыс. км2. От расчетного створа на р. Терек ниже г. Моздок (т.7050) граница водохозяйственного участка 07.02.00.009 следует по восточному склону Ставропольской возвышенности на юг, далее поднимается на Терский хребет Северного Кавказа, подходит к т.7055 схождения границ водохозяйственных участков 07.02.00.009, 07.02.00.010 (Терек от г. Моздок до впадения р Сунжа) и 07.02.00.014 (Водные объекты междуречья Терека и Сунжи (Алханчуртский канал) на границе между Республиками Ингушетия и Северная Осетия – Алания, затем делает петлю в юго-западном направлении, поднимается на Сунженский хребет к т.7035 схождения границ водохозяйственных участков 07.02.00.002 (Терек от истока до впадения р. Урсдон без р. Ардон), 07.02.00.009 и 07.02.00.014 на границе между Республиками Ингушетия и Северная Осетия – Алания, и по этому хребту достигает т.7034 схождения границ водохозяйственных участков 07.02.00.002, 07.02.00.003 (Терек от впадения р. Урсдон до впадения р. Урух) и 07.02.00.009, в которой поворачивает на север. Двигаясь в этом направлении, граница проходит т.7040 схождения границ водохозяйственных участков 07.02.00.003, 07.02.00.004 (Терек от впадения р. Урух до впадения р. Малка) и 07.02.00.009, выходит на Ставропольскую возвышенность, затем пересекает р. Малка в месте ее впадения в р. Терек – т.7042 схождения границ водохозяйственных участков 07.02.00.004, 07.02.00.008 (Малка от Кура-Марьинского канала до устья без р. Баксан) и 07.02.00.009 и достигает т.7049 схождения границ водохозяйственных участков 07.02.00.008, 07.02.00.009 и 07.01.00.012 (Кура). От этой точки граница поворачивает на восток, пересекает границу между Кабардино-Балкарской Республикой и Ставропольским краем в т.248, проходит т.7051 схождения границ водохозяйственных участков 07.01.00.012, 07.02.00.009 и 07.02.00.010, поворачивает на юг, пересекает границу между Ставропольским краем и Республикой Северная Осетия – Алания, и замыкается в начальной точке. В пределах Ставропольской возвышенности отмечается высокая степень расчленения территории оврагами, балками, долинами временных водотоков. Равнинная часть и пологая предгорная равнина Среднего Предкавказья характеризуются ландшафтами степной зоны с плодородными черноземными почвами (в значительной степени распаханы). Зональным типом ландшафтов являются разнотравно-злаковые степные формации. Наиболее высокие водоразделы покрыты широколиственными лесами."""
"""Волга от г.Тверь до Иваньковского г/у (Иваньковское в-ще)""","""Водохозяйственный участок 08.01.01.007 охватывает Иваньковское водохранилище и бассейны его боковых притоков до расчетного замыкающего створа у Иваньковского г/у – т.8020. Площадь водохозяйственного участка составляет 9,6 тыс. км2. От точки замыкающего створа граница участков 08.01.01.007 и 08.01.01.008 (Волга от Иваньковского г/у до Угличского г/у (Угличское в-ще) простирается на юго-запад, дважды пересекая административную границу Московской и Тверской областей, достигает т.9056 – точки схождения границ водохозяйственных участков 09.01.01.014 (Истра от истока до Истринского г/у), 08.01.01.008 и 08.01.01.007 на водоразделе рр. Черная и Липня. От этой точки граница участков 09.01.01.014 и 08.01.01.007 продолжается на юго-запад и проходит через две точки -сначала т.9051, в которой сходятся границы водохозяйственных участков 09.01.01.012 (Озерна от истока до Озернинского г/у), 09.01.01.014 и 08.01.01.007, затем т.9048, в которой сходятся границы водохозяйственных участков 09.01.01.011 (Руза от истока до Рузского г/у), 09.01.01.012 и 08.01.01.007. Далее граница идет на северо-запад по водоразделу бассейнов рр. Шоша, Лама и Руза до т.8019 – точки схождения границ водохозяйственных участков 08.01.01.006 (Волга от г. Зубцов до г. Тверь без р. Тверца), 08.01.01.007 и 09.01.01.011 и в соседней точке на северо- запад (т.8018) пересекает административную границу Тверской и Московской областей. Плавно огибая верховья бассейна р. Шоша, граница участков 08.01.01.007 и 08.01.01.006 поворачивает сначала на север, затем северо-восток и восток и по водоразделу рр. Тьмака и Вязьма приходит в т.8017, где пересекается р. Волга. В г. Твери граница проходит через устье р. Тверца, где в т.8014 сходятся границы водохозяйственных участков 08.01.01.005 (Тверца от истока (Вышневолоцкий г/у) до г. Тверь), 08.01.01.006 и 08.01.01.007. и по водоразделу р. Тверца и обширных болотных массивов на восток от г. Тверь достигает т.8016, где сходятся границы водохозяйственных участков 08.01.01.005, 08.01.01.007 и 08.01.01.008. Здесь граница поворачивает на восток, идет по водоразделу Иваньковского в-ща и р. Медведицы и, отклоняясь на юго-восток, возвращается в замыкающий створ – т.8020."""
"""Рыбинское в-ще до Рыбинского г/у и впадающие в него реки без рр.Молога, Суда и Шексна от истока до Шекснинского г/у""","""Водохозяйственный участок 08.01.02.004 включает бассейн Рыбинского в-ща без основных притоков – рр. Шексна, Суда и Молога с замыкающим расчетным створом в т.296 – Рыбинский г/у. Площадь водохозяйственного участка составляет 22,2 тыс. км2. От точки замыкающего створа граница идет до т.681, в которой сходятся границы водохозяйственных участков 08.01.01.009 (Волга от Угличского г/у до начала Рыбинского в-ща), 08.01.03.002 (Волга от Рыбинского г/у до г. Кострома без р. Кострома от истока до в/п Исады) и 08.01.02.004, далее граница участков 08.01.02.004 и 08.01.01.009 простирается на запад до т.295, в которой пересекает Волжский плес Рыбинского водохранилища, поворачивает на юго-запад, идет по водоразделу рр. Сить и Сутка, проходит административную границу Ярославской и Тверской областей в т.298 и достигает т.8024 – точки схождения границ водохозяйственных участков 08.01.01.009, 08.01.02.001 (Молога) и 08.01.02.004. Отсюда граница резко разворачивается на северо-восток, пересекает административную границу Тверской и Ярославской областей в т.8028, от которой идет на северо-запад до Новгородской области и после пересечения границы областей в т.8027 поворачивает на восток по водоразделу рр. Молога и Звана. В т.8026 пересекается граница областей Новгородской и Тверской, а в т.8025 р. Молога, после которой в т.8031 вблизи оз. Колоденское граница участка проходит узел схождения границ водохозяйственных участков 08.01.02.001, 08.01.02.002 (Суда) и 08.01.02.004. Далее граница участков продолжает следовать в восточном направлении, отклоняясь на северо-восток и проходя устье р. Суда (т.8032), в истоке р. Ягорба доходит до т.8033 – точки схождения границ водохозяйственных участков 08.01.02.002, 08.01.02.003 (Шексна от истока (вкл. Оз. Белое) до Череповецкого г/у) и 08.01.02.004. Здесь граница участков 08.01.02.004 и 08.01.02.003 огибает верховья рр. Ягорба и Конома, проходит устьевой участок р. Шексна (т.8034) и в т.8035 обозначает схождение границ водохозяйственных участков 03.02.01.003 (Малая Северная Двина без рр. Юги Сухона (от истока до Кубенского г/у), 08.01.02.003 и 08.01.02.004. Затем граница следует на юго-восток, разделяя бассейны рр. Вологда, Тошня, Согожа, в т.105 пересекает административную границу Вологодской и Ярославской областей, проходит т.104, где сходятся границы водохозяйственных участков 08.01.02.004, 08.01.03.001 и 03.02.01.003 и доходит до т.299 – точки пересечения границы Ярославской и Вологодской обл. вблизи точки схождения границ водохозяйственных участков 08.01.02.004, 08.01.03.001 и 08.01.03.002 (Волга от Рыбинского г/у до г. Кострома без р. Кострома от истока до в/п д.Исады). От этой точки граница огибает верховья р. Соть, резко уходит на юг до т.300 и далее по водоразделу рр. Волга и Ухра в западном направлении возвращается к расчетному створу – т.296."""
"""Сулак от Чиркейского г/у до устья""","""Водохозяйственный участок 07.03.00.002 охватывает нижнюю часть бассейна р. Сулак от Чиркейского гидроузла до впадения в Каспийское море. Участок расположен в Чеченской Республике и Республике Дагестан, его площадь составляет 3,2 тыс. км2. От т.252 примыкания к береговой линии Каспийского моря границы с водохозяйственным участком 07.02.00.016 (Дельта р. Терек) граница водохозяйственного участка 07.03.00.002 следует на юг вдоль Каспийского побережья до т.7070 примыкания к нему границы с водохозяйственным участком 07.03.00.003 (Бассейны рек Каспийского моря от границы бассейна р. Сулак до границы бассейна р. Самур). От этой точки граница следует на запад вглубь материка, проходит т.7067 схождения границ 07.03.00.001 (Сулак от истока до Чиркейского г/у), 07.03.00.002 и 07.03.00.003, пересекает р. Сулак по створу Чиркейского гидроузла (т.7066), следует далее до т.7062 схождения границ водохозяйственных участков 07.03.00.001, 07.03.00.002 и 07.02.00.013 (Сунжа от впадения р. Аргун до устья). В этой точке граница поворачивает на север, проходит т.7061 схождения границ водохозяйственных участков 07.02.00.013, 07.02.00.015 (Терек от впадения р Сунжа до Каргалинского г/у) и 07.03.00.002 на водоразделе р. Аксай, затем пересекает границу между Чеченской Республикой и Республикой Дагестан (т.253), проходит т.7064 схождения границ водохозяйственных участков 07.02.00.015, 07.02.00.016 и 07.03.00.002, после чего замыкается в начальной точке. Абсолютные отметки береговой линии моря близки -27 м. На западном участке границы на отрогах хребтов Большого Кавказа высоты возрастают до 2100 м. Прибрежная территория характеризуется господством ландшафтов глинисто-суглинистой морской равнины, осложненной соляными озерами, солончаковатыми западинами. По мере нарастания высоты на пологой предгорной равнине господствуют степные ландшафты, выше среднегорные широколиственные леса."""
"""Ока от г. Коломна до г. Рязань""","""Водохозяйственный участок 09.01.01.020 охватывает среднюю часть бассейна р. Ока на территории Московской и Рязанской областей от г. Коломна и замыкается в расчетном створе на р. Ока у г. Рязань (т.9075). Площадь водохозяйственного участка составляет 6,0 тыс. км2. От т.9075 граница между водохозяйственными участками 09.01.01.020 и 09.01.01.022 (Ока от г. Рязань до в/п с. Копоново без р. Проня) уходит на юго-запад, огибая бассейн р. Павловка – приток р. Ока и направляется на запад до т.9076, в которой сходятся границы водохозяйственных участков 09.01.01.020 и 09.01.01.022 и 09.01.01.021 (Проня). Далее граница между участками 09.01.01.020 и 09.01.01.021 продолжает перемещаться к западу по водоразделу между бассейном р. Проня и верховьями р. Плетенка до т.9073, где сходятся границы участков 09.01.01.020 и 09.01.01.021 и 09.01.01.019 (Ока от г. Кашира до г. Коломна без р. Москва). Резко повернув к северу, граница участка огибает с запада верховья р. Вожа, пересекает в т.9072 границу между Московской и Рязанской областями и следует в направлении г. Коломны по водоразделу рр. Ока и Осетр в т.9071 (расчетный створ на р. Ока ниже г. Коломна). На незначительном расстоянии к северу от т.9071 граница проходит через т.9070, где стыкуются участки 09.01.01.020, 09.01.01.019 и 09.01.01.018 (Москва от в/п Заозерье до г. Коломна). От т.9070 граница участка немного отклоняется к северо- востоку и по водоразделу между бассейнами р. р. Москва и Цна достигает т.9069, в которой пересекаются границы водохозяйственных участков 09.01.01.018, 09.01.01.020 и 09.01.03.007 (Клязьма от г. Орехово-Зуево до г. Владимир). Описав к югу небольшую дугу по границе верховьев р. Поля (правого притока р. Клязьма), граница приходит в т.9077 где сходятся границы участков 09.01.01.020, 09.01.03.007и 09.01.01.023 (Ока от в/п с. Копоново до впадения р. Мокша). Отсюда направление границы меняется на южное до т.9078, где пересекается административная граница между Московской и Рязанской областями. Немного отступив к востоку, граница участка продолжает перемещаться к югу по водоразделу между бассейнами р. р. Солотча и Пра и достигает т.9079, в которой сходятся границы участков 09.01.01.020, 09.01.01.023 и 09.01.01.022. Отсюда к югу граница замыкается в расчетном створе на р. Ока у г. Рязань (т.9075)."""
"""Волга от Рыбинского г/у до г.Кострома без р.Кострома от истока до в/п д.Исады""","""Водохозяйственный участок 08.01.03.002 включает верхний участок Горьковского водохранилища и бассейны его боковых притоков до замыкающего расчетного створа ниже г. Кострома - т.8040. Площадь водохозяйственного участка составляет 17,3 тыс. км2. От точки замыкающего створа граница участков 08.01.03.002 и 08.01.03.004 (Волга от г. Кострома до Горьковского г/у (Горьковское в-ще) без р. Унжа) следует на юг, пересекает границу Ивановской и Костромской областей и приходит в т.9120 – точку схождения границ водохозяйственных участков 09.01.03.010 (Уводь), 09.01.03.011 (Клязьма от г. Ковров до устья без р. Уводь), 08.01.03.002 и 08.01.03.004, от которой следует на запад к истоку р. Ухтохма, где в т.9116 сходятся границы водохозяйственных участков 09.01.03.008 (Нерль), 09.01.03.010 и 08.01.03.002. Отсюда граница идет на запад, пересекает границу Ивановской и Ярославской областей, с юга обходит оз. Неро и плавно поворачивает на северо-запад вдоль бассейна р. Нерль до т.282, в которой сходятся границы водохозяйственных участков 08.01.01.008 (Волга от Иваньковского до Угличского г/у), 08.01.03.002 и 09.01.03.008. Северо-западное направление границы сохраняется до верховьев р. Которосль (т.297). Здесь граница резко поворачивает на северо-восток, проходит т.8022, в которой сходятся границы водохозяйственных участков 08.01.01.008, 08.01.01.009 (Волга от Угличского г/у до начала Рыбинского в-ща) и 08.01.03.002, и следует по водоразделу бассейнов рр. Юхоть и Которосль. Затем граница поворачивает на север до точки т.681 - точки схождения границ водохозяйственных участков 08.01.01.009, 08.01.02.004 (Рыбинское в-ще до Рыбинского г/у и впадающие в него реки без рр. Молога, Суда и Шексна до Шекснинского г/у) и 08.01.03.002 недалеко от Рыбинского гидроузла. Далее граница поворачивает на восток, затем плавно на юго- восток и по водоразделу Горьковского в-ща и р. Ухра достигает у истока р. Ухра т.300. От этой точки граница участков 08.01.03.002 и 08.01.02.004 идет на север до т.299 – точки пересечения границы Ярославской и Вологодской обл. вблизи точки схождения границ водохозяйственных участков 08.01.02.004, 08.01.03.001 и 08.01.03.002, резко поворачивает на юг, следует по водоразделу рр. Обнора и Соть, затем пересекает севернее Костромского расширения Горьковского в-ща границу Ярославской и Костромской областей и р. Кострома в устье (т.8036) и достигает т.8039 – точки схождения границ водохозяйственных участков 08.01.03.001, 08.01.03.002 и 08.01.03.004. Далее, сделав резкую петлю вокруг истока р. Меза, граница следуя на северо-запад замыкается в расчетном створе – т.8040."""
"""Баксан без р. Черек""","""Водохозяйственный участок 07.02.00.007 охватывает бассейн р. Баксан от истока до устья, исключая бассейн р. Черек. Участок расположен в Кабардино-Балкарской Республике, его площадь составляет 3,7 тыс. км2. От расчетного створа на р. Баксан в месте его впадения в р. Малка (т.7044 схождения границ водохозяйственных участков 07.02.00.004 (Терек от впадения р. Урух до впадения р. Малка), 07.02.00.006 (Черек) и 07.02.00.007) граница водохозяйственного участка 07.02.00.007 следует на юго-запад, поднимаясь на хребты Большого Кавказа, по водоразделу рр. Баксан и Черек до т.7048 примыкания к Государственной границе РФ с Грузией границы с водохозяйственным участком 07.02.00.006. Далее граница следует на запад вдоль Государственной границы РФ до т.234 примыкания к ней границы с водохозяйственным участком 06.02.00.001 (Кубань от истока до г. Усть-Джегута) и границы между Республиками Карачаево-Черкессия и Кабардино-Балкария. От этой точки граница водохозяйственного участка поворачивает на север, проходит близ вершины г. Эльбрус т.6078 схождения границ водохозяйственных участков 07.02.00.005 (Малка от истока до Кура-Марьинского канала), 07.02.00.007 и 06.02.00.001, и далее следует в восточном направлении по водоразделу рр. Баксан и Малка, проходит т.7047 схождения границ водохозяйственных участков 07.02.00.005, 07.02.00.007 и 07.02.00.008 (Малка от Кура-Марьинского канала до устья без р. Баксан), затем т.7045 схождения границ водохозяйственных участков 07.02.00.004, 07.02.00.007 и 07.02.00.008, после чего замыкается в начальной точке. Территория водохозяйственного участка характеризуется большой амплитудой абсолютных высот: от 190 м в долине Баксана до 5625 м на Эльбрусе. Центральное положение на Кавказе, а также исключительное разнообразие рельефа, температуры, увлажнения способствуют развитию самых разнообразных ландшафтов. Мощный пояс хвойных лесов сменяется неширокой полосой древесно-кустарниковых редколесий, которые постепенно переходят в пояс субальпийских, а затем и альпийских лугов. Последние непосредственно примыкают к снежникам и фирновым полям. Долины и нижние части склонов до высоты 2600-2700 м покрыты высокоствольными сосновыми лесами. На местах схода лавин распространены леса из мелколиственных пород: березы, рябины, осины, черемухи."""
"""Кострома от истока до в/п д. Исады""","""Водохозяйственный участок 08.01.03.001 включает бассейн р. Кострома от истока до замыкающего расчетного створа у в/п Исады - т.8036. Площадь водохозяйственного участка составляет 15,7 тыс. км2. От точки замыкающего створа граница участков 08.01.03.001 и 08.01.03.002 (Волга от Рыбинского г/у до г. Кострома без р. Кострома от истока до в/п Исады) простирается на север по водоразделу рр. Соть и Обнора до т.299 – точки пересечения границы Ярославской и Вологодской обл. вблизи точки схождения границ водохозяйственных участков 08.01.02.004 (Рыбинское в-ще до Рыбинского г/у и впадающие в него реки без рр. Молога, Суда и Шексна до Шекснинского г/у), 08.01.03.001 и 08.01.03.002, далее отклоняется на северо-восток до т.104, где сходятся границы водохозяйственных участков 08.01.02.004, 08.01.03.001 и 03.02.01.003 (Малая Северная Двина без рр. Юг и Сухона (от истока до Кубенского г/у)). От этой точки граница резко поворачивает на юго-восток, огибая верховья р. Обнора, и по водоразделу рр. Обнора и Лежа приходит в т.103 – точку пересечения границ Костромской, Вологодской и Ярославской обл. Отсюда вокруг истока р. Лежа граница вновь простирается на север к истоку р. Шингарь, делает петлю вокруг верховьев бассейна р. Монза и уходит на юго-восток к т.102, в которой пересекает границу Вологодской и Костромской областей, и далее к т.8037, где сходятся границы водохозяйственных участков 08.01.03.001, 08.01.03.003 (Унжа) и 03.02.01.003. Здесь граница меняет направление на юго-западное проходит вблизи оз. Чухломское, оставляя его внутри участка, и южнее г. Галич и оз. Галичского достигает т.8038 – точки схождения границ водохозяйственных участков 08.01.03.001, 08.01.03.003 и 08.01.03.004 (Волга от г. Кострома до Горьковского г/у (Горьковское в-ще) без р. Унжа). Далее, повернув на юго-запад и извиваясь между истоками рр. Корба, Тебза, Мера, граница участков 08.01.03.001 и 08.01.03.004 следует до т.8039, в которой сходятся границы водохозяйственных участков 08.01.03.001, 08.01.03.002 и 08.01.03.004. От этой точки граница вдоль бассейна р. Андоба замыкается в расчетной точке 8036."""
"""Волга от г.Кострома до Горьковского г/у (Горьковское в-ще) без р.Унжа""","""Водохозяйственный участок 08.01.03.004 включает озеровидную часть Горьковского водохранилища и бассейны его боковых притоков до замыкающего расчетного створа у Горьковского г/у - т.8043. Площадь водохозяйственного участка составляет 18,2 тыс. км2. От точки замыкающего створа граница участков 08.01.03.004 и 08.01.03.005 (Волга от Горьковского г/у до устья р. Ока) следует на юго-запад до т.9126, где сходятся границы водохозяйственных участков 09.01.03.011 (Клязьма от г. Ковров до устья без р. Уводь), 09.01.03.013 (Ока от г. Горбатов до в/п Новинки), 08.01.03.004 и 08.01.03.005, затем уходит на север по водоразделу бассейна Горьковского водохранилища и бассейнов рр. Клязьма и ее притока Теза, дважды пересекая в тт.278 и 279 границу Ивановской и Нижегородской областей. Далее граница плавно поворачивает на запад, проходя т.9125 на водоразделе рр. Лух и Елнать и достигает т.280 на водоразделе бассейна р. Теза. Отклонившись на юго-запад к истоку р. Шача, граница приходит в т.9120 – точку схождения границ водохозяйственных участков 09.01.03.010 (Уводь), 09.01.03.011, 08.01.03.002 (Волга от Рыбинского г/у до г. Кострома без р. Кострома от истока до в/п Исады) и 08.01.03.004. От этой точки граница следует на север, затем резко повернув на восток пересекает Волгу ниже г. Кострома и, уходя на юго-восток по водоразделу рр. Локша и Меза, огибает исток р. Меза. От т.8039, в которой сходятся границы водохозяйственных участков 08.01.03.001 (Кострома от истока до в/п Исады), 08.01.03.002 и 08.01.03.004, граница идет на северо-восток до т.8038 – точки схождения границ водохозяйственных участков 08.01.03.001, 08.01.03.003 (Унжа) и 08.01.03.004, после которой отклоняется на восток, огибает верхнюю часть бассейна р. Немда, отклоняется на юг по водоразделу рр. Немда и Нея достигает устьевого створа р. Унжа (т.8041) и повернув на восток приходит в т.8042 – точку схождения границ водохозяйственных участков 08.01.03.003, 08.01.03.004 и 08.01.04.002 (Ветлуга от г. Ветлуга до устья). Далее граница принимает южное направление, проходит т.302 – точку пересечения границ Костромской и Нижегородской обл. и схождения границ водохозяйственных участков 08.01.03.004, 08.01.04.002 и 08.01.04.003 (Волга от устья р. Ока до Чебоксарского г/у (Чебоксарское в-ще) без рр. Сура и Ветлуга), на небольшом расстоянии от нее – т.8044 – точку схождения границ водохозяйственных участков 08.01.03.004, 08.01.03.005 и 08.01.04.003 и в том же направлении достигает замыкающего створа – т.8043."""
"""Воронеж от г. Липецк до Воронежского г/у""","""Водохозяйственный участок 05.01.01.006 охватывает среднюю часть бассейна р. Дон с замыкающим створом ниже г. Воронеж у Воронежского г/у в т.5028. Площадь водохозяйственного участка составляет 6.2 тыс. км2. От точки замыкающего створа граница участков 05.01.01.006 и 05.01.01.008 (Дон от г. Задонск до г. Лиски без рр. Воронеж (от истока до Воронежского г/у) и Тихая Сосна) направляется на север, огибает г. Воронеж и идет по водоразделу рр. Дон и Воронеж до т.5029, в которой пересекает административную границу Воронежской и Липецкой областей. Далее граница водохозяйственных участков продолжается на север до т.5027 у истока р. Репец, где сходятся границы водохозяйственных участков 05.01.01.005 (Воронеж от истока до г. Липецк без р. Матыра), 05.01.01.006 и 05.01.01.008. Здесь граница поворачивает на восток, пересекает р.Воронеж в т.5026 ниже г.Липецка и достигает т.5025–точки схождения границ водохозяйственных участков 05.01.01.005, 05.01.01.006 и 05.01.01.004 (Матыра). От этой точки граница следует на юг по водораздел у рр. Воронеж и Байгора (приток Матырского в-ща), огибает исток р. Усмань, пересекает границу Липецкой и Воронежской областей в т.5030, после которой поворачивает на восток до т.5024 – точки схождения границ водохозяйственных участков 05.01.01.006, 05.01.01.009 (Битюг) и 05.01.01.004. Затем граница участков 05.01.01.006 и 05.01.01.009 вновь уходит на юг до т.5031, где сходятся границы водохозяйственных участков 05.01.01.006, 05.01.01.009 и 05.01.01.010 (Дон от г. Лиски до г. Павловск без р. Битюг) и далее до т.5032 – точки схождения границ водохозяйственных участков 05.01.01.006, 05.01.01.008 (Дон от г. Задонск до г. Лиски без рр. Воронеж (от истока до Воронежского г/у) и Тихая Сосна) и 05.01.01.010. От этой точки в западном направлении граница участка замыкается в расчетном створе (т.5028)"""
"""Шексна от истока (вкл. оз. Белое) до Череповецкого г/у""","""Водохозяйственный участок 08.01.02.003 охватывает бассейн р. Шексна с Шекснинским водохранилищем и оз. Белым от истока до расчетного замыкающего створа Череповецкий г/у – т.8034. Площадь водохозяйственного участка составляет 19,5 тыс. км2. От точки замыкающего створа граница участков 09.01.02.003 и 08.01.02.004 (Рыбинское в-ще до Рыбинского г/у и впадающие в него реки без рр. Молога, Суда и Шексна до Шекснинского г/у) идет на северо-запад до истока р. Ягорба, у которого в т.8033 сходятся границы водохозяйственных участков 08.01.02.002 (Суда), 08.01.02.003 и 08.01.02.004. Далее граница участков 08.01.02.003 и 08.01.02.002 направляется на северо-запад по водоразделу бассейна Шекснинского в-ща и р. Андоги, огибает озера Ухтомьярское, Андозеро и Новозеро и, разделяя бассейны рр. Шола и Суда, доходит до т.8032 – точки схождения границ водохозяйственных участков 08.01.02.002, 08.01.02.003 и 01.04.01.006 (Онежское озеро, включая впадающие в него реки, кроме рр. Шуя, Суна, Водла и Вытегра). Здесь граница поворачивает на восток, проходит между озерами Куштозеро и Пухтозеро до т.1015, где сходятся границы водохозяйственных участков 08.01.02.003, 01.04.01.005 (Вытегра) и 01.04.01.006, и далее на восток в т.42 пересекает Волго-Балтийский канал. От канала, обогнув Ковжское в-ще, граница поворачивает на север, проходит т.1016 – точку схождения, границ водохозяйственных участков 08.01.02.003, 01.04.01.005 и 01.04.01.006, затем делает петлю вокруг оз. Сойдозеро (т.1046) и приходит в т.41 – точку схождение границ водохозяйственных участков 01.04.01.004, 03.01.00.001 (Онега) и 08.01.02.003 вблизи точки схождения границ Архангельской, Вологодской обл. и Респ. Карелия. От этой точки граница участков 08.01.02.003 и 03.01.00.001 направляется на юг по водоразделу бассейнов р.Кема и озер Лача и Спасский Воже, пересекая административную границу Архангельской и Вологодской областей в т.76, доходит до т.75 – точки схождение границ гидрографических единиц 03.01.00.001, 03.02.01.001 (Сухона от истока до Кубенского г/у) и 08.01.02.003. Далее граница петляет между истоками рек бассейнов Шекснинского в-ща и оз. Кубенское, пересекает Северо-Двинский канал в т.106 и в т.3011 проходит узел схождения границ водохозяйственных участков 03.02.01.003 (Малая Северная Двина без рр. Юг и Сухона(от истока до Кубенского г/у)), 03.02.01.001 и 08.01.02.003 и достигает самой южной точки участка т.8035, в которой сходятся границы водохозяйственных участков 03.02.01.003, 08.01.02.003 и 08.01.02.004. От этой точки граница участков 08.01.02.003 и 08.01.02.004 поворачивает на запад, возвращаясь к замыкающему створу в т.8034."""
Алатырь,"""Водохозяйственный участок 08.01.05.002 охватывает бассейн р. Алатырь от истока до замыкающего расчетного створа в месте впадения в р. Сура - т.8068. Площадь водохозяйственного участка составляет 12,0 тыс. км2. От точки замыкающего створа, т.8068, в которой сходятся границы водохозяйственных участков 08.01.05.002, 08.01.05.003 (Сура от Сурского г/у до устья р. Алатырь) и 08.01.05.004 (Сура от устья р. Алатырь до устья) граница участков 08.01.05.002 и 08.05.01.003 простирается на юго-запад, в т.8069 пересекает административную границу Чувашской Респ. и Респ. Мордовия и вдоль бассейна р. Сура доходит до т.8070 в Пензенской области – точки схождения границ водохозяйственных участков 08.01.05.002, 08.01.05.003 и 09.01.02.001 (Мокша от истока до в/п г. Темников). Далее граница вновь возвращается в Республику Мордовия (т.272), огибает исток р. Инсар, поворачивает на север, идет вдоль административной границы Нижегородской области и Респ. Мордовия, которую пересекает в тт.274 и 273. У истока р. Алатырь в т.9089 сходятся границы водохозяйственных участков 09.01.02.001, 09.01.02.004 (Мокша от в/п г. Темников до устья без р. Цна) и 08.01.05.002. Отсюда граница уходит на северо-восток до т.275 – точки схождения границ водохозяйственных участков 09.01.02.004, 09.01.03.002 (Теша) и 08.01.05.002, затем на восток по водоразделу р. Алатырь сначала с бассейном р. Теша, затем р. Пьяна. У истока р. Теша на водоразделе р. Теша и Ежать в т.9103 сходятся границы водохозяйственных участков 09.01.03.002 и 08.01.05.002 и 08.01.05.004. От этой точки граница участков 08.01.05.002 и 08.01.05.004 направляется на юго- восток к заключительному створу (т.8068), дважды пересекая административные границы – в т.8071 - Нижегородской обл. и Респ. Мордовия, а в т.8072 - Чувашской Респ. и Респ. Мордовия."""
"""Ока от г. Орел до г. Белев""","""Водохозяйственный участок 09.01.01.002 охватывает часть бассейна р. Ока от г. Орел и замыкается в расчетном створе на р. Ока ниже г. Белев (т.9005). Площадь водохозяйственного участка составляет 12,6 тыс. км2. От т.9005 граница между водохозяйственными участками 09.01.01.002 и 09.01.01.005 (Ока от г. Белев до г. Калуга без рр. Упа и Угра) уходит на юго-восток и через небольшое расстояние достигает т.9006. В этой точке сходятся водохозяйственные участки 09.01.01.002, 09.01.01.005 и 09.01.01.003 (Упа). Далее граница между водохозяйственными участками 09.01.01.002 и 09.01.01.003 поворачивает на юго-восток, идет по границе бассейна р. Мезгея и далее по водоразделу между р. Плава и притоками р. Зуша – рр. Снежедь, Чернь, Розка до т.9007, где сходятся границы водохозяйственных участков 09.01.01.002, 09.01.01.003 в бассейне Оки и водохозяйственного участка 05.01.01.001 (Красивая Меча от истока до устья) в бассейне Дона. От т.9007 граница водохозяйственного участка поворачивает на юг, в т.177 пересекает административную границу Тульской и Орловской областей вблизи точки схождения границ водохозяйственных участков 09.01.01.002, 05.01.01.001 (Красивая Меча) и 05.01.01.002 (Сосна от истока до устья) (т.5015) и, огибая верховья многочисленных притоков р. Зуша, доходит до т.165, в которой сходятся границы четырех водохозяйственных участков 09.01.01.001, 09.01.01.002 в бассейне Оки, водохозяйственного участка 04.01.00.012 (Сейм от истока до границы с Украиной) в бассейне Днепра и водохозяйственного участка 05.01.01.002 (Сосна от истока до устья) в бассейне Дона. После т.165 граница между водохозяйственными участками 09.01.01.01 и 09.01.01.02, огибая верховья р. Недучь уходит на север до г. Орел (т.9001). От т.9001 до т.9004 граница между этими же участками простирается на северо-запад, разделяя бассейны рр. Орлик и Неполодь. В т.9004 сходятся водохозяйственные участки 09.01.01.001., 09.01.01.002 и 09.01.01.005. От этой точки граница между водохозяйственными участками 09.01.01.005 и 09.01.01.002 поворачивает на северо-восток вдоль водораздела между рр. Орс и Выпебеть, пересекая в т.9008 административную границу между Калужской и Орловской областями. В т.9009 граница между этими водохозяйственными участками пересекает административную границу Калужской и Тульской областей, поворачивает на юго-восток и замыкается в расчетном створе водохозяйственного участка т.9005 (г. Белев)."""
"""Угра от истока до устья""","""Водохозяйственный участок 09.01.01.004 охватывает бассейна р. Угра и замыкается в расчетном створе в месте впадения р. Угры в р. Оку (т.9016). Площадь водохозяйственного участка составляет 15,7 тыс. км2. От т.9016 граница между водохозяйственными участками 09.01.01.004 и 09.01.01.005 (Ока от г. Белев до г. Калуга без рр. Упа и Угра) простирается на запад по водоразделу между бассейнами рек Серена и левых притоков Угры – рр. Бол.Березуй, Безвель, Теча до т.9017 в верховьях рр. Ужаток и Брынь – и далее до точки 9018, где сходятся водохозяйственные участки 09.01.01.005, 09.01.01.004 и 04.01.00.009 (Болва от истока до устья). Граница между участками 09.01.01.004 и 04.01.00.009 вначале направляется на север между бассейнами рек Ресса, Свотица и Неручь, затем поворачивает на северо-запад, разделяя бассейны рек Ворона и Демина (бассейн Угры) и Ужать, Снопот, Шуица (бассейн верхнего Днепра). В т.161 граница между водохозяйственными участками пересекает административную границу Калужской и Смоленской области, вновь поворачивает на север, проходит две точки, в которых сходятся водохозяйственные участки: т.4030 - участки 09.01.01.004, 04.01.00.008 (Десна от истока до г/у Смоленской АЭС) и 04.01.00.010 (Десна от г/у Смоленской АЭС до г. Брянск без р. Болва) и т.4029- участки 09.01.01.004, 04.01.00.008 и 04.01.00.002 (Днепр от г. Дрогобуж до г. Смоленск). Далее граница идет между истоками рр. Десна и Усия до точки 9019 в верховьях р. Усия. Проходя в северо-восточном направлении по сильно извилистым водоразделам граница достигает т.9020 на водоразделе рр. Корея и Дебря. Следующая точка границы (т.160) разделяет бассейны рр. Касни и Вязьмы 04.01.00.001 (Днепр от истока до г. Дрогобуж) и 08.01.01.004 (Волга без р. Вазуза до Зубцовского гидроузла от Верхневолжского бейшлота до г. Зубцов). Далее граница участка огибает верховья р. Гжать идет на северо-восток вдоль р. Воря до точки 9021, где сходятся водохозяйственные участки 09.01.01.004, 08.01.01.004 и 09.01.01.010 (Москва от истока до Можайского г/у). Через небольшое расстояние в направлении на юго-восток граница проходит через точку 9022, обозначающую схождение водохозяйственных участков 09.01.01.004, 09.01.01.010 и 09.01.01.006 (Протва). Продолжая направление на юго- восток, граница у истока р. Лужа пересекает административную границу между Московской и Калужской областями (т.9023) и далее продолжается по водоразделу рек Шаня и Лужа до т.9024 на водоразделе рр. Суходрев и Лужа. Обогнув с востока верховья р. Суходрев, граница поворачивает на запад, где в т.9026 сходятся три водохозяйственных участка 09.01.01.004, 09.01.01.05 и 09.01.01.008 (Ока от г. Калуга до г. Серпухов без рр. Протва и Нара). От этой точки после крутого изгиба в северном направлении граница достигает замыкающего расчетного створа – т.9016."""
"""Протва от истока до устья""","""Водохозяйственный участок 09.01.01.006 охватывает бассейна р. Протва и замыкается в расчетном створе в месте впадения р. Протвы и р. Оку (т.9028). Площадь водохозяйственного участка составляет 4,6 тыс. км2. В точке 9028 пересекаются административные границы Московской, Тульской и Калужской областей. От т.9028 граница между водохозяйственными участками 09.01.01.006 и 09.01.01.008 (Ока от г. Калуга до г. Серпухов без рр. Протва и Нара) идет в направлении на северо-запад до т.9025, в которой сходятся границы водохозяйственных участков 09.01.01.006, 09.01.01.008 и 09.01.01.004 (Угра). Затем, обогнув верховья реки Суходрев, от т.9024, на водоразделе рр. Суходрев и Лужа, граница следует на северо-запад по водоразделу между рр. Шаня и Лужа и в точке 9023 пересекает административную границу Московской и Калужской областей. Вблизи истока р. Москвы в т.9022 сходятся границы водохозяйственных участков 09.01.01.004, 09.01.01.006 и 09.01.01.010 (Москва от истока до Можайского г/у). После этой точки граница поворачивает на восток, идет вдоль р. Колочь и достигает т.9029 (Можайский гидроузел), разделяющей три водохозяйственных участка 09.01.01.010, 09.01.01.006 и 09.01.01.013 (Москва от Можайского г/у до г. Звенигород без р. Руза (от истока до Рузского г/у) и р. Озерна (от истока до Озернинского г/у)). Следующая точка границы участка в этом направлении – т.9030 также является точкой схождения трех участков – 09.01.01.013, 09.01.01.006 и 09.01.01.007 (Нара). Далее граница участка идет на юго-восток по водоразделу между рр. Протва и Нара, пересекая дважды в т.9031 и т.9032 административную границу между Московской и Калужской областями. В т.9033, где сходятся границы водохозяйственных участков 09.01.01.007, 09.01.01.006 и 09.01.01.008, граница участка поворачивает на юг и достигает замыкающего расчетного створа в т.9028."""
"""Ока от в/п с. Копоново до впадения р.Мокша""","""Водохозяйственный участок 09.01.01.023 охватывает среднюю часть бассейна р. Ока в пределах Рязанской и Владимирской областей от в/п с.Копоново до замыкающего створа на р. Ока в месте впадения р. Мокша (т.307). Площадь водохозяйственного участка составляет12,0 тыс. км2. т.307 граница между водохозяйственными участками 09.01.01.023 и 09.01.02.004 (Мокша от в/п г. Темников до устья без р. Цна) идет на юг по водоразделу рр. Пет и Выша до т.9084, в которой сходятся границы водохозяйственных участков 09.01.01.023, 09.01.02.004 и 09.01.02.003 (Цна от г. Тамбов до устья). Далее граница участков 09.01.01.023 и 09.01.02.003 вблизи истока р. Алешня приходит в т.9083 – точку схождения границ водохозяйственных участков 09.01.01.022 (Ока от г. Рязань до в/п с. Копоново без р. Проня), 09.01.01.023 и 09.01.02.003. Простираясь в северо-западном направлении вдоль водораздела бассейнов рр. Ока и левых ее притоков и Пра и ее притока р. Белая, граница достигает т.9079, где пересекаются границы участков 09.01.01.023, 09.01.01.022 и 09.01.01.020 (Ока от г. Коломна до г. Рязань). От этой точки граница участков 09.01.01.023 и 09.01.01.020 отклоняется на север и идет по водоразделу рр. Соротча и Пра до озерного края с крупнейшим из этой группы озер - оз. Великое, расположенном на территории рассматриваемого водохозяйственного участка, где пересекает административную границу Рязанской и Московской областей в т.9078 и продолжается в том же направлении до т.9077 - точки схождения границ водохозяйственных участков 09.01.01.020, 09.01.01.023 и 09.01.03.007 (Клязьма от г. Орехово-Зуево до г. Владимир). Здесь граница участков 09.01.01.023 и 09.01.03.007 меняет направление на восток и после пересечения границы Московской и Владимирской областей в т.309 вновь плавно принимает северное направление вдоль бассейна р. Бужа, огибает исток этой реки и у истока соседней с ней р. Поля проходит через т.9085, где сходятся границы участков 09.01.01.023, 09.01.03.007 и 09.01.03.009 (Клязьма от г. Владимир до г. Ковров без р. Нерль). От этой точки граница участков 09.01.01.023 и 09.01.03.009 идет на юго-восток по водоразделу рр. Войнинга, Судогда и рр. Поль, Гусь, Колпь до точек, разделяющих водохозяйственные участки – т.9086, где сходятся участки 09.01.01.023, 09.01.03.009 и 09.01.03.012 (Ока от г. Муром до г. Горбатов без рр. Клязьма и Теша) и немного южнее – т.9087, в которой пересекаются границы участков 09.01.01.023, 09.01.03.012 и 09.01.03.001 (Ока от впадения р. Мокша до впадения р. Теша). Граница между участками 09.01.01.023 и 09.01.03.001 сохраняет южное направление по водоразделу бассейнов рек Унжа и Гусь, пересекает административную границу областей Владимирская и Рязанская в т.310 и плавно повернув на юго-восток по этому же водоразделу возвращается в замыкающий створ – т.307."""
"""Пахра от истока до устья""","""Водохозяйственный участок 09.01.01.016 включает бассейн р. Пахра от истока до замыкающего расчетного створа в месте впадения р. Пахра в р. Москву (т.9061). Площадь водохозяйственного участка составляет 2,6 тыс. км2. Рядом с расчетным замыкающим створом вт.9062 сходятся границы трех водохозяйственных участков – 09.01.01.016, 09.01.01.017 (Москва от Рублевского г/у до в/п с. Заозерье без р. Пахра) и 09.01.01.018 (Москва от в/п Заозерье до г. Коломна). В юго-западном направлении граница участка плавно огибает верховья бассейна р. Северки, проходит т.9063 на водоразделе рр. Рожайка и Гнилуша близ г. Домодедово и поворачивает на северо-запад в точке 9042, в которой сходятся границы участков 09.01.01.016, 09.01.01.018 и 09.01.01.009 (Ока от г. Серпухов до г. Кашира). На водоразделе рр. Моча и Лопасня в т.9036 сходятся границы участков 09.01.01.016, 09.01.01.009 и 09.01.01.007 (Нара). В крайней северной точке участка (т.9035) у истока р. Десна сходятся границы четырех водохозяйственных участков – 09.01.01.016,09.01.01.007, 09.01.01.013 (Москва от Можайского г/у до г. Звенигород без р. Руза (от истока до Рузского г/у) и р. Озерна (от истока до Озернинского г/у)) и р. Озерна (от истока до Озернинского г/у)) и 09.01.01.015 (Москва от г. Звенигород до Рублевского г/у без р. Истра (от истока до Истринского г/у)). Поворачивая на восток, граница проходит т.9060 – точку схождения границ участков 09.01.01.015, 09.01.01.016 и 09.01.01.017 (Москва от Рублевского г/у до в/п с. Заозерье без р. Пахра), достигает юго-западных районов г. Москва и по водоразделу р. Пахра приходит до замыкающего створа – т.9061."""
"""Мокша от истока до в/п г.Темников""","""Водохозяйственный участок 09.01.02.001 охватывает верхнюю часть бассейна р. Мокша, включает часть территорий Пензенской области, Республики Мордовия и небольшой участок Нижегородской области и замыкается в расчетном створе на р. Мокша у г. Темников (т.9088). Площадь водохозяйственного участка составляет 15,8 тыс. км2. От т.9088 граница между водохозяйственными участками 09.01.02.001 и 09.01.02.004 (Мокша от в/п г. Темников до устья без р. Цна) простирается на северо-восток, оставляя слева бассейн р. Пуштаи, пересекая административную границу Нижегородской области и республики Мордовия, достигает т.9089, где сходятся границы водохозяйственных участков 09.01.02.001, 09.01.02.004 и 08.01.05.002 (Алатырь).От этой точки граница между участками 09.01.02.001 и 08.01.05.002 поворачивает на юго-восток и вновь, немного восточнее предыдущей точки пересечения, пересекает административную границу Нижегородской области и Республики Мордовия в т.274. Далее, разделяя бассейны р. Мокша и р. Алатырь и сохраняя юго-восточное направление, граница участка дважды пересекает ту же административную границу (последний раз в т.273) и, продолжаясь в том же направлении доходит до истока первого правого притока р. Сивинь. Здесь граница водохозяйственного участка резко поворачивает на юго-запад и, огибая верховья р. Инсар, пересекает административную границу между Ульяновской областью и Республикой Мордовия в т.272, где рядом (в т.8070) стыкуются границы водохозяйственных участков 09.01.02.001, 08.01.05.002, и 08.01.05.003 (Сура от Сурского г/у до устья р. Алатырь). Отделяя устья р. Исса и ее верхних притоков от бассейна р. Сура, граница участка захватывает небольшую территорию Ульяновской области и вновь пересекает административную границу между Ульяновской областью и Республикой Мордовия в т.271. Здесь граница участка минимально проходит по территории Республики Мордовия и, меняя направление с западного на южное, выходит на территорию Ульяновской области и, разделяя бассейны рек Мокша и Сура, достигает т.185 на стыке водохозяйственных участков 09.01.02.001, 08.01.05.003 и 05.01.02.001 (Хопер от истока до впадения р. Ворона). Далее граница идет к западу, у устья р. Кевда поворачивает в северном направлении и, огибая верховья р. Ворона, опять ориентирована на запад, проходит т.5060– точку схождения границ участков 05.01.02.001, 05.01.02.002 (Ворона от истока до устья) и 09.01.02.001 и идет до т.9090, в которой сходятся границы водохозяйственных участков 09.01.02.001, 05.01.02.002 и 09.01.02.003 (Цна от г. Тамбов до устья). От т.9090 примерно на расстоянии 15 км к северо-западу граница достигает т.9091, соединяющей границы водохозяйственных участков 09.01.02.001, 09.01.02.003 и 09.01.02.004 (Мокша от в/п г. Темников до устья без р. Цна). Далее в северном направлении, отклоняясь к западу в районе верховьев рек Нор-Ломовка и Шелдаис, граница продолжается до т.9092, в которой пересекает административную границу между Пензенской областью и Республикой Мордовия и следует от этой точки на север, затем на северо-запад (от устья р. Урей) и, наконец, поворачивает на северо- восток к т.9088 (замыкающий створ на р. Мокша, г. Темников)."""
"""Ока от г. Кашира до г. Коломна без р.Москва""","""Водохозяйственный участок 09.01.01.019 охватывает среднюю часть бассейна р. Ока и замыкается в расчетном створе на р. Ока ниже г. Коломна (т.9071). Площадь водохозяйственного участка составляет 5,4 тыс. км2. От т.9071 граница между водохозяйственными участками 09.01.01.019 и 09.01.01.020 (Ока от г. Коломна до г. Рязань) простирается на юг вдоль водораздела р. Осетр и рр. Меча и Вожа до т.9072, пересекает административную границу Московской и Рязанской областей. После двух резких изгибов граница участков вновь касается административной границы этих областей в т.9073, где сходятся границы водохозяйственных участков 09.01.01.019, 09.01.01.020 и 09.01.01.021 (Проня). От этой точки граница между водохозяйственными участками 09.01.01.019 и 09.01.01.021 направляется на запад до т.9074, расположенной в месте схождения административных границ трех областей – Московской, Тульской и Рязанской. Далее через небольшое расстояние граница приходит в точку 9013, обозначающую схождение границ водохозяйственных участков 09.01.01.019, 09.01.01.021 и 09.01.01.003 (Упа). От т.9013 граница между водохозяйственными участками 09.01.01.019 и 09.01.01.003 направляется на северо-запад до т.9012, где сходятся границы четырех водохозяйственных участков – 09.01.01.019, 09.01.01.003, 09.01.01.008 (Ока от г. Калуга до г. Серпухов без рр. Протва и Нара) и 09.01.01.009 (Ока от г. Серпухов до г. Кашира). От этой точки граница между участками 09.01.01.019 и 09.01.01.009 простирается в северо-восточном направлении, огибая верховья притоков р. Осетр, проходит через т.9041, расположенную на административной границе Московской и Тульской областей, далее через т.9040 на водоразделе р. Каширка и бассейна р. Осетр, не меняя направления, достигает т.9043, где сходятся границы участков 09.01.01.019, 09.01.01.009 и 09.01.01.018 (Москва от в/п Заозерье до г. Коломна). Далее граница между водохозяйственными участками 09.01.01.019 и 09.01.01.018 уходит на восток до т.9066 на северной окраине г. Коломна и в устье р. Северка и через небольшое расстояние приходит в точку 9070, узел границ водохозяйственных участков 09.01.01.019, 09.01.01.018 и 09.01.01.020. Резко повернув на юг, граница участка 09.01.01.019 достигает расчетного замыкающего створа р. Ока – ниже г. Коломна."""
"""Реж (без р.Аять от истока до Аятского г/у) и Нейва (от Невьянского г/у) до их слияния""","""Водохозяйственный участок 14.01.05.018 охватывает бассейны рек Реж и Нейва до их слияния в истоке р. Ница без р. Аять до Аятского гидроузла и р. Нейва до Невьянского гидроузла. Участок расположен в Свердловской области, его площадь составляет 8,7 тыс. км2. От т.14061 расчетного створа в месте слияния рек Реж и Нейва в истоке р. Ница граница водохозяйственного участка 14.01.05.018 следует на юго-запад по водоразделу рр. Реж и Черепанка, Вязовка, Бобровка до т.14062 схождения границ водохозяйственных участков 14.01.05.018, 14.01.05.019 (Ница от начала реки до устья) и 14.01.05.021 (Рефт от истока до Рефтинского г/у). Далее, по водоразделу рр. Мал. Рефт и Реж граница следует до т.14063 схождения границ водохозяйственных участков 14.01.05.018, 14.01.05.020 (Пышма от истока до Белоярского г/у) и 14.01.05.021, поворачивает на запад, обходит исток р. Адуй, проходит т.14060 схождения границ водохозяйственных участков 14.01.05.017 (Аять от истока до Аятского г/у), 14.01.05.08 и 14.01.05.020, проходит створ Аятского гидроузла (т.14059), т.14056 схождения границ водохозяйственных участков 14.01.05.016 (Нейва от истока до Невьянского г/у), 14.01.05.017 и 14.01.05.018, створ Невьянского гидроузла (т.14055) и достигает т.14050 схождения границ водохозяйственных участков 14.01.05.014 (Тагил от истока до г. Нижний Тагил без р. Черная), 14.01.05.017 и 14.01.05.018, поворачивает на север, проходит по водоразделу рр. Тагил и Нейва до т.14049 схождения границ водохозяйственных участков 14.01.05.014, 14.01.05.015 (Тагил от истока до г. Нижний Тагил без р. Черная) и 14.01.05.018, поворачивает на восток и по водоразделам рр. Нейва, Ива, Синячиха и Мугай достигает т.14054 схождения границ водохозяйственных участков 14.01.05.015, 14.01.05.018 и 14.01.05.019, после чего замыкается в начальной точке."""
"""Теша от истока до устья""","""Водохозяйственный участок 09.01.03.002 охватывает бассейн р. Теша и замыкается в расчетном створе в месте впадения р. Теша в р. Оку (т.9100). Площадь водохозяйственного участка составляет 7,8 тыс. км2. От т.9100 граница между водохозяйственными участками09.01.03.002 и 09.01.03.012 (Ока от г. Муром до г. Горбатов без рр. Клязьма и Теша) простирается на восток по водоразделу между бассейном реки Сережа с севера и бассейнами рек Бол.Кутра и Кишма с юга до точки (9101) схождения границ участков 09.01.03.002,09.01.03.012 и 08.01.04.003 (Волга от устья р. Ока до Чебоксарского г/у (Чебоксарское в-ще) без рр. Сура и Ветлуга ). Далее, не меняя направления, граница достигает истока реки Сережа, и, огибая его достигает т.276, в которой сходятся водохозяйственные участки 09.01.03.002, 08.01.04.003 и 08.01.05.004 (Сура от устья р. Алатырь до устья). Разделяя бассейны рек Сережа и Вадок, граница проходит через т.9102 (схождение разнонаправленных участков границ водохозяйственных участков 09.01.03.002 и 08.01.05.004 на водоразделе рр. Теша и Вадок) и спускается к юго-востоку до т.9103 в верховьях р. Теша на стыке водохозяйственных участков 09.01.03.002 и 08.01.05.004 и 08.01.05.002 (Алатырь). Oт точки 9103 граница участка простирается к северо-западу по водоразделу рек Теша и Алатырь до точки 275. В этой точке сходятся границы водохозяйственных участков 09.01.03.003, 08.01.05.002 и 09.01.02.004 (Мокша от в/п г. Темников до устья без р. Цна). Огибая с севера бассейн р. Мокша, граница участка доходит до т.9099 рядом с истоком р. Велетьма, где граничат водохозяйственные участки 09.01.03.002, 09.01.02.004 и 09.01.03.001 (Ока от впадения р. Мокша до впадения р. Теша). Далее, резко повернув на север и огибая правые притоки реки Велетьма, граница замыкается в расчетном створе водохозяйственного участка т.9100 (ниже г. Мурома)."""
"""Реки бассейна Белого моря от мыса Воронов до мыса Канин Нос (без р. Мезень)""","""Водохозяйственный участок 03.03.00.003 охватывает бассейны рек, впадающих в восточную часть Белого моря между мысами Воронов и Канин Нос без р. Мезень. Водохозяйственный участок расположен на территории Ненецкого автономного округа и Архангельской области. Площадь водохозяйственного участка составляет 32 тыс. км2. Водохозяйственный участок состоит из двух частей – западной и восточной, разделенных бассейном р. Мезень. Граница западной части водохозяйственного участка от точки т.78 на мысе Воронов направляется по побережью на восток до т.114 в устье р. Кулой, впадающей в Мезенскую губу Белого моря. Далее граница проходит по побережью Мезенской губы на юго-восток до пересечения в т.115 устья р. Мезень. Здесь граница поворачивает на юг, идет по водоразделу рр. Кулой и Мезень до т.3033 – точки схождения границ водохозяйственных участков 03.03.00.001 (Мезень от истока до в/п д. Малонисогорская), 03.03.00.002 (Мезень от в/п д. Малонисогорская до устья) и 03.03.00.003 и далее до т.3019 – точки схождения границ водохозяйственных участков 03.02.03.003 (Пинега), 03.03.00.003 и 03.03.00.001. Отсюда граница простирается на запад и через т.80 на водоразделе бассейнов рек Пинега и Кулой приходит к двум рядом расположенным точкам: 3024 – точке схождения границ водохозяйственных участков 03.02.03.003, 03.02.03.004 (Северная Двина от впадения р. Вага до устья без р. Пинега) и 03.03.00.003, и 3025 – точке схождения границ водохозяйственных участков 03.02.03.004, 03.02.03.005 (реки бассейна Белого моря от северо- восточной границы р. Золотица до мыса Воронов без р. Северная Двина) и 03.03.00.003. Далее граница уходит на север по Беломорско-Кулойскому плато, обходя с юго-запада верховья рек Кулой и Сояна (т.79), поворачивает на северо-восток, спускается на низменность Абрамовский берег и подходит к исходной точке западной части водохозяйственного участка (т.78). На этом отрезке границы характерны тундровые ландшафты прибрежной территории; плоские междуречья сильно заболочены. Граница восточной части водохозяйственного участка от точки т.115 в устье р. Кулой направляется на север, идет по восточному сильно заболоченному берегу Мезенской губы, проходит через т.116 (административная граница между Архангельской областью и Ненецким автономным округом) и далее до мыса Канин Нос (т.117) на границе водохозяйственным участком 03.04.00.001 (реки бассейна Баренцева моря от мыса Канин Нос до границы бассейна р. Печора). Береговая линия проходит в основном по низменной заболоченной территории (за исключением возвышенности Канин Камень на севере полуострова Канин) с господством тундровых ландшафтов Тиманско-Канинской ландшафтной провинции. На севере распространены мохово-лишайниковые арктические тундры, несколько южнее - кустарниковые тундры с многочисленными мелкими озерами и болотами, лишь в северной части полуострова Канин при приближении к возвышенности Канин Камень болота исчезают. От т.117 граница участка резко поворачивает на юго-восток, проходит по возвышенности Канин Камень, огибает верховья Кия и чеша (т.3031) и подходит к т.118 на административной границе Ненецкого автономного округа и Архангельской области вблизи точки схождения границ водохозяйственных участков 03.03.00.002 - Мезень от в/п д. Малонисогорская до устья, 03.03.00.003 и 03.04.00.001, после чего в западном направлении замыкается в исходной точке восточной части водохозяйственного участка. Побережье и полуостров Канин заняты мохово-лишайниковой и кустарниковой тундрой с многочисленными мелкими озерами."""
"""Цна от г.Тамбов до устья""","""Водохозяйственный участок включает территорию бассейна р. Цна от г. Тамбов до места ее впадения в р. Мокша в замыкающем створе т.9096. Площадь водохозяйственного участка составляет 17,0 тыс. км2. От т.9096 граница между водохозяйственными участками 09.01.02.003 и 09.01.02.004 (Мокша от в/п г. Темников до устья без р. Цна) направляется на юг по водоразделу сначала р. Цна и р. Мокша, затем между рр. Вад и Выша, пересекая в т.9097 административную границу между Респ. Мордовия и Рязанской областью, а в т.9098– между Респ. Мордовия и Пензенской областью. Далее водораздел бассейнов рек Вад и Выша отклоняется к юго-востоку до точки 9091, в которой сходятся границы участков 09.01.02.003, 09.01.02.004 и 09.01.02.001 (Мокша от истока до в/п г. Темников). Затем граница проходит между истоками р. Буртас и Ломовка до т.9090, где сходятся границы участков 09.01.02.003, 09.01.02.001 и 05.01.02.002 (Ворона от истока до устья). Повернув на юго-запад, граница идет по водоразделу бассейна р. Ворона и многочисленных притоков верхней части текущей с юга на север р. Выша, крупнейшие из которых – р. Буртас, Орьев, Теньга. Далее граница участка после небольшой петли вокруг истока р. Ср. Ира плавно поворачивает на юго-запад, пересекает в т.184 границу Пензенской и Тамбовской областей, идет вдоль верховьев р. Бол.Ломовис и достигает т.9094, где сходятся границы участков 09.01.02.003, 09.01.02.002 (Цна от истока до г. Тамбов) и 05.01.02.002. От т.9094 граница между участками 09.01.02.003 и 09.01.02.002 идет уже на северо-запад по водоразделу р. Лесной Тамбов и притоков р. Цна – рр. Керша и Хмелица. Р. Цну граница пересекает ниже г. Тамбов (т.9093), после чего, обогнув с севера исток р. Липовица, направляется на юго-запад до т.9095 – точки схождения границ участков 09.01.02.002, 09.01.02.003 и 05.01.01.004 (Матыра от истока до Матырского г/у). От этой точки граница участка идет на север, разделяя бассейны рек, текущих в противоположном направлении: р. Челновая (приток р. Цны), и р. Польной Воронеж, и приходит в т.5021 – точку схождения границ водохозяйственных участков 09.01.02.003, 05.01.01.005 (Воронеж от истока до г. Липецк без р. Матыра от истока до Матырского г/у) и 05.01.01.004. В т.182, где сходятся границы водохозяйственных участков 09.01.02.003 09.01.01.022 (Ока от г. Рязань до в/п с. Копоново без р. Проня) и 05.01.01, граница участков 09.01.02.003 и 09.01.01.022, поворачивает на восток, огибает бассейн р. Пара и плавно принимает северное направление вдоль административной границы Рязанской и Тамбовской областей, пересечение с которой обозначается т.386. Далее, почти прямолинейно разделяя бассейны р. Тырница и левых притоков р. Цна – рр. Шача, Аза и Алешня, граница достигает т.9083, где сходятся границы участков – 09.01.02.003, 09.01.01.022 и 09.01.01.023 (Ока от в/п с.Копоново до впадения р. Мокша). Отсюда граница уходит к северо-востоку через точку (9084) слияния границ водохозяйственных участков 09.01.02.003, 09.01.02.023 и 09.01.02.004 и замыкается в точке 9096."""
"""Красивая Меча""","""Водохозяйственный участок 05.01.01.001 включает бассейн р. Красивая Меча с замыкающим створом в месте впадения р. Красивая Меча в р. Дон (т.5001). Площадь водохозяйственного участка составляет 6.0 тыс. км2. От точки замыкающего створа граница участка простирается на запад до т.5002, где сходятся границы водохозяйственных участков 05.01.01.001, 05.01.01.002 (Сосна) и 05.01.01.003 (Дон от истока до г. Задонск без рр. Красивая Меча и Сосна), и далее следует в этом же направлении по водоразделу бассейнов рр.Красивая Меча и Бол. Чернава. В т.5003 граница участка пересекает административную границу Липецкой и Орловской областей, поворачивает на север и вдоль этой административной границы достигает т.5015 – точки схождения границ водохозяйственных участков 05.01.01.001, 05.01.01.002 и 09.01.01.002 (Упа). Далее граница участка вновь пересекает границу областей – Тульской и Орловской (в т.177) и, направляясь на север, в т.9007 проходит точку схождения границ водохозяйственных участков 09.01.01.002 (Ока от г. Орелдо г. Белев), 09.01.01.003 и 05.01.01.001. После этой точки граница проходит между истоками рр. Красивая Меча и Упа и поворачивает на восток до т.5004 – точки схождения границ водохозяйственных участков 05.01.01.001, 05.01.01.003 и 09.01.01.003. Затем граница участков 05.01.01.001 и 05.01.01.003 плавно отклоняется на юго-восток, пересекает границу Тульской и Липецкой областей (т.5005), и по водоразделу рр. Вязовка и Птань возвращается к замыкающему створу в т.5002."""
"""Клязьма от г. Ковров до устья без р.Уводь""","""Водохозяйственный участок 09.01.03.011 охватывает часть бассейна р. Клязьма от г. Ковров, исключая бассейн р. Уводь, до замыкающего створа на р. Ока выше г. Дзержинск (т.9122). Участок расположен на территории трех областей: Ивановской, Владимирской и Нижегородской, а его площадь составляет 13,8 тыс. км2. От точки 9122 граница участка идет в западном направлении по водоразделу рр. Клязьма и Суворощь, разделяя участки 09.01.03.011 и 09.01.03.012 (Ока от г. Муром до г. Горбатов без рр. Клязьма и Теша) до т.9123. Продолжая западное направление до верховьев р. Суворощь, граница достигает т.9124, в которой пересекаются границы водохозяйственных участков 09.01.03.011, 09.01.03.012 и 09.01.03.009 (Клязьма от г. Владимир до г. Ковров без р. Нерль). От точки 9124, расположенной у истоков рр. Нерехта и Тара, граница поднимается к северу вдоль бассейна этой реки до точки 9119 на р. Клязьма в устье р Уводь ниже г. Ковров. Здесь сходятся границы водохозяйственных участков 09.01.03.011, 09.01.03.009 и 09.01.03.010 (Уводь). От т.9119 граница участка сохраняет северное направление и, пересекая в т.9121 административную границу между Владимирской и Ивановской областями, следует по водоразделу бассейнов рр. Теза и Уводь до Уводьского водохранилища, восточнее которого находится т.9120, в которой сходятся границы четырех водохозяйственных участков 09.01.03.011, 09.01.03.010, 08.01.03.002 (Волга от Рыбинского г/у до г. Кострома без р. Кострома от истока до в/п д.Исады) и 08.01.03.004 (Волга от г. Кострома до Горьковского г/у(Горьковское в-ще) без р. Унжа). Далее граница следует на восток и, огибая верховья бассейна р. Теза (т.280), плавно поворачивает на юго-восток, проходя по водоразделу рр. Лух и Елнать т.9125. У истока р. Добрица граница поворачивает на юг и по водоразделу бассейнов Горьковского в-ща и р. Лух, дважды пересекая в сначала в т.279, затем в т.278 административную границу Нижегородской и Ивановской областей, приходит к т.9126 – точке схождения границ четырех водохозяйственных участков 09.01.03.011, 09.01.03.013 (Ока от г. Горбатов до в/п Новинки (устье)), 08.01.03.004 и 08.01.03.005 (Волга от Горьковского г/у до устья р. Ока). Далее от т.9127, в которой сходятся границы водохозяйственных участков 09.01.03.011, 09.01.03.012 и 09.01.03.013, граница участка замыкается в расчетном створе – т.9128."""
"""Нерль от истока до устья""","""Водохозяйственный участок 09.01.03.008 охватывает бассейн притока р. Клязьма – р. Нерль от истока до замыкающего расчетного створа в месте впадения р. Нерль в Клязьму восточнее г. Владимира (т.9112). Площадь водохозяйственного участка составляет 6,8 тыс.км2. От т.9112 – р. Клязьма ниже г. Владимир – граница участков 09.01.03.008 и 09.01.03.007 (Клязьма от г. Орехово-Зуево до г. Владимир) направляется на северо-запад, извиваясь по водоразделу между верховьями бассейнов левых притоков Клязьмы - рр. Пекша, Колокша, Рпень и правых притоков р. Нерль – рр. Шаха, Селекша, Ирмес, Каменка до т.9115 в верховьях притоков рр. Колокша и Нерль. От этой точки граница идет на запад по водоразделу верховьев рр. Пекша и Селекша через т.9114 – точку пересечения границы Ярославской и Владимирской областей – до т.9113 – точки схождения границ участков 09.01.03.007, 08.01.01.008 (Волга от Иваньковского г/у до Угличского г/у (Угличское в-ще)) и 09.01.03.008. Далее в северо-западном направлении граница участков 09.01.03.008 и 08.01.01.008 разделяет верхнюю часть бассейна р. Нерль и бассейн р. Трубеж – притока оз. Плещеево и р. Нерль, вытекающей из оз. Плещеево, и достигает т.282, которая является точкой схождения водохозяйственных участков 08.01.01.008, 0901.03.008 и 08.01.03.002 (Волга от Рыбинского г/у до г. Кострома без р. Кострома от истока до в/п д.Исады). От этой точки граница участков 09.01.03.008 и 08.01.03.002 резко направляется на юго-восток вдоль водораздела верховьев р. Нерль и крупнейшего притока оз. Неро – р. Сара, затем поворачивает на восток, огибая верхнюю часть бассейна р. Ухтома и пересекая в т.281 административную границу Ивановской и Ярославской областей вновь принимает юго-восточное направление до т.9116, в которой сходятся границы участков 09.01.03.008,08.01.02.002 и 09.01.03.010 (Уводь). От этой точки граница участков 09.01.03.008 и 09.01.03.010 направляется на юго-восток по водоразделу между левыми притоками р. Нерль и бассейнами крупнейших правых притоков р. Уводь – рр. Ухтома и Вязьма через границу областей Ивановская и Владимирская (т.9117) до т.9118, где сходятся границы водохозяйственных участков 09.01.03.008, 09.01.03.010 и 09.01.03.009 (Клязьма от г. Владимир до г. Ковров без р. Нерль). Принимая юго-западное направление, граница участков 09.01.03.008 и 09.01.03.009 приходит в замыкающий створ участка – т.9112."""
Ардон,"""Водохозяйственный участок 07.02.00.001 охватывает бассейн р. Ардон от истока до устья – левого притока р. Терек. Ардон берёт начало в ледниках Главного Кавказского хребта, протекает по территории Северо-Осетинского заповедника. До выхода на предгорную Осетинскую равнину река течёт по глубокому Алагирскому ущелью. Участок расположен в Республике Северная Осетия – Алания, его площадь составляет 2,7 тыс. км2. От расчетного створа на р. Ардон в месте впадения в р. Терек (т.7030) граница водохозяйственного участка 07.02.00.001 следует на юг по северным отрогам Скалистого хребта Кавказа, по водоразделу бассейнов рр. Терек и Гизельдон до т.7031 примыкания к Государственной границе РФ с Грузией границы с водохозяйственным участком 07.02.00.002 (Терек от истока до впадения р. Урсдон без р. Ардон). От этой точки граница водохозяйственного участка следует на запад вдоль Государственной границы РФ, пока не достигает т.7032 примыкания к ней границы с водохозяйственным участком 07.02.00.004 (Терек от впадения р. Урух до впадения р. Малка). Далее граница следует в северном направлении, проходя т.7033 схождения границ водохозяйственных участков 07.02.00.001, 07.02.00.003 (Терек от впадения р. Урсдон до впадения р. Урух) и 07.02.00.004, после чего по водоразделу рр. Урсдон и Ардон движется к замыканию в начальной точке. От устья р. Ардон, расположенного на абсолютной высоте 325 м высоты местности быстро нарастают до 3550 м, в ландшафтной структуре территории проявляется высотная поясность, рельеф высокогорных хребтов осложнен ледниковыми формами. Значительные площади заняты скалами, крутыми склонами, каменистыми осыпями."""
"""Кума от Отказненского г/у до г. Зеленокумск""","""Водохозяйственный участок 07.01.00.007 охватывает часть бассейна р. Кума от Отказненского гидроузла до г. Зеленокумск. Участок расположен в Ставропольском крае, его площадь составляет 2 тыс, км2. От расчетного створа на р. Кума ниже г. Зеленокумск (т.7018) граница водохозяйственного участка 07.01.00.007 следует на юго-запад по восточной выположенной окраине Ставропольской возвышенности по водоразделу рр. Кума и Горькая Балка до т.7017 схождения границ водохозяйственных участков 07.01.00.007, 07.01.00.006 (Кума от впадения р. Подкумок до Отказненского г/у) и 07.01.00.011 (Сухая Кума), поворачивает на запад и пересекает р. Кума по створу Отказненского гидроузла (т.7013), затем, продолжая движение в том же западном направлении, поднимается по водоразделу р. Мокрый Карамык на центральную часть Ставропольской возвышенности до т.7016 схождения границ водохозяйственных участков 07.01.00.006, 07.01.00.007 и 05.01.05.002 (Калаус), в которой поворачивает на север, достигает т.7020 схождения границ водохозяйственныхучастков 07.01.00.007, 07.01.00.008 (Кума от г. Зеленокумск до впадения р. Мокрая Буйвола) и 05.01.05.002, далее поворачивает на юго-восток и следует по водоразделу р. Мокрый Карамык, пересекает канал Саблинский и замыкается в начальной точке. Абсолютные высоты на протяжении водохозяйственного участка возрастают от 140-230 м на восточной окраине Ставропольской возвышенности до 500-670 м в ее центральной части. С востока на запад сухостепные ландшафты сменяются разнотравно-степными с участками широколиственных лесов, однако коренные ландшафты сохранились незначительно, большую часть территории занимают сельскохозяйственные угодья."""
Бейсуг,"""Водохозяйственный участок 06.01.00.002 охватывает водные объекты бассейна Азовского моря от южной границы бассейна Ейского лимана до южной границы бассейна Бейсугского лимана, крупнейшими из которых являются реки Челбас и Бейсуг. Территория водохозяйственного участка практически полностью расположена в Краснодарском крае. Площадь участка составляет 14,5 тыс. км2. Т.6004 - река Бейсуг в месте впадения в Бейсугский лиман. От этой точки граница водохозяйственного участка проходит в северо-западном направлении по побережью Азовского моря до оконечности Долгой косы (т.229) и далее в северо-восточном направлении до т.6003 - до границы с водохозяйственным участком 06.01.00.001 (Ея). Абсолютные отметки высот прибрежной территории близки к нулевой отметке, большие площади заболочены (плавни), на относительно дренированных поверхностях распространена разнотравно-злаковая растительность степей, переходящая в злаково-полынную и полынно- солончаковую растительность сухих степей. От т.6003 граница участка уходит от побережья в юго-восточном направлении по водоразделу бассейнов рек Челбас и Сосыка к т.6002 - схождения границ водохозяйственных участков 06.01.00.001, 06.01.00.002 и 05.01.05.006 (Егорлык от Новотроицкого г/у до устья), затем в т.201 пересекает границу между Краснодарским и Ставропольским крем и подходит к т.199 (точка схождения границ водохозяйственных участков 05.01.05.006, 06.01.00.002 и 06.02.00.010 - Кубань от г. Армавир до г. Усть-Лабинск без р. Лаба). Отсюда граница участка резко меняет направление на западное и идет параллельно основному руслу Кубани до т.6005, еще раз пересекая на этом участке границу между Краснодарским и Ставропольским крем в т.200. В т.6005 сходятся границы водохозяйственных участков 06.01.00.002, 06.01.00.003 (Кирпили) и 06.02.00.010. Отсюда граница участка проходит на северо-запад по водоразделу бассейнов рек Бейсужек Левый и Кирпили до береговой линии Ясенского лимана Азовского моря в районе Ясенской косы (т.6006), после чего, простираясь по берегу лимана, граница замыкается в исходной точке расчетного створа."""
Калаус,"""Водохозяйственный участок 05.01.05.002 охватывает бассейн р. Калаус от истока до расчетного створа в месте впадения в р. Калаус в р. Маныч (т.5110). Площадь водохозяйственного участка составляет 9.7 тыс. км2. От точки замыкающего створа, в котором пересекается административная граница Респ.Калмыкия и Ставропольского края, граница участка следует на восток до т.5111, в которой сходятся границы водохозяйственных участков 05.01.05.002, 05.01.05.007 (Маныч от истока до Пролетарского г/у без рр. Калаус и Егорлык) и 07.01.00.001 (Восточный Маныч от истока до Чограйского г/у). Отсюда граница резко разворачивается на запад, вновь пересекает административную границу Респ.Калмыкия и Ставропольского края (т.196) и следует по водоразделу рр. Калаус и Рагули до т.5112, после которой меняет направление на южное и уходит на юг к истоку р. Калаус, последовательно проходя точки тт.7005, 7023, 7020, 7016 и 7009 примыкания к водохозяйственному участку 05.01.05.002 границ водохозяйственных участков Западно-Каспийского бассейнового округа 07.01.00.009 (Мокрая Буйвола), 07.01.00.008 (Кума от г. Зеленокумск до впадения р. Мокрая Буйвола), 07.01.00.007 (Кума от Отказненского г/у до г. Зеленокумск), 07.01.00.006 (Кума от впадения р. Подкумок до Отказненского г/у) и 07.01.00.003(Кума от истока до впадения р. Подкумок). У истока р. Калаус граница отклоняется на северо-запад, проходит т.197, где сходятся границы водохозяйственных участков 05.01.05.002, 06.02.00.006 (Кубань от г. Невинномысск до г. Армавир без р. Уруп) и 07.01.00.003 и следует до т.5113 – точки схождения границ водохозяйственных участков 05.01.05.002, 05.01.05.003 (Егорлык от истока до Сенгилеевского г/у) и 06.02.00.006. Далее граница идет на север к г. Ставрополь, у которого в двух рядом расположенных точках сходятся границы водохозяйственных участков: в т.5114 – участков 05.01.05.002, 05.01.05.005 (Егорлык от Егорлыкского г/у до Новотроицкого г/у) и 05.01.05.003, а в т.5115 – участки 05.01.05.002, 05.01.05.005 и 05.01.05.006 (Егорлык от Новотроицкого г/у до устья). От этой точки граница следует сначала на восток, затем на север вдоль р. Калаус, проходит т.5116 – точку схождения границ водохозяйственных участков 05.01.05.002, 05.01.05.007 и 05.01.05.006 и по водоразделу бассейна р. Калаус и Пролетарского в-ща возвращается в точку замыкающего створа – т.5110."""
"""Реки бассейна моря Лаптевых от границы бассейна р. Лена на западе до границы бассейна р. Яна на востоке""","""Водохозяйственный участок 18.04.03.003 охватывает бассейны рек бассейна моря Лаптевых от границы бассейна р. Лена на западе до границы бассейна р. Яна на востоке. Крупнейшей рекой на этом участке является р. Омолой. Площадь водохозяйственного участка составляет 38,9 тыс. км2. От т.18094 примыкания к береговой линии моря Лаптевых границы водохозяйственных участков 18.04.03.002 (Яна от впадения р. Адыча до устья без р. Бытантай) и 18.04.03.003 граница участка следует на юго-запад, проходит через т.18093 схождения границ водохозяйственных участков 18.04.03.001 (Бытантай), 18.04.03.002 и 18.04.03.003, огибает верховья р. Омолон, поворачивает на запад к т.18088 схождения границ водохозяйственных участков 18.03.09.001 (Лена от впадения р. Вилюй до в/п ГМС Джарджан), 18.03.09.002 (Лена от в/п ГМС Джарджан до в/п с. Кюсюр), 18.04.03.001 и 18.04.03.003, поворачивает на северо-запад к т.703 в верховьях рек Алтан и Мейчан. Далее граница проходит через т.18090 схождения границ водохозяйственных участков 18.03.09.002,18.03.09.003 и 18.04.03.003, затем следует по Хараулахскому хребту, выходит к берегу моря Лаптевых на границе с бассейном Лены (т.702), следует вдоль береговой линии залива Буор-Хая (т.764), огибает мыс Буор-Хая (т.765) и следует к начальной т.18094. Прибрежная зона характеризуются распространением арктических тундр, главным образом, лишайниково-моховых и кустарниково-травянистых и высокой степенью заболоченности и заозеренности. Склоны хребтов покрыты редкостойными лиственничными лесами, на вершинах преобладают горно-тундровые ландшафты и арктические каменистые пустыни."""
Беседь,"""Водохозяйственный участок 04.01.00.006 включает три отдельные части бассейна р. Беседь в пределах Российской Федерации. Водохозяйственный участок 04.01.00.006 граничит с Республикой Беларусь. Площадь водохозяйственного участка составляет 2.0 тыс. км2. От точки т.4016 в месте пересечения рекой Беседь Государственной границы РФ с Республикой Беларусь граница участка следует на северо-запад вдоль Государственной границы РФ до т.4017, где стыкуется с границей участка 04.01.00.007 (Ипуть), затем на восток и далее на юг до т.4018 – точки пересечения границы Брянской и Смоленской обл. Следуя в юго-западном направлении, граница доходит до т.4019 на Государственной границе с Респ. Беларусь, далее идет на северо-запад по границе РФ, проходит т.175 в месте примыкания к Государственной границе РФ с Респ. Беларусь границы между Смоленской и Брянской обл. и первая часть участка замыкается к северу от этой точки в т.4016. Вторая небольшая часть участка бассейна р. Беседь расположена между Государственной границей РФ с Респ. Беларусь и бассейном р. Ипуть (тт.4020 и 4021). Третий участок бассейна р. Беседь начинается в точке 4022, где р. Беседь еще раз пересекает границу РФ с Респ. Беларусь. От этой точки граница третьей части водохозяйственного участка 04.01.00.006 идет на северо-запад и затем на север по Государственной границе РФ до т.4023, где стыкуется с участком 04.01.00.007 (Ипуть), потом делает петлю в южном направлении до т.4024 – точки примыкания к Государственной границе РФ с Респ. Беларусь и затем возвращается в точку расчетного створа - т. 4022."""
"""Реки бассейна Таганрогского залива от южной границы бассейна р.Дон до северной границы бассейна р. Ея""","""Водохозяйственный участок 05.01.05.011 включает реки бассейна Таганрогского залива от южной границы бассейна р. Дон до северной границы бассейна р. Ея. Наиболее крупной рекой здесь является р. Кагальник (устье при впадении в Азовское море - т.5136). Площадь водохозяйственного участка составляет 7.0 км2. От точки замыкающего створа граница участка через т.5135 на морском крае дельты Дона идет на восток по водоразделу рр. Маныч и Кагальник до т.5131 – точки схождения границ водохозяйственных участков 05.01.05.011, 05.01.05.008 (Маныч от Пролетарского г/у до Веселовского г/у) и 05.01.05.009 (Дон от впадения р. Северский Донец до устья без рр. Сал и Маныч). Здесь граница уходит на юг к т.5130, в которой сходятся границы водохозяйственных участков 05.01.05.011, 05.01.05.008 и 05.01.05.007 (Маныч от истока до Пролетарского г/у без рр. Калаус и Егорлык). Западнее этой точки в точке 203 в верховьях р. Кугоея сходятся границы водохозяйственных участков 05.01.05.007, 05.01.05.011 и 06.01.00.001 (Ея). В дальнейшем граница участка сохраняет западное направление, идет по водоразделу рр. Кугоея и Кагальник и, дважды пересекая (в точках 204 и 205) административную границу Краснодарского края и Ростовской области, достигает т.206, где примыкает к береговой линии Азовского моря на границе Краснодарского края и Ростовской обл. От этой точки по береговой линии Азовского моря граница замыкается в расчетном створе - т.5136."""
Васюган,"""Водохозяйственный участок 13.01.08.001 охватывает бассейн р. Васюган, расположен в Томской, Омской и Новосибирской областях. Площадь участка составляет 61,8 тыс. км2. Река Васюган впадает в Обь в т.441, где сходятся границы водохозяйственных участков 13.01.07.001 (Обь от впадения р. Кеть до впадения р. Васюган), 13.01.08.001 (Васюган) и 13.01.09.001 (Обь от впадения р. Васюган до впадения р. Вах). От этой точки граница движется в юго-западном направлении по водоразделу рек Парабель, Чузики Чижапка, пересекает в т.442 административную границу между Новосибирской и Томской областями и доходит до т.411 – схождение границ водохозяйственных участков 13.01.07., 13.01.08 и 14.01.001.003 (Иртыш от впадения р. Омь до впадения р. Ишим без р. Оша). В т.411 граница поворачивает на запад, вновь в т.412 пересекает административную границу между Новосибирской и Томской областями, проходит через точку схождения границ Новосибирской, Омской и Томской областей (т.413), пересекает в т.414 административную границу между Омской и Томской областями, далее огибает верховья бассейна р. Шиш, поворачивает на север, огибает верховья р. Туй и проходит через водораздел водохозяйственных участков 13.01.08.001, 14.01.01.003 и 14.01.07.001 (Иртыш от впадения р. Тобол до устья (выше г. Ханты- Мансийск) без р. Конда) – т.415. От т.415 граница поворачивает на север на водораздел рек Ягыльях и Демьянка, пересекает границу между Омской и Томской областями в т.13048, проходит через точку схождения границ водохозяйственных участков 13.01.08.001, 13.01.11.001 (Обь от впадения р. Вах до г. Нефтеюганск) и 14.01.07.001 вблизи точки схождения административных границ Омской, Томской и Тюменской областей в верховьях р. Бол. Юган – т.416, далее движется вдоль административной границы между Томской областью и Ханты-Мансийским автономным округом, проходит через точку схождения границ водохозяйственных участков 13.01.08.001, 13.01.09.001 (Обь от впадения р. Васюган до впадения р. Вах) и 13.01.11.001 на водоразделе рек. Мал.Юган, Кульеган и Ларьеган – т.443. От т.443 по водоразделу рек. Обь и Васюган, граница идет в восточном направлении к замыканию в т.441. На всем протяжении граница следует по плоской, слаборасчлененной, сильно заболоченной и заозеренной Васюганской равнине (абсолютные высоты 30-140 м). Ландшафты представлены болотно-озерными комплексами, заболоченными березняками, приречные склоны занимают лесные массивы южной темнохвойной тайги. Грядово-озерковые и грядово-мочажинные болотные комплексы занимают более 70% территории. Здесь много озер, нередко в торфяных берегах. Относительно возвышенные участки выделяются развитием темнохвойной тайги, древесный ярус которой составляют ель, пихта, кедр."""
Унжа,"""Водохозяйственный участок 08.01.03.003 включает бассейн р. Унжа от истока до замыкающего расчетного створа при впадении в Горьковское в-ще - т.8041. Площадь водохозяйственного участка составляет 27,8 тыс. км2. От точки замыкающего створа граница участков 08.01.03.003 и 08.01.03.004 (Волга от г.Кострома до Горьковского г/у (Горьковское в-ще) без р. Унжа) простирается на север по водоразделу рр. Нея и Немда, затем делает поворот на запад и южнее Галичского озера приходит в т.8038, в которой сходятся границ водохозяйственных участков 08.01.03.001 (Кострома от истока до в/п Исады), 08.01.03.003 и 08.01.03.004. Далее граница участков 08.01.03.003 и 08.01.03.001 вновь принимает северное направление, проходит южнее оз. Чухломское и, повернув на северо-запад приходит в т.8037 – точку схождения границ водохозяйственных участков 08.01.03.001, 08.01.03.003 и 03.02.01.003 (Малая Северная Двина без рр. Юг и Сухона (от истока до Кубенского г/у), восточнее которой в т.101 пересекает административную границу Вологодской и Костромской областей. Далее граница извивается в восточном направлении, огибая истоки правых притоков р. Ида, до т.100 у истока р. Юза, где сходятся границы водохозяйственных участков 08.01.03.003, 03.02.01.002 (Юг) и 03.02.01.003. От этой точки граница простирается на юг по водоразделу бассейнов рр. Унжа и Югдо до т.99 – точки пересечение границы Костромской и Вологодской обл. и схождения границ водохозяйственных участков 08.01.03.003, 08.01.04.001 и 03.02.01.002. Южное направление границы сохраняется по водоразделу бассейнов р. Межа и Ветлуга до т.301 - точки пересечения границы Костромской и Нижегородской обл. вблизи точки схождения границ водохозяйственных участков 08.01.03.003, 08.01.04.001 и 08.01.04.002 (Ветлуга от г. Ветлуга до устья). Далее граница немного уходит на юго-запад и вдоль административной границы Нижегородской и Костромской областей приходит в т.8042, где сходятся границы водохозяйственных участков 08.01.03.003, 08.01.03.004 и 08.01.04.002. Здесь граница поворачивает на северо-запад и возвращается к замыкающему створу – т.8041."""
"""Кемь от Юшкозерского г/у до Кривопорожского г/у""","""Водохозяйственный участок 02.02.00.009 охватывает бассейн р. Кемь на участке от Юшкозерского до Кривопорожского гидроузла. Участок расположен в Республике Карелия, его площадь составляет 12,4 тыс. км2.От расчетного створа Кривопорожского гидроузла (т.2051) граница следует в южном направлении по водоразделу бассейнов правых притоков р. Кемь, проходя т.2052 схождения границ водохозяйственных участков 02.02.00.009, 02.02.00.010 (Кемь от Кривопорожского г/у до устья) и 02.02.00.013 (Нижний Выг от Выгозерскогог/у до устья), т.2054 схождения границ водохозяйственных участков 02.02.00.009, 02.02.00.011 (Сегежа до Сегозерского г/у, вкл. оз. Сег-озеро) и 02.02.00.012 и достигает т.2059 схождения границ водохозяйственных участков 02.02.00.009, 02.02.00.011 и 01.05.00.001 (Реки Карелии бассейна Балтийского моря, включая оз. Лексозеро). От этой точки граница поворачивает на север и следует до государственной границы РФ с Финляндией (т.53) по границе с водохозяйственным участком 01.05.00.001. Граница проходит в лесной зоне Фенноскандии с преобладанием сосновых, реже еловых лесов. На Западно- Карельской возвышенности проявляется высотная ландшафтная поясность: на высоте более 250 м северная тайга сменяется лесотундровым березовым криволесьем, переходящим к тундре. Затем граница проходит по государственной границе РФ с Финляндией до т.2050 на границе с водохозяйственным участком 02.02.00.009, после чего поворачивает на северо-восток, проходит створ Юшкозерского гидроузла в т.2049, поворачивает на северо-запад, проходит через т.2036 схождения границ водохозяйственных участков 02.02.00.004 (Ковда от истока до Кумского г/у, вкл. оз. Пя-озеро, Топ-озеро), 02.02.00.008 и 02.02.00.009, затем поворачивает на восток, проходит через т.2035 схождения границ водохозяйственных участков 02.02.00.004, 02.02.00.009 и 02.02.00.010 и в этом направлении замыкается в начальной т.2051."""
Кеть,"""Водохозяйственный участок 13.01.06.001 охватывает бассейн р. Кеть от истока до устья. Участок расположен в Красноярском крае и Томской области, его площадь составляет 94,2 тыс. км2. От расчетного створа впадения р. Кеть в р. Обь (т.437) граница водохозяйственного участка 13.01.06.001 следует по Кетско-Тымской равнине на север, проходит точку (т.439) схождения границ водохозяйственных участков 13.01.06.001, 13.01.07.001 (Обь от впадения р. Кеть до впадения р. Васюган) и 13.01.09.001 (Обь от впадения р. Васюган до впадения р. Вах), поворачивает на восток по водоразделу рр. Медвежья и Березовая, пересекает границу между Томской областью и Красноярским краем в т.440, проходит т.383 схождения границ водохозяйственных участков 13.01.06.001, 13.01.09.001 и 17.01.04.002 (Енисей от в/п с. Ярцево до впадения р. Подкаменная Тунгуска) на границе Красноярского края и Томской области, поворачивает на юго-восток, вновь пересекает границу между Томской областью и Красноярским краем в т.384, проходит т.17015 схождения границ водохозяйственных участков 13.01.06.001, 17.01.04.001 (Енисей от впадения р. Ангара до в/п с. Ярцево) и 17.01.04.002, еще дважды пересекает границу между Томской областью и Красноярским краем в т.385 и т.386 в верховьях р. Кольчум, далее следует по водоразделу рр. Сочур и Аверина, Бол. Кеть и Белая и достигает т.387 схождения границ водохозяйственных участков 13.01.06.001, 17.01.03.005 (Енисей от Красноярского г/у до впадения р. Ангара без р. Кан) и 17.01.04.001. Рельеф местности представляет собой плоскую или слабохолмистую низменную равнину, абсолютная высота колеблется от 50 до 180 м, лишь при подходе к отрогам гор Саяна она возрастает до 300 м. Зональные ландшафты территории представлены елово-пихтово-кедровой тайгой, в бассейнах рек Сым и Кеть встречаются сосновые боры. Большие площади заняты интрозональными ландшафтами болот, образующих обширные болотные массивы, самым крупным из которых является бол.Комарное. От т.387 граница бассейна Кети поворачивает на юг, продолжая подниматься на отроги Западного Саяна, проходит через водораздел (т.388) схождения границ водохозяйственных участков 13.01.04.002 (Чулым от г. Ачинск до в/п с. Зырянское), 13.01.06.001 и 17.01.03.005, поворачивает на северо-запад и движется по водоразделу бассейнов рр. Мендель, Бол. и Мал. Еловая (13.01.06) и Кемчуг и Чулым (13.01.04), переходя на предгорную равнину. В т.436 схождения границ водохозяйственных участков 13.01.04.002, 13.01.04.003 (Чулым от в/п с. Зырянское до устья) и 13.01.06.001 граница участка пересекает административную границу между Томской областью и Красноярским краем, обходит верховья рр. Чичкаюл и Улуюл и далее следует по Кетско-Тымской равнине по водоразделу рр. Кеть и Чичкаюл к т.435 – схождение границ водохозяйственных участков 13.01.04.003, 13.01.05.001 и 13.01.05.01, затем, проходя по водоразделу рр. Обь и Кеть, замыкается в т.437. Абсолютные высоты снижаются от 350 до 50 м, предгорная равнина сменяется плоской слабодренированной низменностью. Таежные ландшафты сочетаются с обширными заболоченными массивами."""
"""Российская часть бассейна р. Десна ниже г. Брянск""","""Водохозяйственный участок 04.01.00.011 включает российскую часть бассейна р. Десна ниже г. Брянск. Р. Десна пересекает Государственную границу РФ с Украиной в т.172 (расчетный створ). Площадь водохозяйственного участка составляет 17.6 тыс. км2. От расчетного створа участка граница следует на запад по Государственной границе с Украиной до т. 4037, в которой стыкуется с участком 04.01.00.014 (Снов). Здесь граница поворачивает на северо-запад и доходит до т.4026 – точки схождения границ водохозяйственных участков 04.01.00.007 (Ипуть от истока до границы РФ с Респ. Беларусь), 04.01.00.011 и 04.01.00.014, от которой отклоняется на северо-восток по водоразделу рр. Ипуть и Судость к т.4025, где сходятся границы водохозяйственных участков 04.01.00.007, 04.01.00.011 и 04.01.00.010 (Десна от г/у Смоленской АЭС до г. Брянск без р. Болва). Далее граница принимает восточное направление и по водоразделу рр. Судость и Десна идет до верхнего створа участка на р. Десне ниже г. Брянск в т.4031. Восточное направление границы сохраняется вдоль р. Снежесть до т.4036 - точки схождения границ водохозяйственных участков 04.01.00.010, 04.01.00.011 и 09.01.01.001 (Ока от истока до г. Орел), после которой граница уходит на юг уже по территории Орловской области к т.9002 у истока р.Неживка, где сходятся границы водохозяйственных участков 04.01.00.011, 04.01.00.013 (Российская часть бассейна р. Сейм ниже г. Курск) и 09.01.01.001 на водоразделе рр. Крома и Нерусса. От этой точки граница участка поворачивает на юго-запад, пересекает границу Орловской и Курской областей (т.4038), идет по водоразделу рр. Свапа и Нерусса, проходит границу Курской и Брянской областей (т.4039) и в т. 4040 достигает Государственной границы РФ с Украиной, вдоль которой в северо-западном направлении возвращается к расчетному замыкающему створу участка – т.172."""
"""Томь от г. Кемерово до устья""","""Водохозяйственный участок 13.01.03.004 охватывает бассейн р. Томь от г. Кемерово до ее впадения в р. Обь. Участок расположен в Томской, Кемеровской и Новосибирской областях, его площадь составляет 14,6 тыс. км2. От т.13035 – расчетного створа впадения р.Томь в р. Обь, граница водохозяйственного участка 13.01.03.004 следует на северо-восток до т.426 схождения границ водохозяйственных участков 13.01.02.007 (Обь от Новосибирского г/у до впадения р. Чулым без: рр. Иня и Томь), 13.01.03.004 и 13.01.04.003 (Чулым от в/п с. Зырянское до устья), затем поворачивает на юг, обходит верховья притоков Томи и Яи: Ушайка, Тугряковка, Куль, Ташма, Омутная, Куербак, пересекает границу между Томской и Кемеровской областями в т.432, проходит т.13041 схождения границ водохозяйственных участков 13.01.03.003 (Томь от г. Новокузнецк до г. Кемерово), 13.01.03.004 и 13.01.04.003, следует на юго-запад, пересекает р. Томь ниже г. Кемерово (т.13040), затем проходит т.13034 схождения границ водохозяйственных участков 13.01.03.003, 13.01.03.004 и 13.01.02.006 (Чумыш), после которой граница поворачивает на запад. Далее она пересекает границу между Новосибирской и Кемеровской областями (т.428), проходит т.13033 схождения границ водохозяйственных участков 13.01.02.006, 13.01.02.007 и 13.01.03.004, поворачивает на север, следует по водоразделу рр. Ояш, Баксон, Лебяжья и Бол. Черная, попутно пересекая границу между Томской и Новосибирской областями в т.427, после чего замыкается в начальной точке."""
"""Острова Белого моря в пределах внутренних морских вод и территориального моря РФ, прилегающего к береговой линии гидрографической единицы 03.01.00 (вкл. Соловецкие о-ва)""","""Водохозяйственный участок 03.01.00.100 включает водные объекты островов в пределах внутренних морских вод и территориального моря РФ, прилегающего к береговой линии гидрографической единицы 03.01.00. Наиболее крупными из островов являются Соловецкие острова. Площадь островов составляет около 0,35 тыс. км2. Граница водохозяйственного участка проходит по береговой линии островов."""
"""Печора от впадения р. Уса до в/п Усть-Цильма""","""Водохозяйственный участок 03.05.03.001 охватывает часть бассейна р. Печора от впадения р. Уса до замыкающего расчетного створа у в/п Усть-Цильма в т.3040. Водохозяйственный участок расположен на территории Республики Коми. Площадь водохозяйственного участка составляет 60 тыс. км2.От точки замыкающего створа граница участка направляется на северо-восток, затем отклоняется на север к т.3041 на водоразделе рр. Бол. Мутная и черная и в т.3042 пересекает границу Ненецкого а.о. и Республики Коми. У истока р. Лая в т.3039 сходятся границы водохозяйственных участков 03.05.03.001, 03.05.02.001 (Уса) и 03.05.03.002 (Печора от в/п Усть- Цильма до устья). Далее граница уходит на юг вдоль р. Колва, пересекает границу Республики Коми и Ненецкого а.о. в т.152 и достигает верхнего расчетного створа на р. Печора – т.150, где сходятся границы водохозяйственных участков 03.05.01.002 (Печора от в/п п. Шердино до впадения р. Уса), 03.05.02.001 и 03.05.03. 001. Здесь граница поворачивает на запад, но через небольшое расстояние вновь уходит на юг на водораздел рр. Лыжа и Боровая (т.3038) и далее на водоразделе бассейнов рек Лемью и Сэбысь (т.151). Несколько южнее этой точки в т.3037 сходятся границы водохозяйственных участков 03.05.03,001, 03.05.01.001 (Печора от истока до в/пп. Шердино) и 03.05.01.002 и далее в южном направлении граница участка достигает т.87 – точки схождения границ водохозяйственных участков 03.02.02.001 (Вычегда от истока до г. Сыктывкар), 03.05.01.001 и 03.05.03.001. Территория характеризуется плоским, равнинным рельефом. Все таежные ландшафты избыточно увлажнены, лишь отдельные острова относительно возвышенных равнин (в южной части отрезка границы) выделяются лучшей дренированностью и развитием еловых и пихтово-еловых лесов. В т.87 граница поворачивает на запад и следует по возвышенности Очпарма по водоразделу рек Ижма и Вычегда до водораздела (т.86) водохозяйственных участков 03.02.02.001, 03.02.02.002 (Вычегда от г. Сыктывкар до устья) и 03.05.03.001. Отсюда граница поворачивает на северо-северо - запади идет в этом направлении по Вымско-Вольской гряде Тиманского кряжа до водораздела бассейнов рек Вымь и черная Кедва – т.85, далее поворачивает на запад и достигает точки (т.84) схождения границ водохозяйственных участков 03.05.03.001, 03.02.02.002 и 03.03.00.001 (Мезень от истока до в/п д. Малонисогорская). Абсолютная высота возрастает до 300 м, господствует увалистый рельеф возвышенных равнин, занятых преимущественно еловыми и елово-березовыми лесами, плоские междуречья сильно заболочены. Далее граница идёт уже на северо-запад, пересекает границу Республики Коми и Архангельской обл. в т.123, огибает исток р. Пижма, где в т.3028 сходятся границы водохозяйственных участков 03.03.00.001, 03.05.03.002 и 03.05.03.001 и простирается на восток до точки замыкающего створа– т.3040."""
"""Мезень от в/п д. Малонисогорская до устья""","""Водохозяйственный участок 03.03.00.002 охватывает нижнюю часть бассейна р. Мезень с замыкающим расчетным створом в месте впадения реки в Мезенскую губу в т.115. Водохозяйственный участок расположен на территории Архангельской области. Площадь водохозяйственного участка составляет 21,6 тыс. км2. От точки замыкающего створа граница участка идет на север до т.118, в которой пересекается граница Архангельской обл. и Ненецкого а.о. вблизи точки схождения границ водохозяйственных участков 03.03.00.002, 03.03.00.003 (Реки бассейна Белого моря от мыса Воронов до мыса Канин Нос (исключая р. Мезень) и 03.04.00.001 (Реки бассейна Баренцева моря от мыса Канин Нос до границы бассейна р. Печора). Далее граница обходит с юга верховья р. Вижас, вновь пересекает в т.119 административную границу Ненецкого автономного округа и Архангельской области. У верховья р. Ома граница поворачивает на север, подходит к т.120, практически совпадая с административной границей Ненецкого автономного округа и Архангельской области, далее делает петлю у верховье р. Пёша, поднимается на возвышенность Косминский камень и достигает т.121 схождения границ водохозяйственных участков 03.03.00.003, 03.04.00.001 и 03.05.03.002 (Печора от в/п Усть-Цильма до устья). Абсолютная высота от нулевой отметки возрастает до 240 м на возвышенности Косминский камень. Побережье занято мохово-лишайниковой и кустарниковой тундрой с многочисленными мелкими озерами, южнее тундра сменяется изреженными сырыми северотаежными лесами из ели с примесью пихты. От т.121 граница уходит на юг по возвышенности Косминский Камень Тиманского кряжа, пересекает в т.122 административную границу Республики Коми и Архангельской области и приходит в т.3032 – точку схождения границ водохозяйственных участков 03.03.00.001 (Мезень от истока до в/п д. Малонисогорская), 03.03.00.002 и 03.05.03.002. Отсюда граница уходит на запад по водоразделу рр. Пеза и Мезень до т.3030, в которой пересекается р. Мезень у в/п д. Малонисогорская, и далее до т.3033, где сходятся границы водохозяйственных участков 03.03.00.001, 03.03.00.002 и 03.03.00.003. После поворота на север граница замыкается в расчетном створе – т.115. Абсолютные высоты на этом участке снижаются от 190 м до нулевой отметки побережья, холмистый моренный рельеф сменяется плоским низменным морских равнин. На этом протяженном участке границы бассейна Мезени северотаежные леса из ели с примесью пихты сменяются затем тундровыми ландшафтами прибрежной территории; плоские междуречья сильно заболочены."""
"""Северная Двина от впадения р. Вага до устья без р. Пинега""","""Водохозяйственный участок 03.02.03.004 охватывает нижнюю часть бассейна р. Северная Двина от впадения в нее р. Вага до устья без р. Пинега с замыкающим расчетным створом в устье реки вместе впадения ее в Двинскую губу Белого моря в т.77. Водохозяйственный участок расположен на территории Архангельской области. Площадь водохозяйственного участка составляет 36,9 км2. От точки замыкающего створа граница идет по береговой линии Белого моря до т.3027, после которой уходит на восток до т.3025 – точки схождения границ водохозяйственных участков 03.02.03.004, 03.02.03.005 (Реки бассейна Белого моря от северо-восточной границы р. Золотица до мыса Воронов без р. Северная Двина) и 03.03.00.003 (Мезень от истока до в/п д. Малонисогорская) и здесь же до т.3024 – точки схождения границ водохозяйственных участков 03.02.03.003, 03.02.03.004 (Северная Двина от впадения р. Вага до устья без р. Пинега) и 03.03.00.003. Отсюда граница поворачивает на юг, проходит т.3023, где р. Пинега впадает в р. Сев.Двина, затем уходит на восток до т.3022 на водоразделе рр. Охтома и Пукшеньга, вновь поворачивает на юг до т.3026 – точки схождения границ водохозяйственных участков 03.02.03.001 (Северная Двина от впадения р. Вычегда до впадения р. Вага), 03.02.03.004 и 03.02.03.003. Далее граница следует на запад, проходит т.3017, в которой граница пересекает р. Сев. Двина в месте впадения в нее р. Вага и сходятся границы водохозяйственных участков 03.02.03.001, 03.02.03.002 (Вага) и 03.02.03.004 и затем следует до т.3003 – точки схождения границ водохозяйственных участков 03.01.00.001 (Онега), 03.02.03.004 и 03.02.03.002. Здесь граница поворачивает на север, по водоразделу рр. Онега и Сев.Двина достигает т.3002, где сходятся границы водохозяйственных участков 03.01.00.001, 03.02.03.004 и 03.02.03.005, а затем замыкается в расчетном створе в месте впадения реки Северная Двина в Двинскую губу Белого моря – т.77."""
"""Бассейн оз. Телецкое""","""Водохозяйственный участок 13.01.01.001 охватывает бассейн оз. Телецкое и всех его притоков до начала р. Бия. Участок расположен в Алтайском крае. Его площадь составляет 19,5 тыс. км2. От т.13001, в которой из оз. Телецкое вытекает р. Бия, граница водохозяйственного участка следует на восток по водоразделу Телецкого озера и рр. Чуйка и Клык до т.13002 схождения границ водохозяйственных участков 13.01.01.001, 13.01.01.002 (Бия) и 17.01.03.002 (Енисей от Саяно-Шушенского г/у до впадения р. Абакан) и пересечения границы между Алтайским краем и Республикой Хакасия, поворачивает на юг и следует вдоль этой границы, проходя т.394 – точку схождения границ Республик Алтай, Хакасия и Тыва, а затем т.17041 схождения границ водохозяйственных участков 13.01.01.001, 17.01.03.002 и 17.01.03.001 (Енисей от слияния Б. и М. Енисея до Саяно-Шушенского г/у). Граница следует далее по водоразделу рр. Чулышман и Хемчик по административной границе между Республиками Алтай и Тыва до т.395 схождения границ водохозяйственных участков 13.01.01.001, 13.01.01.200 (Бессточная территория между бассейнами рек Обь, Енисей и границей РФ с Монголией) и 17.01.03.001. Абсолютная высота местности возрастает, достигая 3000 в южной части Чулышманского нагорья. Лесные сообщества представлены березовыми и парковыми березово-осиновыми лесами. В горах по мере подъема в смене ландшафтов проявляется высотная поясность. Горная тайга покрывает склоны до высоты 2000-2200 м. В расположенном выше альпийском поясе доминируют заросли низкорослых кустарников, субальпийские и альпийские луга, выше 3000 м отчетливо выражен нивальный пояс, в котором горные тундры, лишенные растительности осыпи и скалы чередуются со снежными полями и ледниками. От т.395 граница поворачивает на запад, пересекает в т.13003 границу между Республикой Атлай и Республикой Тыва, где сходятся границы водохозяйственных участков 13.01.01.001, 13.01.01.003 (Катунь) и 13.01.01.200, проходит по водоразделу рр. Чуя и Башкаус, делает петлю в северо-западном направлении, проходит т.13004 схождения границ водохозяйственных участков 13.01.01.001, 13.01.01.002 и 13.01.01.003 и следует дальше на север к исходной точке."""
Вага,"""Водохозяйственный участок 03.02.03.002 охватывает бассейн левого притока Северной Двины- р. Вага с замыкающим расчетным створом в месте ее впадения в р. Северная Двина в т.3017, в которой сходятся границы водохозяйственных участков 03.02.03.001 (Северная Двина от впадения р. Вычегда до впадения р. Вага), 03.02.03.002 и 03.02.03.004 (Северная Двина от впадения р. Вага до устья без р. Пинега). Водохозяйственный участок расположен на территории Архангельской и Вологодской областей. Площадь водохозяйственного участка составляет 44,8 тыс. км2.От точки замыкающего створа граница следует на юг по водоразделу рр. Вага и Сев. Двина до тт.113 и 3014, в которых пересекается административная граница Архангельской и Вологодской обл. и сходятся границы водохозяйственных участков 03.02.01.003 (Малая Северная Двина от начала реки до впадения р. Вычегда без рр. Юг и Сухона (от истока до Кубенского г/у), 03.02.03.001и 03.02.03.002, затем поворачивает на запад и следует вдоль границы между Архангельской и Вологодской обл., которую пересекает в т.3018 на водоразделе рр. Черновица и Порша и в т.112. От этой точки граница идет по водоразделу рр. Сухона и Вага до истоков р. Вага (т.111), а в т.3009 сходятся границы водохозяйственных участков 03.02.01.001 (оз. Кубенское и р. Сухона от истока до Кубенского г/у), 03.02.03.002 и 03.02.01.003. Здесь граница принимает северо-западное направление, еще раз пересекает границу Архангельской и Вологодской обл. в т.110, а в т.73 проходит схождение границ водохозяйственных участков 03.01.00.001 (Онега), 03.02.01.001 и 03.02.03.002. На север по водоразделу рр. Онега и Вага граница проходит т.3004 на водоразделе рр. Подюга и Икса, достигает точек 72 на междуречье рр. Моша и Ледь и 3003, в которой сходятся границы водохозяйственных участков 03.01.00.001, 03.02.03.004 и 03.02.03.002, а затем после поворота на восток граница участка замыкается в т.3017.Характер рельефа и растительности на участке границы подобен предыдущему участку. Абсолютные отметки местности на границе порядка 200 м, рельеф водораздельной поверхности характеризуется наличием плоских междуречных и моренных возвышенных равнин с холмами и грядами. В растительном покрове преобладают среднетаежные темнохвойные леса в сочетании с болотами различного типа."""
"""Томь от истока до г. Новокузнецк без р. Кондома""","""Водохозяйственный участок 13.01.03.002 охватывает бассейн р. Томь от истока до г. Новокузнецк, исключая бассейн р. Кондома. Участок расположен в Кемеровской области, Республиках Хакасия и Алтай, его площадь составляет 21,5 тыс. км2. От расчетного створа ниже г. Новокузнецк (т.13038) граница водохозяйственного участка следует на восток по водоразделу рр. Верх. Терсь и Абашева до т.13039 схождения границ водохозяйственных участков 13.01.03.002, 13.01.03.003 (Томь от г. Новокузнецк до г. Кемерово) и 13.01.04.001 (Чулым от истока до г. Ачинск), затем делает петлю в южном направлении, пересекает границу между Кемеровской областью и Республикой Хакасия в т.434 и достигает т.391 схождения границ водохозяйственных участков 13.01.03.002, 13.01.03.003 и 17.01.03.002 (Енисей от Саяно- Шушенского г/у до впадения р. Абакан). От этой точки граница поворачивает на юго-запад, снова пересекает границу между Кемеровской областью и Республикой Хакасия в т.392, проходит по водоразделу рр. Мрассу и Абакан и достигает т.393 схождения границ водохозяйственных участков 13.01.03.002, 13.01.01.002 (Бия) и 17.01.03.002. Далее граница поворачивает на северо- восток, проходит т.13006 схождения границ водохозяйственных участков 13.01.03.001 (Кондома), 13.01.03.002 и 13.01.01.002, затем следует на север по водоразделам рр. Кундель, Мзас, Бол. Таз, Бол. Унзас, Кондома и Пызас, пересекает р. Кондома в устье (т.13037), проходит в западном направлении т.13024 схождения границ водохозяйственных участков 13.01.02.004 (Чумыш), 13.01.03.001 и13.01.03.002, поворачивает на север и замыкается в начальной точке."""
"""Реки бассейна Баренцева моря от восточной границы р. Печенга до западной границы бассейна р. Воронья без: рр. Тулома и Кола""","""Водохозяйственный участок 02.01.00.006 охватывает бассейны рек Баренцева моря от восточной границы бассейна р. Печенга до западной границы бассейна р. Воронья, исключая бассейны рр. Тулома и Кола. Водохозяйственный участок расположен в Мурманской области, состоит из двух частей, разделенных устьями рр. Тулома и Кола, его площадь составляет 12,5 тыс. км2. От т.55 – схождения границ водохозяйственных участков 02.01.00.004 (Тулома от Верхнетуломского г/у до устья), 02.01.00.005 (Кола, вкл. оз. Кол-озеро) и 02.01.00.006 на берегу Кольского залива Баренцева моря в месте впадения рек Тулома и Кола, граница водохозяйственного участка 02.01.00.006 следует в западном направлении по водоразделу бассейна р. Тулома до т.2011 – схождения границ водохозяйственных участков 02.01.00.003 (Тулома от истока до Верхнетуломского г/у, вкл. Нот-озеро), 02.01.00.004 и 02.01.00.006 и далее до т.2007 - схождения границ водохозяйственных участков 02.01.00.002 (Печенга), 02.01.00.003 и 02.01.00.006 Отсюда граница поворачивает на север и простирается по водоразделу бассейна р. Печенга до побережья Баренцева моря (т.2006).От этой точки граница водохозяйственного участка проходит на восток по берегу Баренцева моря, заходит в Кольский залив (т.55) и простирается по побережью Баренцева моря до границы с бассейном р. Воронья (т.2014). Отсюда граница уходит на юго-запад вглубь материка по водоразделу бассейна р. Воронья до т.2015 схождения границ водохозяйственных участков 02.01.00.006, 02.01.00.007 (Воронья от истока до г/у Серебрянское 1, вкл. оз. Ловозеро) и 02.01.00.008 (Воронья от г/у Серебрянское 1 до устья) и далее до т.2012 - схождения границ водохозяйственных участков 02.01.00.005, 02.01.00.007 и 02.01.00.006. Затем граница участка проходит по водоразделу бассейна р. Кола до ее устья в т.55, где и замыкается граница водохозяйственного участка. Прибрежная часть шириной 50-100 км занята мохово-лишайниковой и кустарниковой тундрой с участками березового редколесья и кустарниковой ивы. Широкое распространение имеют болота."""
"""Великая от истока до в/п д. Гуйтово""","""Водохозяйственный участок 01.03.00.001 охватывает бассейн р. Великая от истока до расчетного створа в/п д. Гуйтово. Река Великая берёт начало на Бежаницкой возвышенности, где протекает через множество мелких озёр Главные притоки: Исса, Синяя — слева; Череха, Пскова — справа. Участок расположен в Псковской области, его площадь составляет 13,4 тыс. км2. От расчетного створа р. Великая – в/п д. Гуйтово (т.1009) граница водохозяйственного участка 01.03.00.001 следует на восток по водоразделу рр. Великая и Череха, поднимаясь на Судомскую возвышенность, до т.28 схождения границ водохозяйственных участков 01.03.00.001, 01.03.00.002 (Великая от в/п д. Гуйтово до устья) и 01.04.02.004 (Водла) на водоразделе Судомской возвышенности, и далее в том же направлении до т.29 схождения границ водохозяйственных участков 01.03.00.001, 01.04.02.003 (Бассейн оз. Водлозеро) и 01.04.02.004. От этой точки граница следует на юг, поднимается на Бежаницкую возвышенность проходит верховья рр. Уда и Льста, на водоразделе рр. Льста и Локня проходит т.30 и достигает т.20 схождения границ водохозяйственных участков 01.02.00.001 (Дрисса), 01.03.00.001 и 01.04.02.003. Далее граница делает петлю в западном направлении, обходя оз. Язно и Верято, истоки р. еликая и оз. Свибло и примыкает к Государственной границе РФ с Республикой Беларусь в т.19 на границе с водохозяйственным участком 01.02.00.001. Отсюда граница следует на север вдоль Государственной границы РФ с Республикой Беларусь до т.1017 схождения границ РФ, Республики Беларусь и Латвии, далее – вдоль Государственной границы РФ с Латвией до т.1018 примыкания к ней границы с водохозяйственным участком 01.03.00.002. Далее граница водохозяйственного участка отходит от Государственной границы РФ и следует в том же северном направлении по водоразделу рр. Синяя и Лжа до замыкания в начальной точке. Для территории водохозяйственного участка характерны ландшафты лесной зоны Русской равнины: смешанные леса с участками сосновых боров, по понижениям – сфагновые торфяники и закустаренные луга."""
Чуня,"""Водохозяйственный участок 17.01.05.002 включает бассейн р. Чуня от истока до устья. Водохозяйственный участок целиком расположен на Среднесибирском плоскогорье на территории Эвенкийского автономного округа. Площадь водохозяйственного участка составляет 70,5 тыс. км2. От т.17016 схождения границ водохозяйственных участков 17.01.05.001 (Подкаменная Тунгуска от истока до впадения р. Чуня), 17.01.05.002 (Чуня) и 17.01.05.003 (Подкаменная Тунгуска от впадения р. Чуня до устья) в месте впадения р. Чуня в р. Подкаменная Тунгуска граница следует на север, проходит через т.17019 схождения границ водохозяйственных участков 17.01.05.002, 17.01.05.003 и 17.01.07.003 (Нижняя Тунгуска от в/п пгт. Тура до в/п п. Учами), далее следует через т.641 у истока р. Ниж. Чунку, поворачивает на восток, проходит через т.642 (исток р. Паимбу), поворачивает на юго-восток, проходит через т.17020 схождения границ водохозяйственных участков 17.01.05.002, 17.01.07.001 (Нижняя Тунгуска от истока до в/п п. Кислокан) и 17.01.07.003, поворачивает на юг к т.643 у истока р. Сев. Чуня, проходит через т.17017 схождения границ водохозяйственных участков 17.01.05.001, 17.01.05.002 и 17.01.07.001, поворачивает на запад и приходит в исходную т.17016. Граница разделяет реки Ниж Чунку, Верх.Чунку, Паимбу, Сев.Чуня, Юж.Чуня, Кимчу, Тычаны внутри водохозяйственного участка и реки Юнари, Таймура, Илимпея, Бол. Чайка, Чамба за его пределами. Абсолютные высоты колеблются в пределах 400-700м. Рельеф возвышенных равнин характеризуется отдельно возвышающимися массивами и сопками Ландшафты междуречий представлены среднетаежными елово-лиственничными лесами с примесью лиственницы сибирской, к югу появляется сосна и кедр. Нижние ярусы образует ольха, можжевельник и кустарниковая ива."""
"""Куйбышевское в-ще от пгт. Камское устье до Куйбышевского г/у без р. Бол.Черемшан""","""Водохозяйственный участок 11.01.00.005 включает основную часть бассейна Куйбышевского водохранилища до расчетного замыкающего створа Куйбышевский г/у – т.11015. Площадь водохозяйственного участка составляет 22,5 тыс. км2. От т.11015 граница участков 11.01.00.005 и 11.01.00.015 (Волга от Куйбышевского г/у до Саратовского г/у (Саратовское в-ще) без рр. Сок, Чапаевка, Мал.Иргиз, Самара и Сызранка) огибает с востока г. Жигулевск и направляется на запад по Жигулевской излучине между находящейся в подпоре Куйбышевского г/у рекой Уса и Саратовским водохранилищем до г. Сызрань. Дальше граница резко поворачивает на северо-запад по водоразделу рр. Крымза и Тишерек до т.11016 – точки схождения границ водохозяйственных участков 11.01.00.005, 11.01.00.013 (Сызранка от истока до г. Сызрань (выше города) и 11.01.00.015, пересекает административную границу Самарской и Ульяновской областей (т.11045) и достигает т.11017, где сходятся границы водохозяйственных участков 08.01.04.005 (Свияга от истока до с.Альшеево), 11.01.00.005 и 11.01.00.013. Отсюда граница участков 08.01.04.005 и 11.01.00.005 поворачивает на северо-восток сначала по водоразделу р. Мал. Свияга и Тукшумка, затем вдоль бассейна р. Мал.Свияга до г. Ульяновск и далее до точки (8058) схождения границ водохозяйственных участков 08.01.04.005, 08.01.04.006 (Свияга от с.Альшеево до устья) и 11.01.00.005. От этой точки граница участков 11.01.00.005 и 08.01.04.006 идет на северо-восток вдоль берега Куйбышевского водохранилища, отделяя его от бассейна р. Свияги, в т.266 пересекает границу Ульяновской области и Респ. Марий Эл и, огибая верховья р. Свияги, продолжается вдоль берега водохранилища до точки (11002) схождения границ водохозяйственных участков 11.01.00.001 (Волжский участок Куйбышевского в-ща от г. Казань до пгт. Камское устье), 11.01.00.005 и 08.01.04.006. От этой точки граница между участками 11.01.00.005 и 11.01.00.001 резко уходит на юго-восток до створа Куйбышевского в-ща в т.11001 (пгт. Камское устье), где сходятся границы водохозяйственных участков 11.01.00.001, 11.01.00.003 (Камский участок Куйбышевского в-ща от устья р. Кама до пгт. Камское устье без р. Шешма и Волга) и 11.01.00.005. Далее граница участков 11.01.00.005 и 11.01.00.003 пересекает Куйбышевское в-ще, идет на юго-восток по водоразделу рр. Бездна и Салманка до точки (11009) схождения границ водохозяйственных участков 11.01.00.003, 11.01.00.004 (Большой Черемшан) и 11.01.00.005, потом поворачивает на юг вдоль западной границы бассейна р. Мал. Черемшан до Черемшанского залива Куйбышевского водохранилища и пересекает границу Республики Татарстан и Самарской области (т.11011). Огибая залив с востока, граница пересекает устье р. Бол. Черемшан (т.11010) и от этой точки направляется на юго-восток, пересекая в т.11014 административную границу Самарской и Ульяновской областей. Далее граница участка достигает т.11013, которая объединяет границы водохозяйственных участков 11.01.00.004, 11.01.00.005, 11.01.00.006 (Сок) и 11.01.00.015, а после этой точки в юго-западном направлении граница замыкается в расчетном створе – т.11015."""
"""Ковда от истока до Кумского г/у, вкл. оз. Пя-озеро, Топ-озеро""","""Водохозяйственный участок 02.02.00.004 охватывает бассейны озер Пя-озеро и Топ-озеро, а также р. Ковда (Кума) от истока до Кумского гидроузла. Участок расположен в Республике Карелия, площадь его составляет 13,2 тыс. км2.От расчетного створа на Кумском гидроузле (т.2031) граница водохозяйственного участка следует на север до т.2032 – схождения границ водохозяйственных участков 02.02.00.004, 02.02.00.005 (Ковда от Кумского г/у до Иовского г/у) и 02.02.00.006 (Ковда от Иовского г/у до устья), затем при общем юго-восточном направлении проходит по водоразделу бассейнов озер Тикшеозеро и Пя-озеро до т.2033, где сходятся границы участков 02.02.00.004, 02.02.00.006 и 02.02.00.007 (Реки бассейна Белого моря от западной границы бассейна р. Нива до северной границы бассейна р. Кемь без р. Ковда), и, оконтуривая бассейн озера Топ-озеро, достигает т.2034 схождения границ водохозяйственных участков 02.02.00.004, 02.02.00.007 и 02.02.00.010 (Кемь от Кривопорожского г/у до устья).Далее граница поворачивает на северо-запад, проходит т.2035 схождения границ водохозяйственных участков 02.02.00.004, 02.02.00.009 (Кемь от Юшкозерского г/у до Кривопорожского г/у) и 02.02.00.010, т.2036 схождения границ водохозяйственных участков 02.02.00.004, 02.02.00.008 (Кемь от истока до Юшкозерского г/у, вкл. оз. Верхнее, Среднее и Нижнее Куйто) и 02.02.00.009 и выходит на Государственную границу России с Финляндией в т.2037 примыкания к ней границы с водохозяйственным участком 02.02.00.008.Отсюда граница водохозяйственного участка следует на север вдоль Государственной границы РФ с Финляндией до т.2038 примыкания к ней границы с водохозяйственным участком 02.02.00.005 и, следуя далее на восток, замыкается в начальной точке."""
"""Бол.Иргиз от Сулакского г/у до устья""","""Водохозяйственный участок 11.01.00.017 охватывает нижнюю часть бассейна р. Бол. Иргиз от Сулакского г/у до расчетного замыкающего створа – т.11056 в месте впадения р. Бол.Иргиз в Волгоградское в-ще. Площадь водохозяйственного участка составляет 3,8 тыс.км2. От точки замыкающего створа граница участков 11.01.00.017 и 11.01.00.022 (Волга от Саратовского г/у до Волгоградского г/у (Волгоградское в-ще) без рр. Бол.Иргиз, Бол.Караман, Терешка, Еруслан, Торгун) следует на восток до г. Балаково, на северной окраине которого в т.11051 сходятся границы водохозяйственных участков 11.01.00.014 (Мал. Иргиз), 11.01.00.015 (Волга от Куйбышевского г/у до Саратовского г/у (Саратовское в-ще) без рр. Сок, Чапаевка, Мал.Иргиз, Самара и Сызранка), 11.01.00.017 и 11.01.00.022. От этой точки граница участков 11.01.00.014 и 11.01.00.017 уходит на юго-восток к т.11050 - точке схождения границ водохозяйственных участков 11.01.00.014, 11.01.00.016 (Бол.Иргиз от истока до Сулакскского г/у) и 11.01.00.017 и далее до пересечения р. Бол.Иргиз в створе Сулакскогог г/у (т.11054). От т.11054 граница идет на юг до т.11055, в которой сходятся границ водохозяйственных участков 11.01.00.016, 11.01.00.017 и 12.02.00.002 (Урал от Верхнеуральского г/у до Магнитогорского г/у). Здесь граница поворачивает на запад, вблизи истока р. Еруслан проходит т.12001 - точку схождения границ водохозяйственных участков 11.01.00.017, 12.02.00.001 (Урал от истока до Верхнеуральского г/у) и 12.02.00.002, затем в т.11090 - точку схождения границ водохозяйственных участков 11.01.00.017, 11.01.00.020 (Еруслан) и 12.02.00.001 и, повернув на запад достигает т.11057 – точки схождения границ водохозяйственных участков 11.01.00.017, 11.01.00.018 (Бол.Караман) и 11.01.00.020. От этой точки, извиваясь в северо-западном направлении между истоками притоков рр. Бол.Иргиз и Бол.Караман, граница в т.11058 обозначает схождение границ водохозяйственных участков 11.01.00.017, 11.01.00.018 и 11.01.00.022, после которой идет на север до расчетной замыкающей точки – т.11056."""
"""Самара от истока до Сорочинского г/у""","""Водохозяйственный участок 11.01.00.009 охватывает верхнюю часть бассейна р. Самара в пределах Оренбургской области от истока до замыкающего расчетного створа у Сорочинского г/у – т.11032. Площадь водохозяйственного участка составляет 5,7 тыс. км2. От т.11032 граница участков 11.01.00.009 и 11.01.00.010 (Самара от Сорочинского г/у до в/п с. Елшанка) идет на северо-восток и плавно поворачивает на юго-восток по водоразделу рр. Мал. Уран и Бол. Уран до т.11033 у истока р. Мал. Уран, где сходятся водохозяйственные участки 11.01.00.009, 11.01.00.010 и 12.01.00.007 (Сакмара от впадения р. Большой Ик до устья). Далее граница участков 11.01.00.009 и 12.01.00.007 перемещается в южном направлении, оставляя с запада верховья р. Бол. Уран до истока р. Гусиха (левый приток р Бол. Уран), где проходит через точку (12003) пересечения границ участков 11.01.00.009, 12.01.00.007 и 12.01.00.010 (Российская часть бассейна р. Урал ниже впадения в него р. Сакмара без р. Илек). От т.343 граница поворачивает на запад по водоразделу р. Самара и правых притоков р. Урал к т.344 в истоках р. Бузулук. В этой точке сходятся границы водохозяйственных участков 11.01.00.009, 11.01.00.010 и 12.01.00.010. Далее граница участков 11.01.00.009 и 11.01.00.010 в северном направлении приходит в точку замыкающего створа – т.11032."""
"""Самара от Сорочинского г/у до в/п с. Елшанка""","""Водохозяйственный участок 11.01.00.010 включает среднюю часть бассейна р. Самара почти целиком в пределах Оренбургской области от Сорочинского г/у до замыкающего расчетного створа у с. Елшанка – т.11034. Площадь водохозяйственного участка составляет 17,1 тыс. км2. От т.11034 граница участков 11.01.00.010 и 11.01.00.011 (Самара от в/п с. Елшанка до г. Самара (выше города) без р. Бол.Кинель) простирается на северо-восток и плавно поворачивает на восток по водоразделу рр. Ток и Боровка до точки 11031 у истока р. Боровка, в которой сходятся границы водохозяйственных участков 11.01.00.008 (Бол.Кинель без р. Кутулук от истока до Кутулукского г/у), 11.01.00.010 и 11.01.00.011 и 11.01.00.010. Далее граница между участками 11.01.00.010 и 11.01.00.008 идет в этом же направлении по водоразделу бассейнов рр. Ток и Бол. Кинель до т.11030 – точки схождения границ водохозяйственных участков 10.01.02.013 (Дема от истока до в/п д. Бочкарева), 11.01.00.008 и 11.01.00.010. От этой точки граница участков 11.01.00.010и 10.01.02.013, огибая истоки рр. Турганник и Зиганнак в юго-восточном направлении приходит в т.328, в которой сходятся участки 10.01.02.013, 11.01.00.010 и 12.01.00.006 (Сакмара без р. Большой Ик). Граница участков 11.01.00.010 и 12.01.00.006, простираясь в юго-восточном направлении, разделяет бассейны рр. Ток и текущей в противоположном направлении р. Салмыш. В т.342 в верховьях р. Ток, граница поворачивает на юго-запад и у истока р. Мал. Уран проходит точку (11033) схождения границ водохозяйственных участков 10.01.01.009, 11.01.00.010 и 12.01.00.007. Дальнейшее направление границы участков 11.01.00.010 и 11.01.00.009 –северо- запад по водоразделу рр. Мал. Уран и Бол. Уран и, после резкого поворота на юго-запад, граница пересекает р. Самару в устье р. Бол. Уран (т.11032), огибает к югу левую часть бассейна р. Самара и достигает т.344, где сходятся границы участков 11.01.00.009, 11.01.00.010 и 12.01.00.010 (Урал от впадения р. Сакмара до и его притоки до границы с Респ. Казахстан без р. Илек) в верховьях р. Бузулук. От этой точки граница участков 11.01.00.010 и 12.01.00.010 идет на запад вдоль водораздела р. Бузулук и притоков левой части бассейна р. Урал до т.345 – точки пересечения границы Самарской и Оренбургской областей вблизи точки схождения границ водохозяйственных участков 11.01.00.010, 11.01.00.016 (Бол.Иргиз от истока до Сулакского г/у) и 12.01.00.010. Здесь граница участков 11.01.00.010 и 11.01.00.016 следует на северо-запад до рядом расположенной точки – т.11035 (точка схождения границ водохозяйственных участков 10.01.01.010, 11.01.00.012 (Чапаевка) и 11.01.00.016 и на север до т.11036 (точка схождения границ водохозяйственных участков 11.01.00.010, 11.01.00.011 и 11.01.00.012). От точки 11036 граница участков 11.01.00.010 и 11.01.00.011 идет по водоразделу бассейнов рр. Съезжая и Бузулук, пересекает в т.11037 границу Оренбургской и Самарской областей и, повернув к северо-востоку, замыкает участок 11.01.00.010 в расчетном створе – т.11034."""
"""Бол.Иргиз от истока до Сулакского г/у""","""Водохозяйственный участок 11.01.00.016 охватывает верхнюю часть бассейна р. Бол. Иргиз от истока до расчетного замыкающего створа у Сулакского г/у – т.11054. Площадь водохозяйственного участка составляет 20,2 тыс. км2. От точки замыкающего створа граница участков 11.01.00.016 и 11.01.00.017 (Бол.Иргиз от Сулакского г/у до устья) простирается на северо-запад до т.11050, в которой сходятся границы водохозяйственных участков 11.01.00.014 (Мал.Иргиз), 11.01.00.016 и 11.01.00.017. От этой точки граница поворачивает на восток и идет по водоразделу рр. Мал Иргиз и Бол. Иргиз почти по прямой линии, делает небольшой изгиб вокруг истока р. Черная и, повернув на север, достигает т.11049 – точки пересечения границы между Саратовской и Самарской обл. вблизи точки схождения границ водохозяйственных участков 11.01.00.014, 11.01.00.015 (Волга от Куйбышевского г/у до Саратовского г/у (Саратовское в-ще) без рр. Сок, Чапаевка, Мал.Иргиз, Самара и Сызранка) и 11.01.00.016. Далее граница следует на восток, проходит т.11041, где сходятся границы водохозяйственных участков 11.01.00.012 (Чапаевка), 11.01.00.015 и 11.01.00.016, затем по водоразделу бассейнов рр. Бол.Иргиз и Чапаевка и плавно поворачивает на юго-восток. У истока рр. Чапаев- ка и Каралык граница проходитт.11035 - точку схождения границ водохозяйственных участков 11.01.01.010 (Самара от Сорочинского г/у до в/п с. Елшанка), 11.01.00.012 и 11.01.00.016, а у истока р. Бол.Иргиз – т.345 – точку пересечения границ Самарской и Оренбургской обл. вблизи точки схождения границ водохозяйственных участков 11.01.00.010, 11.01.00.016 и 12.01.00.009 (Урал от впадения р. Сакмара до и его притоки до границы с Респ. Казахстан без р. Илек). Затем граница участков 12.01.00.009 и 11.01.00.016 поворачивает на юго-запад. идет до т.346 – точки пересечения границ Самарской, Оренбургской и Саратовской обл. на Государственной границе РФ с Республикой Казахстан и огибает верховья бассейна р. Камелик – притока р. Бол.Иргиз. Далее, повернув на запад, граница приходит в т.347, где примыкает к Государственной границе РФ с Республикой Казахстан на границе с водохозяйственным участком 12.02.00.002 (Урал от Верхнеуральского г/у до Магнитогорского г/у), от которой следует уже на северо-запад до истока р. Бол. Узень, до т.348. На юго-запад от этой точки граница приходит в т.11055 – точку схождения границ водохозяйственных участков 11.01.00.016, 11.01.00.017 и 12.02.00.002, от которой в северном направлении замыкает участок в расчетном створе – т.11054."""
"""Еруслан от истока до устья""","""Водохозяйственный участок 11.01.00.020 охватывает бассейн р. Еруслан от истока до расчетного замыкающего створа в месте впадения в Волгоградское в-ще – т.11064. Площадь водохозяйственного участка составляет 5,6 тыс. км2. От точки замыкающего створа граница участков 11.01.00.020 и 11.01.00.022 (Волга от Саратовского г/у до Волгоградского г/у (Волгоградское в-ще) без рр. Бол.Иргиз, Бол.Караман, Терешка, Еруслан, Торгун) делает петлю в западном направлении, пересекает в т.11065 административную границу Вологоградской и Саратовской областей, направляется на север вдоль р.Еруслан. Затем она огибает истоки правых притоков р. Еруслан и в северо-восточном направлении приходит в т.11060 – точку схождения границ водохозяйственных участков 11.01.00.018 (Бол.Караман), 11.01.00.020 и 11.01.00.022. Далее граница прямолинейно идет на северо-восток, разделяя бассейны рр. Бол.Караман и Еруслан, доходит до т.11057, в которой сходятся границы водохозяйственных участков 11.01.00.017 (Бол.Иргиз от Сулакского г/у до устья), 11.01.00.018 и 11.01.00.020, затем до т.11090 в истоке р. Миусс, где сходятся границы участков 11.01.00.020, 11.01.00.017 и 12.02.00.001 (Урал от истока до Верхнеуральского г/у). Отсюда граница резко разворачивается на юго-запад идет вдоль р.Еруслан, плавно поворачивает на юг и достигает т.11066 – точки схождения границ водохозяйственных участков 11.01.00.020, 11.01.00.021 (Торгун) и 12.02.00.01, вблизи которой пересекается граница Волгоградской и Саратовской области. Далее, огибая бассейны рр. Соленая Куба, Куба, Яма, граница поворачивает на северо-запад, проходит т.11067 – точку схождения границ водохозяйственных участков 11.01.00.020, 11.01.00.021 и 11.01.00.022 и после пересечения устья р. Куба приходит в замыкающий створ – устье р. Еруслан (т.11064)."""
"""Волга от Волгоградского г/у до в/п Светлый Яр""","""Водохозяйственный участок 11.01.00.023 включает небольшой участок р. Волга в нижнем бьефе Волгоградского г/у до расчетного замыкающего створа у в/п Светлый Яр– т.11076. Площадь водохозяйственного участка составляет 2,1 тыс. км2. От точки замыкающего створа граница участков 11.01.00.023 и 11.01.00.24 (Волга от в/п Светлый Яр до в/п Верхнее Лебяжье) идет на юг до т.11077 - точки схождения границ водохозяйственных участков 07.04.00.001 (Бессточные районы междуречья Терека, Дона и Волги), 11.01.00.023 и 11.01.00.024, в которой поворачивает на запад вдоль Волго-Донского канала до т.192, где сходятся границы водохозяйственных участков 05.01.03.009 (Дон от г. Калач-на-Дону до Цимлянского г/у (Цимлянское в-ще) без рр. Карповка и Чир), 07.04.00.001 и 11.01.00.23. Отсюда граница следует на северо-запад и пересекая систему Волго-Донского канала между Береславским и Варваровским гидроузлами в т.191, проходит через две точки схождения границ участков: в т.5012 сходятся границы участков 05.01.03.009, 05.01.03.007 (Карповка от истока до Карповского г/у) и 11.01.00.23 и восточнее этой точки в т.5013 - участков 05.01.03.006 (Червленая от истока до Варваровского г/у), 05.01.03.007 и 11.01.00.23. Затем граница в северном направлении огибает верховья р. Россошка, в т.11073 обозначает узел схождения границ водохозяйственных участков 05.01.03.005 (Дон от впадения р. Хопер до г. Калач-на-Дону без рр. Хопер, Медведица и Иловля), 05.01.03.007, 11.01.00.022 (Волга от Саратовского г/у до Волгоградского г/у (Волгоградское в-ще) без рр. Бол.Иргиз, Бол.Караман, Терешка, Еруслан, Торгун) и 11.01.00.023 и далее поворачивает на восток к створу Волгоградского г/ (т.11072), после которой обогнув г. Волжский и пройдя на его окраине т.11075 - точку схождения границ водохозяйственных участков 11.01.00.022, 11.01.00.024 и 11.01.00.023, граница возвращается в точку замыкающего створа - т.11077."""
"""Волга от в/п Светлый Яр до в/п Верхнее Лебяжье""","""Водохозяйственный участок 11.01.00.024 включает участок р Волга от в/п Светлый Яр до расчетного замыкающего створа у в/п Верхнее Лебяжье – т.11078. Площадь водохозяйственного участка составляет 16,3 тыс. км2. От точки замыкающего створа - т.11078 граница участков 11.01.00.024 и 11.01.00.025 (Волга (дельта) от в/п Верхнее Лебяжье до устья) на небольшом расстоянии на запад проходит т.11079 - точку схождения границ водохозяйственных участков 11.01.00.024, 11.01.00.025 и 11.01.00.028 (Реки бессточных областей правобережья Волги), после которой устремляется на северо-восток вдоль основного русла р. Волга и административной границы Респ. Калмыкия и Астраханской области, пересекая ее трижды в т.т.11080, 11081 и 11082. От последней точки, повернув на запад, граница еще раз пересекает административную границу в т.11083, где сходятся границы водохозяйственных участков 07.04.00.001 (Бессточные районы междуречья Терека, Дона и Волги), 11.01.00.024 и 11.01.00.028. Далее граница продолжается на запад, пересекает административную границу Респ. Калмыкия и Волгоградской области и достигает т.11077, в которой сходятся границы водохозяйственных участков 07.04.00.001, 11.01.00.023 (Волга от Волгоградского г/у до в/п Светлый Яр) и 11.01.00.024. Повернув на север, граница участков 11.01.00.124 и 11.01.00.023 пересекает р. Волгу в створе в/п Светлый Яр (т.11076) и доходит до истока Ахтубинского рукава у г. Волжский, у которого в т.11075 обозначается точка схождения границ водохозяйственных участков 11.01.00.022 (Волга от Саратовского г/у до Волгоградского г/у (Волгоградское в-ще) без рр. Бол. Иргиз, Бол.Караман, Терешка, Еруслан, Торгун), 11.01.00.024 и 11.01.00.023. От этой точки граница идет на восток вдоль системы каналов до т.11074 - точки схождения границ водохозяйственных участков 11.01.00.022, 11.01.00.024 и 11.01.00.027 (Реки бессточных областей левобережья Волги без бассейна оз. Эльтон), затем поворачивает на юго-восток, пересекает административную границу Астраханской и Волгоградской областей (т.11084)почти прямолинейно вдоль Ахтубы и границы Казахстана, приходит в т.11085 - точку схождения границ водохозяйственных участков 11.01.00.024, 11.01.00.025 и 11.01.00.027, от которой на некотором расстоянии на запад приходит в точку замыкающего створа - т.11078."""
Бия,"""Водохозяйственный участок 13.01.01.002 охватывает бассейн р. Бия от ее начала (оз.Телецкое) до слияния с Катунью (начало Оби). Участок расположен в Республике Алтай и Алтайском крае, его площадь составляет 17,5 тыс. км2. От расчетного створа слияния рр. Бия и Катунь – начала р. Обь и схождения границ водохозяйственных участков 13.01.01.002, 13.01.01.003 (Катунь) и 13.01.02.003 (Обь от слияния рр. Бия и Катунь до г. Барнаул без р. Алей) в т.419 граница водохозяйственного участка 13.01.01.002 следует на северо-восток по водоразделу рр. Чемровка и Бехтемир до т.13005 схождения границ водохозяйственных участков 13.01.01.002, 13.01.02.003 и 13.01.02.004 (Чумыш). Далее граница следует в том же направлении по водоразделу рр. Неня и Ангуреп до т.420 схождения границ водохозяйственных участков 13.01.01.002, 13.01.02.004 и 13.01.03.001 (Кондома). От этой точки граница поворачивает на юг, а затем, пересекая границу между Республикой Алтай и Алтайским краем в т.421, границу между Республикой Алтай и Кемеровской областью в т.422 на водоразделе р. Лебедь и р. Кондома, проходит т.13006 схождения границ водохозяйственных участков 13.01.01.002, 13.01.03.001 и 13.01.03.002 (Томь от истока до г. Новокузнецк без р. Кондома), далее по хребту Бийская грива достигает т.393 – схождение границ водохозяйственных участков 13.01.01.002, 13.01.03.002 и 17.01.03 (Енисей от Саяно-Шушенского г/у до впадения р. Абакан) в точке схождения границ Республики Алтай, Республики Хакасия и Кемеровской области на гребне Абаканского хребта. Абсолютные высоты на этом отрезке быстро возрастают от 160 м в точке слияния Бии и Катуни до 1418 м в горах Алтая, равнинный рельеф сменяется низкогорным, а в конце отрезка границы – среднегорным. Лесостепные ландшафты по мере подъема в предгорья Алтая уступают место смешанным, а выше и хвойным лесам. Далее граница поворачивает на запад, проходит т.13002 схождения границ водохозяйственных участков 13.01.01.002, 13.01.01.001 (Бассейн оз. Телецкое) и 17.01.03.002, пересекает р. Бия у ее истока из оз. Телецкое (т.13001), поворачивает на юг, проходит т.13004 схождения границ водохозяйственных участков 13.01.01.001, 13.01.01.002 и 13.01.01.003, затем поворачивает на северо-запад, проходит по водоразделу рр. Каракокша и Майма, петляет по водоразделу рр. Бия и Иша, пересекает границу между Республикой Алтай и Алтайским краем (т.13007), и придерживаясь северо-западного направления, замыкается в начальной точке."""
"""Обь от слияния рр. Бия и Катунь до г. Барнаул без р. Алей""","""Водохозяйственный участок 13.01.02.003 охватывает бассейн р. Обь от истока реки в месте слияния рек Бия и Катунь до г. Барнаул, исключая бассейн р. Алей. Участок расположен в Республике Алтай и Алтайском крае, его площадь составляет 50 тыс. км2. От начальной т.13014–расчетного створа ниже г.Барнаул–граница водохозяйственного участка 13.01.02.003 следует на северо-восток, проходя т.13015 схождения границ водохозяйственных участков 13.01.02.003, 13.01.02.004 (Чумыш) и 13.01.02.005 (Обь от г. Барнаул до Новосибирского г/у без р. Чумыш), делает петлю в северном направлении и поворачивает на юго-восток, проходя по водоразделу рр. Чумыш и Обь. Затем граница проходит т.13005 схождения границ водохозяйственных участков 13.01.01.002 (Бия), 13.01.02.003 и 13.01.02.004, пересекает р. Обь в ее истоке – т.419 слияния рр. Бия и Катунь и схождения границ водохозяйственных участков 13.01.01.002, 13.01.01.003 (Катунь) и 13.01.02.003, движется в южном направлении, дважды пересекает границу между Алтайским краем и Республикой Алтай – в т.424 и т.423 и примыкает к Государственной границе РФ с Казахстаном на границе с водохозяйственным участком 13.01.01.003 в т.400. Далее граница участка следует на запад вдоль Государственной границы до т.13010, в которой примыкает к ней на границе с водохозяйственным участком 13.01.02.001 (Верховья р. Алей до Гилевского г/у). После этого граница участка поворачивает на северо-запад, проходит т.13009 схождения границ водохозяйственных участков 13.01.02.001, 13.01.02.002 (Алей от Гилевского г/у до устья) и 13.01.02.003 и по водоразделу рр. Порозиха и Алей следует до т.13012, в которой пересекает р. Алей в месте ее впадения в р. Обь и поворачивает на юго-запад. Граница следует по водоразделу рр. Алей и Барнаулка, проходит т.13013 схождения границ водохозяйственных участков 13.01.02.002, 13.01.02.003 и 13.02.00.003 (Водные объекты южнее бассейна р. Бурла без бассейнов озер Кучукского и Кулундинского), а затем т.13016 схождения границ водохозяйственных участков 13.01.02.003, 13.01.02.005 (Обь от г. Барнаул до Новосибирского г/у без р. Чумыш) и 13.02.00.003, поворачивает на северо-восток и замыкается в начальной точке. В южной части участка развиты светло-хвойные (лиственничные и сосновые) горные леса южно-сибирского типа, постепенно сменяющиеся к северу алтайскими луговыми и злаковыми степями, часто с зарослями кустарников. На севере участка чередуются разнотравно-злаковые степе с широколиственно-сосновыми сухотравными лесами."""
"""Чулым от г. Ачинск до в/п с.Зырянское""","""Водохозяйственный участок 13.01.04.002 охватывает бассейн р. Чулым от г. Ачинск до в/п с. Зырянское. Участок расположен в Кемеровской и Томской областях и Красноярском крае, его площадь составляет 58,3 тыс. км2. От расчетного створа водомерного поста с. Зырянское (т.13046) граница водохозяйственного участка 13.01.04.002 следует в восточном направлении по водоразделу рр. Чулым и Чичкаюл, пересекает границу между Красноярским краем и Томской областью в т.436 схождения границ водохозяйственных участков 13.01.04.002, 13.01.04.003 (Чулым от в/п с. Зырянское до устья), поднимается в предгорья Восточного Саяна и проходит по водоразделу рр. Кемчуг и Мендель до т.388 схождения границ водохозяйственных участков 13.01.04.002, 13.01.06.001 и 17.01.03.005 (Енисей от Красноярского г/у до впадения р. Ангара без р. Кан). От этой точки граница следует на юг, проходит по водоразделу рр. Мал. Кемчуг и Бузим, Бол. Кемчуг и Кача до т.17010 схождения границ водохозяйственных участков 13.01.04.002, 17.01.03.003 (Енисей от впадения р. Абакан до Красноярского г/у) и 17.01.03.005, и далее, проходя по Солгенскому кряжу, до т.389 схождения границ водохозяйственных участков 13.01.04.001 (Чулым от истока до г. Ачинск), 13.01.04.002 и 17.01.03.003, после чего поворачивает на запад. Отсюда граница проходит по водоразделам рр. Чулым, Бол. Черная, Балахтон, Сыр до т.13044 пересечения р. Чулым ниже г. Ачинск, затем пересекает границу между Кемеровской областью и Красноярским краем, проходит по водоразделу рр. Урюп и Кия в южном направлении до т.13043 схождения границ водохозяйственных участков 13.01.03.003 (Томь от г. Новокузнецк до г. Кемерово), 13.01.04.001 и 13.01.04.002, поворачивает на северо-запад, обходит водораздел притоков р. Кия и Тайдон, проходит т.13042 схождения границ водохозяйственных участков 13.01.03.003, 13.01.04.002 и 13.01.04.007, затем следует по водоразделам рр. Алчадат, Яя, Песчанка и Туендат, пересекает границу между Кемеровской и Томской областями в т.13047 и замыкается в начальной точке. Рельеф обусловлен наклонными относительно дренированными предгорными равнинами. Преобладают южнотаежные и подтаежные ландшафты с островами лесостепей и плоскими болотами различного типа."""
"""Миасс от истока до Аргазинского г/у""","""Водохозяйственный участок 14.01.05.008 охватывает бассейн р. Миасс на участке от истока до створа Арагазинского гидроузла. Участок расположен в Челябинской области и Республике Башкортостан, его площадь составляет 2,8 тыс. км2. От расчетного створа Арагазинского гидроузла на р. Миасс (т.14034) граница водохозяйственного участка следует на юг, обходит оз. Мал. Миассово, проходит т.14010 схождения границ водохозяйственных участков 14.01.05.001 (Увелька), 14.01.05.008 и 14.01.05.009 (Миасс от Аргазинского г/у до г. Челябинск), затем обходит оз. Чебаркуль и Бол. Еланчик, следует по водоразделу рр. Миасс и Коелга, пересекает границу между Республикой Башкортостан и Челябинской областью вблизи точки схождения границ водохозяйственных участков 14.01.05.001, 14.01.05.002 (Верховья р. Тобол до впадения р. Уй без р. Увелька - российская часть бассейна) и 14.01.05.008 (т.14009), и поворачивает на запад. От т.14009 граница следует по водоразделу рр. Миасс и Уй, проходит т.14015 схождения границ водохозяйственных участков 14.01.05.002, 14.01.05.008 и 10.01.02.010 (Ай), поворачивает на север и в т.319 снова пересекает границу между Республикой Башкортостан и Челябинской областью. Следуя в северном направлении по водоразделу рр. Ай и Атлян, граница достирает т.10069 схождения границ водохозяйственных участков 14.01.05.008, 10.01.02.010 и 10.01.02.008 (Уфа от истока до Долгобродского г/у), и далее т.14033 схождения границ водохозяйственных участков 14.01.05.007 (Теча), 14.01.05.008 и 10.01.02.008. От этой точки граница поворачивает на юго- восток, проходит точку схождения границ водохозяйственных участков 14.01.05.007, 14.01.05.008, 14.01.05.009 и 14.01.05.010 (Миасс от г. Челябинск до устья) и замыкается в начальной точке."""
"""Лена от в/п с. Кюсюр до устья""","""Водохозяйственный участок 18.03.09.003 охватывает территорию бассейна р. Лена от в/п с. Кюсюр до устья, расположен целиком в Респ. Саха (Якутия). Площадь водохозяйственного участка составляет 60,0 тыс. км2. От т.724 впадения протоки Бол. Туматская дельты р. Лена в море Лаптевых граница участка идет в северо-восточном направлении по береговой линии, огибая дельту Лены с многочисленными протоками и подходит к т.702 примыкания к береговой линии залива Буор-Хая моря Лаптевых границы с водохозяйственным участком 18.04.03.003 (Реки бассейна моря Лаптевых от границы бассейна р. Лена на западе до границы бассейна р. Яна на востоке). Прибрежная зона представляет собой северо-западную окраину Яно-Индигирской низменности с абсолютными высотами до 100 м, прорезанную многочисленными реками и ручьями, ложбинами временных водотоков, в пониженных местах заболоченную. Вдоль берега тянутся неширокие плоскоравнинные морские террасы, типичным ландшафтом которых являются полигональные и пятнистые тундры, встречаются полигональные болота. Широко распространенная всхолмленность рыхлых отложений обязана мерзлотным процессам: термокарсту, морозобойным трещинам и их эрозионному размыву, процессам пучения грунтов Береговая линия расчленена многочисленными протоками дельты р. Лены: Мал.Туматская, Бол. Туматская, Бол.Трофимовская. От т.702 граница поворачивает на юг, поднимается на Хараулахский хр. и следует до т.18090 схождения границ водохозяйственных участков 18.03.09.002 (Лена от в/п ГМС Джарджан до в/п с. Кюсюр), 18.03.09.003 и18.04.03.003, поворачивает на запад, пересекает р. Лена в т.18089 ниже с. Кюсюр, точку схождения границ водохозяйственных участков 18.02.00.002 (Оленек от в/п ГМС Сухана до устья), 18.03.09.002 и 18.03.09.003 - т.18004, поворачивает на север и выходит на плато Кыстык к водораздельной т.695 в верховьях р. Хорбусуонка, далее, огибая верховья р. Келимяр (т.694), поворачивает на северо-запад и по кряжу Чекановского выходит к береговой линии Оленекского залива моря Лаптевых (т.693), где и замыкается. Граница разделяет бассейны рек (с востока) Молодо, Эекит и (с запада) Оленек, Хорбусуонка, Келимяр. Господствующими ландшафтами являются полигональные и пятнистые тундры, встречаются полигональные болота."""
"""Обь от впадения р. Чулым до впадения р. Кеть""","""Водохозяйственный участок 13.01.05.001 охватывает бассейн Оби между впадением в нее двух крупных правых притоков – Чулыма и Кети. Участок расположен в Томской и Новосибирской областях, его площадь составляет 38 тыс. км2. От расчетного створа впадения р. Кеть в р. Обь (т.437) граница водохозяйственного участка следует на юго-восток по водоразделам рр. Кеть и Обь до т.435, где сходятся границы водохозяйственных участков 13.01.04.003 (Чулым от в/п с. Зырянское до устья), 13.01.05.001 и 13.01.06.001 (Кеть). Затем граница участка поворачивает на юго-запад, пересекает р. Обь ниже в/п с. Зырянка (т.425 - границ водохозяйственных участков 13.01.02.007 - Обь от Новосибирского г/у до впадения р. Чулым без: рр. Иня и Томь, 13.01.04.003 и 13.01.05.001), следует по водоразделу рр. Шегарка и Бобровка, пересекая в т.431 административную границу между Новосибирской и Томской областями, проходит в т.406 (схождение границ водохозяйственных участков 13.01.02.007, 13.01.05.001 и 14.01.02.001 - Омь), проходит по водоразделу рр. Ича и Андарма, пересекает границу между Новосибирской и Томской областями сначала в т.407, а следом и в т.408 на границе схождения водохозяйственных участков 13.01.05.001, 13.01.07.001 (Обь от впадения р. Кеть до впадения р. Васюган) и 14.01.02.001 Омь, после чего поворачивает на север, проходит по водоразделу рр. Парбинг и Кенга, достигает т.438 на водоразделе рр. Кенга и Бол. Пензер, после чего замыкается в начальной точке. На всем протяжении границы участка абсолютные высоты колеблются от 50 до 150 м, территория представляет собой слабодренированную низменность с сочетанием лесных ландшафтов с болотами различного типа. На территории участка располагается крупный болотный массив – болото Бакчарское. На юго-западе граница проходит по северной окраине Барабинской низменности. Территория испещрена большим количеством неглубоких, часто соленых озер и значительным количеством степных блюдцеобразных понижений. По берегам озер часты заросли высокостебельных болотных растений (тростника, камыша, рогоза), а также осок и ивы. Большие площади заняты разнотравными лугами."""
"""Обь от впадения р. Васюган до впадения р. Вах""","""Водохозяйственный участок 13.01.09.001 охватывает бассейн р. Обь от впадения р. Васюган до впадения р. Вах. Участок расположен в Томской области и Красноярском крае, его площадь составляет 73,2 тыс. км2. Т.444 – расчетный створ в точке впадения р. Вах в р. Обь, схождение границ водохозяйственных участков 13.01.09.001, 13.01.10.001 (Вах) и 13.01.11.001 (Обь от впадения р. Вах до г. Нефтеюганск). От этой точки граница движется по водоразделу рек Обь и Вах на восток вблизи административной границы между Томской областью и Ханты-Мансийским автономным округом, пересекает ее в т.13050, в т.445 обходит истоки рек Киевский Еган, Назинская и Тайгородская и, вновь повторяя очертания административной границы, по водоразделу рек Сангилька, Косес и Бол. Метыгъеган доходит до т.382 – схождение границ водохозяйственных участков 13.01.09.001, 13.01.10.001 и 17.01.04.001 (Енисей от в/п с. Ярцево до впадения р. Подкаменная Тунгуска). Поворачивая в т.382 на юго-восток, граница обходит исток р. Тым у т.383 – схождение границ водохозяйственных участков 13.01.06.001 (Кеть), 13.01.09.001и 17.01.04.001 на границе Красноярского края и Томской области. Далее граница поворачивает запад и следует параллельно административной границе между Томской областью и Красноярским краем по водоразделу рр.Тым и Лисица. Пересекая эту административную границу в т.440, граница гидрографической единицы простирается по водоразделу рр. Пайдугина и Тым до т.439 - водораздела водохозяйственных участков 13.01.06.001, 13.01.07.001 (Обь от впадения р. Васюган до впадения р. Вах) и 13.01.09.001. Затем, по водоразделу рек. Тым и Обь граница пересекает р. Обь в месте впадения р. Васюган (т.441) и по водоразделу р. Васюган и р. Обь доходит до т.443 - схождение границ водохозяйственных участков 13.01.08.001 (Васюган), 13.01.09.001 и 13.01.11.001 на водоразделе р. Мал.Юган, Кульеган и Ларьеган. Поворачивая на север от т.443, граница проходит по водоразделу бассейнов рек Кульеган и Ларьеган до замыкания в т.444. На большем протяжении граница проходит по плоской, сильно заболоченной и заозеренной Кетско-Тымской равнине с абсолютными высотами 30-180 м. Ландшафтная структура территории довольно однообразна и представлена сочетанием среднетаежных, часто переувлажненных ландшафтов (темнохвойная тайга из ели, пихты, кедра) и болотно-озерных комплексов с заболоченными березняками. Грядово-озерковые и грядово-мочажинные болотные комплексы занимают более 50% территории. Здесь много озер, нередко в торфяных берегах."""
"""Обь от г. Нефтеюганск до впадения р. Иртыш""","""Водохозяйственный участок 13.01.11.001 охватывает бассейн Оби от г. Нефтеюганск до впадения в нее р. Иртыш. Участок расположен в Ханты-Мансийском а.о. и Тюменской области, его площадь составляет 69 тыс. км2. Т.368. Точка на водоразделе бассейнов рек Оби и Иртыша вблизи его впадения в р. Обь (южнее г. Ханты-Мансийск) - схождение границ водохозяйственных участков 14.01.07.001 (Иртыш от впадения р. Тобол до устья (выше г. Ханты-Мансийск) без р. Конда), 13.01.11.002 и 15.02.01.001 (Обь от впадения Иртыша до впадения р. Северная Сосьва). От этой точки и до т.373 граница совпадает с границей подбассейна Нижней Оби. От т.368 граница, следуя на северо-запад, пересекает р. Обь в месте впадения в нее р. Иртыш, проходит (т.369) по возвышенности Белогорский Материк через водораздел р. Назым, поворачивает на северо-восток и следует по южной окраине возвышенности Сибирские Увалы (Увал Нумто) через водораздел (т.370) в верховьях р. Амня, далее поворачивает на восток, огибая верховья р. Назым (т.371). Затем, двигаясь в восточном направлении по Увалу Нумто, граница проходит т.372 в верховьях р. Ай-пим, далее в т.373 схождения границ водохозяйственных участков 13.01.11.001 (Обь от впадения р. Вах до г. Нефтеюганск), 13.01.11.002, 15.03.00.001 (Надым) и 15.02.01.001 на границе между Ямало-Ненецким и Ханты-Мансийским а.о. поворачивает на юг, пересекает р. Обь в т.13051 ниже г. Нефтеюганск, достигает т.417 схождения границ водохозяйственных участков 13.01.11.001, 13.01.11.002 и 14.01.07.001 в верховьях рек. Нелым и Бол. Салым, поворачивает на северо-запад, пересекает границу между Тюменской областью и Ханты-Мансийским а.о. в т.418, после чего замыкается в начальной точке. Граница участка проходит по сильно заозеренной Среднеобской низменности. Рельеф территории почти идеально равнинный, притоки Оби и Иртыша протекают здесь в неглубоко врезанных, но широких долинах. В пределах территории повсеместно преобладают заболоченные сосновые леса, встречаются участки березовых и осиновых лесов, на плоских водораздельных пространствах в ландшафтной структуре доминируют болота различных типов, в речных долинах выделяются обширные луговые пространства."""
"""Ветлуга от истока до г.Ветлуга""","""Водохозяйственный участок 08.01.04.001 расположен на территориях Костромской, Кировской, Нижегородской, и Вологодской областей, охватывает верховья бассейна р. Ветлуга и замыкается в расчетном створе на р. Ветлуга у г. Ветлуга (т.8046). Участок вытянут по меридиану и его площадь составляет 22,2 тыс. км2. От т.8046 граница между участками 08.01.04.001 и 08.01.04.002 (Ветлуга от г. Ветлуга до устья), делая вначале небольшую петлю к западу, поднимается на север вдоль р. Нужна до ее истока, пересекая на этом участке административную границу между Нижегородской и Костромской областями. Далее граница поворачивает на запад и немного выклиниваясь к юго-западу, попадает в т.301 (пересечение границы Костромской и Нижегородской обл. вблизи точки схождения границ водохозяйственных участков 08.01.04.001, 08.01.04.002 и 08.01.03.003 – Унжа). Разделяя участки 08.01.04.001 и 08.01.03.003, граница простирается к северу по западной стороне бассейна Ветлуги до т.99 (пересечение границы Костромской и Вологодской обл.; схождение границ водохозяйственных участков 08.01.04.001, 08.01.03.003, и 03.02.01.002 – бассейн р. Сухона). От т.99 граница поворачивает к западу, затем к северо-западу, примерно повторяя при этом очертания административной границы, и в верховьях р. Карюг достигает т.98, где граничат территории участков 08.01.04.001, 03.02.01.002 и 10.01.03.003 (Вятка от г. Вятка до г. Котельнич). На юго-восток от т.98 граница вскоре попадает в т.288 (схождение границ Кировской, Костромской и Вологодской областей). Переплетаясь с административной границей Кировской и Костромской областей, по водоразделу рр. Ветлуга и Моломна, граница участка продолжается на юго-восток, достигает т.289 (пересечение границы Кировской и Костромской обл) и не меняя направления, попадает в т.10099, где сходятся границы водохозяйственных участков 08.01.04.001, 10.01.03.003 и 10.01.03.004 (Вятка от г. Котельнич до в/п пгт.Аркуль). Резко повернув на запад, граница участка достигает истока р. Ветлуга. Далее, отклоняясь к югу, граница огибает верховья р. Пижма, пересекая на этом участке в т.290 административную границу между Кировской и Нижегородской областями, и в южном направлении достигает т.8047, в которой сходятся водохозяйственные участки 08.01.04.001, 08.01.04.002 и 10.01.03.004. От т.8047 граница участка с юга огибает бассейн р. Мал. Какша и замыкается в расчетном створе на р. Ветлуга у г. Ветлуга (т.8046)."""
"""Бассейн оз. Кучукского""","""Водохозяйственный участок 13.02.00.001 охватывает водные объекты бассейна оз. Кучукское. Участок расположен в Алтайском крае, его площадь составляет 7000 км2. От начальной т.13029 схождения границ водохозяйственных участков 13.02.00.001, 13.02.00.002 (Бассейн оз. Кулундинского) и 13.01.02.005 (Обь от г. Барнаул до Новосибирского г/у без р. Чумыш) граница водохозяйственного участка следует на юго-запад меж озер Бол. Островное и Бакланье, проходит т.13028 схождения границ водохозяйственных участков 13.01.02.001, 13.01.02.003 (Водные объекты южнее бассейна р. Бурла без бассейнов озер Кучукского и Кулундинского) и 13.01.02.005, далее извилисто движется на запад, обходя оз. Джира и проходит через т.13053 схождения границ водохозяйственных участков 13.02.00.001, 13.02.00.002 и 13.02.00.003, поворачивает на восток, проходит по водоразделу бассейнов оз. Кучукское и Кулундинское, обходит оз. Мостовое и Бакланье и замыкается в начальной точке."""
"""Бессточные приграничные территории междуречья Иртыша и Ишима""","""Водохозяйственный участок 14.01.01.200 охватывает бессточные области междуречья Иртыша и Ишима, примыкающие к Государственной границе РФ с Казахстаном. Участок расположен в Омской области, его площадь составляет 7,1 тыс. км2. От начальной т.14001 примыкания к Государственной границе РФ с Казахстаном границы с водохозяйственным участком 14.01.01.001 (Иртыш от границы с Респ. Казахстан до впадения р. Омь) граница водохозяйственного участка 14.01.01.200 следует в юго-восточном направлении до т.14080 примыкания границы с водохозяйственным участком 14.01.01.001 к Государственной границе РФ с Казахстаном. От этой точки граница участка следует в западном направлении вдоль Государственной границы РФ, пересекает водораздел бассейнов бессточных озер Теке Улькен- Карой (т.455) и, следуя далее вдоль границы, замыкается в начальной точке."""
"""Тобол от г. Курган до впадения р.Исеть""","""Водохозяйственный участок 14.01.05.004 охватывает бассейн р. Тобол на участке от г. Курган до впадения в него левого притока – р. Исеть. Участок расположен в Курганской и Тюменской областях, его площадь составляет 23 тыс. км2. Р. Исеть впадает в р. Тобол в т.14020 схождения границ водохозяйственных участков 14.01.05.004, 14.01.05.011 (Исеть от впадения р. Теча до устья без р. Миасс) и 14.01.05.026 (Тобол от впадения р. Исеть до устья без рр. Тура, Тавда). От этой точки граница водохозяйственного участка 14.01.05.004 на коротком отрезке до т.14007 схождения границ водохозяйственных участков 14.01.05.004, 14.01.05.026 и 14.01.04.001 (Иртыш от впадения р. Ишим до впадения р. Тобол) следует в восточном направлении, после чего поворачивает на юг. Следуя в южном направлении, граница сначала пересекает границу между Тюменской и Курганской областями в т.495, обходит с запада оз. Черное, проходит т.488 схождения границ водохозяйственных участков 14.01.05.004, 14.01.04.001 и 14.01.03.002 (Ишим от границы РФ с Респ.Казахстан до устья без оз. Большой Уват до г/у Большой Уват), после чего примыкает к Государственной границе РФ с Казахстаном на границе с водохозяйственным участком 14.01.03.002. На всем протяжении этого участка граница проходит по Ишимской равнине (абсолютные высоты 110-140 м) с плоским и плоскозападинным, местами гривистым рельефом, многочисленные западины (незначительные понижения) нередко заняты озерами или болотами. В смене ландшафтов прослеживается широтная зональность: заболоченные темнохвойные леса сменяются лиственными (березово-осиновыми) и смешанными лесами и далее - луговыми степями с берёзовыми колками. От т.459 граница следует на запад вдоль Государственной границы на небольшом участке до т.14018 примыкания к ней границы с водохозяйственным участком 14.01.05.003 (Тобол от впадения р. Уй до г. Курган). Далее граница поворачивает на север, пересекает р. Тобол ниже г. Курган в т.14017, проходит т.14019 схождения границ водохозяйственных участков 14.01.05.003, 14.01.05.004, 14.01.05.010 (Миасс от г. Челябинск до устья) и 14.01.05.011 (Исеть от впадения р. Теча до устья без р. Миасс), поворачивает на северо-восток, пересекает границу между Курганской и Тюменской областями в т.14037 и замыкается в начальной точке."""
"""Водные объекты бассейна Варнавинского в-ща""","""Водохозяйственный участок 06.02.00.019 охватывает бассейн Варнавинского водохранилища со всеми водными объектами на нем (реки, каналы, коллекторы и т.д.). Участок расположен в Краснодарском крае, его площадь составляет 1,4 тыс. км2. От расчетного створа Варнавинского гидроузла (т.6068) на границе с водохозяйственным участком 06.02.00.020 (Варнавинский Сбросной канал) граница водохозяйственного участка 06.02.00.019 следует на восток до т.6069 схождения границ водохозяйственных участков 06.02.00.018 (водные объекты бассейна Крюковского в-ща), 06.02.00.019 и 06.02.00.020, поворачивает на юг, проходит т.6065 в створе Крюковского гидроузла, следует по водоразделу р. Хабль до т.6067 схождения границ водохозяйственных участков 06.02.00.019, 06.02.00.018 и 06.03.00.002 (реки бассейна Черного моря от западной границы бассейна р. Пшада до восточной границы р. Дедеркай), поворачивает на запад, проходит т.6070 схождения границ водохозяйственных участков 06.02.00.019, 06.03.00.002 и 06.03.00.001 (реки бассейна Черного моря от мыса Панагия до восточной границы р. Джанхот). От этой точки граница следует далее на запад, обходит истоки р. Абин и Адагум, проходит т.6071 схождения границ водохозяйственных участков 06.02.00.019, 06.02.00.020 и 06.03.00.001, поворачивает на северо-восток и замыкается в начальной точке створа Варнавинского гидроузла."""
Конда,"""Водохозяйственный участок 14.01.06.001 охватывает р. Конда от истока до устья. Участок расположен в Ханты-Мансийском а.о., Тюменской и Свердловской областях, его площадь составляет 72,8 тыс. км2. Т.503 – расчетный створ у места впадения р. Конда в р. Иртыш. От этой точки на значительном протяжении граница участка следует вблизи административной границы между Ханты-Мансийским автономным округом с Тюменской областью (до т.501), а затем до т.473 – со Свердловской областью. От т.503 граница водохозяйственного участка следует в юго-западном направлении по водоразделу рек Конда и Иртыш, пересекая в т.504, т.505, т.506 административную границу между Тюменской областью и Ханты-Мансийским автономным округом, разделяет бассейны рр. Алымка и Кума и достигает т.501 - схождение границ водохозяйственных участков 14.01.05.025 (Тобол от впадения р. Исеть до устья без рр. Тура, Тавда), 14.01.06.001 и 14.01.07.001 (Иртыш от впадения р. Тобол до г. Ханты-Мансийск (выше) без р. Конда) в точке схождения административных границ Свердловской области, Ханты-Мансийского автономного округа и Тюменской области. От т.501 граница поворачивает на северо-восток, обходит (т.500) исток р. Кума, исток (т.499) р. Черная, проходит (т.498) по водоразделу рек Пелым и Евра, проходит (т.497) близ оз. Пелымский Туман и следует к южной оконечности Северо-Сосьвинской возвышенности к точке (т.473) схождения границ водохозяйственных участков 14.01.05.025, 14.01.06.001 и 15.02.02.001 (Северная Сосьва). Абсолютные высоты на протяжении участка границы мало изменяются и находятся в пределах 40-80 м, рельеф территории практически идеально плоский. Территория входит в так называемую лесоболотную ландшафтную зону, где таежные ландшафты сопряжены с грядово-мочажинными и грядово-озерковыми болотами. В т.473 граница бассейна поворачивает на север по южной оконечности Северо-Сосьвинской возвышенности, делает петлю в восточном направлении, огибая исток р. Эсс (т.474) и достигает т.475, в которой сходятся границы водохозяйственных участков 14.01.06.001, 15.02.01.001 (Обь от впадения Иртыша до впадения р. Северная Сосьва) и 15.02.02.001. От т.475 граница идет на юго-восток, проходит по водоразделу в верховьях р. Юконда (т.476), огибая исток р. Ковенская, поворачивает на восток, проходит через т.477 (схождение границ водохозяйственных участков 14.01.06.001, 14.01.07.001 и 15.02.01.001 и замыкается в т.503. Абсолютные высоты сначала плавно повышаются до 200 м, а затем снижаются до 100 м, рельеф участка от волнистого становится идеально равнинным. Характер ландшафтов определяется условиями увлажнения. На плохо дренированных участках произрастают заболоченные сосновые леса, встречаются участки березовых и осиновых лесов, среди которых в речных долинах имеются обширные луговые пространства. Значительная часть территории занята грядово-мочажинными болотами и сильно за озерена."""
"""Клязьма от г. Орехово-Зуево до г. Владимир""","""Водохозяйственный участок 09.01.03.007 охватывает часть бассейна р. Клязьма в среднем ее течении от г. Орехово-Зуево до замыкающего расчетного створа на р. Клязьма в г. Владимир (т.9112). Площадь водохозяйственного участка составляет 9,3 тыс. км2. От т.9112 граница участков 09.01.03.007 и 09.01.03.009 (Клязьма от г. Владимир до г. Ковров без р. Нерль) следует в юго-западном направлении по водоразделу рр. Войнинга и Клязьма до т.9085, в которой сходятся границы участков 09.01.03.007, 09.01.03.009 и 09.01.01.023 (Ока от в/п с. Копоново до впадения р. Мокша). Далее граница, разделяющая участки 09.01.03.007 и 09.01.01.023, крутой петлей огибает с севера истоки рр. Бужа и Поль и направляется на юго-запад к т.309, где пересекает административную границу Владимирской и Рязанской областей и к точке (9077) схождения границ водохозяйственных участков 09.01.03.007, 09.01.01.023 и 09.0.01.020 (Ока от г. Коломна до г. Рязань). Затем граница участков 09.01.03.007 и 09.01.01.020, плавно поворачивая на запад, огибает верховья бассейна р. Поля. В т.9069, где сходятся границы участков 09.01.03.007, 09.01.01.020 и 09.01.01.018 (Москва от в/п Заозерье до г. Коломна), граница между участками 09.01.03.007 и 09.01.01.018 принимает северное направление, разделяя верховья бассейнов рр. Нерская и Поля, до т.9068, где сходятся границы участков 09.01.01.018, 09.01.03.007 и 09.01.03.006 (Клязьма от г. Ногинск до г. Орехово-Зуево). И далее граница участков 09.01.03.007 и 09.01.03.006 продолжается в северо-западном направлении, пересекает р. Клязьму в створе ниже г. Орехово-Зуево (т.9109), пересекает административную границу Московской и Владимирской областей (т.9111) и по водоразделу бассейнов рр. Клязьма Киржач плавно поворачивает на северо-восток и достигает т.283 у истоков рр. Киржач и Трубеж. В этой точке сходятся границы участков 09.01.03.007, 09.01.03.006 и 08.01.01.008 (Волга от Иваньковского г/у до Угличского г/у (Угличское в-ще)). К северо-востоку от т.283 граница участка пересекает административную границу Ярославской и Владимирской областей (т.283) и приходит в точку (9113) схождения границ участков 09.01.03.007, 08.01.01.008 и 09.01.03.008 (Нерль). Повернув на юго-восток, граница между участками 09.01.03.007 и 09.01.03.008 проходит через т.9114 – точку пересечения границы Ярославской и Владимирской областей и далее направляется сначала на восток через т.9115 в верховьях приток рр. Колокша и Нерль, затем на вновь юго-восток, извиваясь по водоразделу между верховьями бассейнов левых притоков Клязьмы - рр. Пекша, Колокша, Рпень и правых притоков р. Нерль – рр. Шаха, Селекша, Ирмес, Каменка. Замыкается граница между этими участками в расчетном створе р. Клязьмы у г. Владимира в т.9112."""
"""Клязьма от г. Ногинск до г. Орехово-Зуево""","""Водохозяйственный участок 09.01.03.005 охватывает часть бассейна р. Клязьма в среднем ее течении от г. Ногинск до замыкающего расчетного створа на р. Клязьма в г. Орехово-Зуево (т.9109). Площадь водохозяйственного участка составляет 1,6 тыс. км2. От т.9109 граница участков 09.01.03.006 и 09.01.03.007 (Клязьма от г. Орехово-Зуево до г. Владимир) направляется на юго-восток до т.9068, в которой сходятся границы участков 09.01.03.006, 09.01.03.007 и 09.01.01.018 (Москва от в/п Заозерье до г. Коломна). Далее граница идет на запад по водоразделу рр. Клязьма и Нерская, затем поворачивает на северо-запад, разделяя бассейны рр. Клязьма и притоков р. Москва - до т.9067 – точки схождения водохозяйственных участков 09.01.03.006, 09.01.01.018 и 09.1.03.005 (Клязьма от Пироговского г/у до г. Ногинск без р. Уча (от истока до Акуловского г/у)). От этой точки граница участков 09.01.03.006 и 09.01.03.005 принимает северо-восточное направление и, пройдя между городами Ногинск и Электросталь, в т.9107 пересекает р. Клязьму южнее г. Ногинск. Далее граница уходит на север по восточной границе бассейна р. Воря и идет до точки 9108 у истока р. Молочка восточнее г. Сергиев-Посад. В этой точке сходятся границы водохозяйственных участков 09.01.03.005, 09.01.03.006 и 08.01.01.008 (Волга от Иваньковского г/у до Угличского г/у (Угличское в-ще)). Далее граница между участками 09.01.03.006 и 08.01.01.008, направляясь на северо-восток по водоразделу между верховьями бассейнов рр. Дубна, Молока, Шерна, в т.284 пересекает административную границу Московской и Владимирской областей. К северо-востоку от т.284 граница достигает т.283, в которой сходятся границы участков 09.01.03.006, 08.01.01.008 и 09.01.03.007 (Клязьма от г. Орехово-Зуево до г. Владимир), затем в южном направлении по границе бассейна р. Киржач через т.9111 на границе Московской и Владимирской областей возвращается в точку замыкающего створа – т.9109."""
Чир,"""Водохозяйственный участок 05.01.03.008 включает бассейн р. Чир от истока до расчетного створа в месте впадения р. Чир в Цимлянское в-ще (т.5087). Площадь водохозяйственного участка составляет 9.6 тыс. км2. От точки замыкающего створа граница участка следует на запад вдоль бассейна р. Чир, пересекает границу областей Ростовской и Волгоградской, отклоняется на северо-запад и проходит узлы схождения границ водохозяйственных участков: в т.5089 – участков 05.01.03.008, 05.01.04.007 (Северский Донец от впадения р. Калитва до устья) и 05.01.03.009 (Дон от г. Калач-на-Дону до Цимлянского г/у (Цимлянское в-ще) без р. Чир), а в т.5090 – участков 05.01.03.008, 05.01.04.007 и 05.01.04.006 (Калитва). От этой последней точки граница идет на северо-запад по водораздел у рр. Чир и Калитва до истока р. Чир, где в т.217 сходятся границы водохозяйственных участков 05.01.03.008, 05.01.04.006 и 05.01.01.012 (Дон от г. Павловск до устья р. Хопер без р. Подгорная). Здесь граница участка разворачивается в восточном направлении, идет по водоразделу рр. Тихая и Чир, пересекает границу Ростовской и Волгоградской областей (т.5053) и доходит до т.5052 – точки схождения границ водохозяйственных участков 05.01.01.012, 05.01.03.005 (Дон от впадения р. Хопер до г. Калач-на-Дону без рр. Хопер, Медведица и Иловля) и 05.01.03.008. Далее граница отклоняется на юго-восток, проходит т.5082 – точку схождения границ водохозяйственных участков 05.01.03.005, 05.01.03.009 и 05.01.03.008, после которой в южном направлении вдоль бассейна р. Лиска возвращается к замыкающему створу – т.5087."""
"""Мокша от в/п г. Темников до устья без р.Цна""","""Водохозяйственный участок 09.01.02.004 охватывает бассейн нижнего течения р. Мокша до замыкающего расчетного створа на р. Мокша в месте впадения в р. Оку (т.307). Площадь водохозяйственного участка составляет 13,7 тыс. км2. От т.307, граница участка следует на северо-восток, пересекает в т.311 административную границу Нижегородской и Рязанской областей, и следует вдоль этой границы на восток к т.9099, где сходятся границы участков 09.01.02.004, 09.01.03.001 и 09.01.03.002 (Теша). Далее в восточном направлении по водоразделу рек Теша и Мокша, постепенно поворачивая на юго-восток, граница выходит к т.275, объединяющей водохозяйственные участки 09.01.02.004, 09.01.03.002 и 08.01.05.002 (Алатырь). От т.275 граница участка устремляется в юго-западном направлении к административной границе между Нижегородской областью и республикой Мордовия и, немного не доходя до нее, попадает в т.9089, где пересекаются границы участков 09.01.02.004. 08.01.05.002 и 09.01.02.001. От этой точки по прямой на юго-запад граница проходит расчетный створ на р. Мокша у г. Темников в т.9088. Затем, опускаясь к югу, граница огибает устья рек Явас, Ляча, Шуструй. Этот участок границы разделяет водохозяйственные участки 09.01.02.004 и 09.01.02.001 (Мокша от истока до в/п г. Темников). Рядом с истоком р. Паньжа расположена т.9092, в которой граница водохозяйственного участка пересекает административную границу республики Мордовия с Пензенской областью. Южное направление границы участка сохраняется вдоль водораздела левого притока р. Мокша р. Атмис и ее же левого притока в нижнем течении р. Вад до т.9091. Отклонение на запад на этом участке наблюдается только в районе истоков рр. Нор-Ломовка и Шелдаис. В т.9091 пересекаются границы водохозяйственных участков 09.01.02.004. 09.01.02.001 и09.01.02.003 (Цна от г. Тамбов до устья). От этой точки граница участка, круто повернув на северо-запад, по водоразделу р. Вад (левый приток р. Мокша в нижнем течении) и р. Выша (правый приток р. Цна) достигает т.9098, снова пересекая в этой точке административную границу между Республикой Мордовия с Пензенской областью. Продолжая разделять бассейны рр. Вад и Цна, граница проходит в северо-западном направлении до устья р. Цна (т.9096), где резко меняет направление на западное, повторяя очертание последнего левого притока р. Мокша и, рядом с его истоком достигает т.9084, где сходятся границы участков 09.01.02.004, 09.01.02.003 и 09.01.01.023 (Ока от в/п с. Копоново до впадения р. Мокша). В точке 9084 территория участка выклинивается к югу небольшим углом, направляясь далее к северу до устья р. Мокша в замыкающей точке участка (т.307), где соседство с участком 09.01.01.023 меняется на соседство с участком 09.01.03.001 (Ока от впадения р. Мокша до впадения р. Теша)."""
"""Реки бассейна Енисейского залива без р. Енисей""","""Водохозяйственный участок 17.01.08.005 включает реки бассейна Енисейского залива Карского моря от западной границы бассейна р. Монгочеяха до северной границы бассейна р. Чертова (без р. Енисей). Водохозяйственный участок расположен целиком на территории Таймырского (Долгано-Нененцкого) и Ямало-Нененцкий автономных округов. Площадь водохозяйственного участка составляет 20 тыс. км2. Водохозяйственный участок состоит из двух частей. Западная часть водохозяйственного участка начинается с т.626 на левом берегу Енисейского залива Карского моря в месте впадения в залив р. Енисей. Отсюда граница участка следует на юго-запад до т.17044 схождения границ водохозяйственных участков 17.01.08.005, 17.01.08.004 (Енисей от в/п г. Игарка до устья без р. Хантайка от истока до Усть-Хантайского г/у) и 15.05.00.002 (Реки бассейна Карского моря от северо-восточной границы бассейна р. Таз до границы бассейна Енисейского залива), затем в северо-западном направлении пересекает границу между Ямало-Ненецким и Таймырским (Долгано-Ненецким) автономными округами в т.548 на водоразделе в верховьях рек Нгынесеяхо и Сыдыяха, проходит через точку примыкания (т.547) к береговой линии Карского моря, далее следует в юго-восточном направлении по береговой линии Енисейского залива до устья р.Енисей (т.626), где и замыкается западная часть водохозяйственного участка. Граница проходит по морской низменной равнине с абсолютными отметками 50-80 м, в приморской части высоты плавно понижаются до нулевой отметки. Преобладают ландшафты типичной (моховой и лишайниковой) тундры. Восточная часть водохозяйственного участка 17.01.08.005 начинается на правом берегу Енисейского залива Карского моря в месте впадения в залив р. Енисей (т.605). От этой точки граница следует на северо-запад и проходит по западному берегу полуострова Таймыр до т.606. Этот участок границы входит в Гыданскую провинцию тундровой зоны, с низменным равнинным рельефом прибрежной территории и господством арктических тундровых ландшафтов, южнее переходящих в мохово-лишайниковую (типичную) тундру. От т.606 граница уходит с береговой линии Карского моря, поворачивает на юго-восток до водораздела (т.17047) водохозяйственных участков 17.01.08.004 (Енисей от в/п г. Игарка до устья без р. Хантайка от истока до Усть-Хантайского г/у), 17.01.08.005 (Реки бассейна Енисейского залива без р. Енисей) и 17.02.00.001 (Пясина и другие реки бассейна Карского моря от восточной границы бассейна Енисейского залива до западной границы бассейна р. Каменная), и в юго-западном направлении замыкается в исходной точке т.626 на левом берегу Енисейского залива Карского моря в месте впадения в залив р. Енисей. В начале следования границы ландшафты представлены арктическими тундровыми, южнее переходящими в мохово-лишайниковую (типичную) тундру."""
"""Ветлуга от г.Ветлуга до устья""","""Водохозяйственный участок 08.01.04.002 расположен на территориях Нижегородской, Костромской и Кировской областей и Респ. Марий Эл. Он охватывает часть бассейна р. Ветлуга от г. Ветлуга и замыкается в расчетном створе на р. Ветлуга в месте ее впадения в Чебоксарское в-ще. (т.8048). Площадь водохозяйственного участка составляет 17,2 тыс. км2. От точки 8048 граница между участками 08.01.04.002 и 08.01.04.003 (Волга от устья р. Ока до Чебоксарского г/у (Чебоксарское в-ще) без рр. Сура и Ветлуга) перемещается к западу до пересечения с административной границей между Нижегородской обл. и Респ. Марий-Эл в т.8049. Далее, постепенно отклоняясь на северо-запад, по водоразделу рр. Ветлуга и Керженец граница простирается до верховьев Керженца, где расположена т.302 (пересечение границы Костромской и Нижегородской областей; схождение границ водохозяйственных участков, 08.01.04.002, 08.01.04.003 и 08.01.03.004 – Цивиль). Обогнув верховья р. Лапшанга, граница попадает в т.8042, где пересекаются границы водохозяйственныхучастков 08.01.04.002, 08.01.03.004 и 08.01.03.003 (Унжа). От т.8042 граница идет в северо-восточном направлении и, переплетаясь с административной границей Нижегородской и Костромской областей, по водоразделу рр. Ветлуга и Белый Лух (левый приток р. Унжа) достигает т.301 (пересечение границы Костромской и Нижегородской обл. вблизи точки схождения границ водохозяйственных участков 08.01.04.002, 08.01.03.003 и 08.01.04.001 – р. Ветлуга от истока до г. Ветлуга). От т.301 граница участка отклоняется к востоку и, огибая с севера исток р. Нужна (правый приток р. Ветлуга), уходит к югу вдоль этой реки до т.8046. где пересекает р. Ветлуга у г. Ветлуга (верхний расчетный створ). Отсюда к юго- востоку, а затем к востоку граница стремится к верховьям р. Мал. Какша, огибая ее бассейн с юга, до т.8047, где сходятся границы водохозяйственных участков 08.01.04.002, 08.01.04.001 и 10.01.03.004 (Вятка от г. Котельнич до в/п пгт.Аркуль). По границе верховьев р. Вая граница участка приходит в т.291, пересекает границы Кировской и Нижегородской обл. и далее к юго-востоку, разделяя верховья рр. Уста и Ошма, приходит к т.8050. в которой пересекаются границы водохозяйственных участков 08.01.04.002, 10.01.03.004 и 08.01.04.007 (Волга от Чебоксарского г/у до г. Казань без рр. Свияга и Цивиль). По водоразделу рр. Уста и Бол. Кокшага граница направляется на юго-запад и трижды пересекая административную границу Нижегородской и Кировской областей, достигает т.8051 (пересечение границы Кировской и Нижегородской обл. вблизи точки схождения границ водохозяйственных участков 08.01.04.002, 08.01.04.003 и 08.01.04.007). Далее, огибая с северо- запада верховья р. Рутка, граница участка простирается к югу вдоль ее бассейна, пересекает на этом участке административную границу Нижегородской обл. и Республики Марий Эл и замыкается в расчетном створе на р. Ветлуга в месте ее впадения в Чебоксарское в-ще. (т.8048)"""
"""Подкаменная Тунгуска от впадения р.Чуня до устья""","""Водохозяйственный участок 17.01.05.003 включает бассейн р. Подкаменная Тунгуска от впадения р. Чуня до устья. Водохозяйственный участок целиком расположен на территории Эвенкийского автономного округа и Красноярского края. Площадь водохозяйственного участка составляет 81 тыс. км2. От точки впадения р. Подкаменная Тунгуска в р. Енисей (т.631) на схождении границ водохозяйственных участков 17.01.04.002 (Енисей от в/п с. Ярцево до впадения р. Подкаменная Тунгуска), 17.01.05.003 (Подкаменная Тунгуска от впадения р. Чуня до устья) и 17.01.06.001 (Енисей от впадения р. Подкаменная Тунгуска до впадения р. Нижняя Тунгуска) граница следует на северо- восток по плоскогорью с абсолютными высотами 350-600 м близко к административной границе между Красноярским краем и Эвенкийским автономным округом, последовательно пересекая ее в т.т.637, 638, 639, поворачивает на юго-восток, проходит в т.640 водораздел водохозяйственных участков 17.01.05.003, 17.01.06.001 и 17.01.07.003 (Нижняя Тунгуска от в/п пгт. Тура до в/п п. Учами), далее следует через т.17019 схождения границ водохозяйственных участков 17.01.05.002 (Чуня), 17.01.05.003 и 17.01.07.003, поворачивает на юг, проходит водораздел водохозяйственных участков 17.01.05.001 (Подкаменная Тунгуска от истока до впадения р. Чуня), 17.01.05.002 и 17.01.05.003 в месте впадения р. Чуня в Подкаменную Тунгуску, поворачивает на юго-запад, пересекает административную границу между Красноярским краем и Эвенкийским автономным округом и далее следует по этой границе до т.635. Абсолютные высоты в начале отрезка повышаются до 400 м и далее колеблются в пределах 400-600м. Рельеф возвышенных равнин характеризуется отдельно возвышающимися массивами и сопками Ландшафты междуречий представлены среднетаежными елово-лиственничными лесами с примесью лиственницы сибирской, к югу появляется сосна и кедр. Нижние ярусы образует ольха, можжевельник и кустарниковая ива. В т.635 граница поворачивает на запад, пересекает административную границу между Красноярским краем и Эвенкийским автономным округом(т.635) подходит к истоку р. Тея (т.634) От этой точки граница поворачивает на северо-запад и следует по Енисейскому кряжу дважды пересекает границу между Красноярским краем и Эвенкийским автономным округом (в т.т. 633 и 632), в т.17014 проходит водораздел водохозяйственных участков 17.01.04.001 (Енисей от впадения р. Ангара до в/п с. Ярцево), 17.01.04.002 и 17.01.05.003 и следует до исходной т.631. Абсолютная высота на отрезке составляет 400-600м, снижаясь к устью р. Подкаменной Тунгуски до отметки 42м.Граница разделяет (с севера и востока) реки Вельма, Тея, Чапа, Кочумдек и (с юга и запада) реки Сухой Пит, Бол. Пит, Тис. Ландшафты представлены среднетаежной тайгой. На склонах южной экспозиции преобладают сосново-лиственничные леса, на северных склонах преобладает ель. В долинах рек развиты густые ерники, черемуха, рябина, смородина, шиповник."""
"""Днепр, от границы с Украиной до гидроузла Каховского водохранилища""","""Водохозяйственный участок 04.01.00.018 включает часть бассейна р. Днепр в пределах Российской Федерации от Государственной границы с Украиной до гидроузла Каховского водохранилища. Площадь водохозяйственного участка составляет 12.64 тыс. км2. В т.946 граница участка совпадает с Государственной границей и проходит по Днепровскому водохранилищу. Далее граница водохозяйственного участка следует по Государственной границе сначала в западном, а затем в южном направлении до т.947, расположенной на берегу Каховского водохранилища. После поворота на запад в т.947, участок, продолжая следовать по Государственной границе с Украиной, идет по Каховскому водохранилищу и частично по суше до т.4056 – точка схождения границ водохозяйственных участков 04.01.00.019 и 04.01.00.018. В этой точке участок меняет направление и идет на юг до т.4055 – точка схождение границ водохозяйственных участков 04.01.00.019, 04.01.00.018 и 04.01.00.020, расположенная в районе Каховской ГЭС. Далее участок поворачивает и идет на северо-восток до т.943, в которой сходятся границы гидрографических единиц 04.01.00 и 05.01.05, в районе впадения Каховского канала в водохранилище Каховское. От этой точки продолжает движение на северо-восток до т.941, где пересекается граница Херсонской и Запорожской областей. И уходит дальше в северо-восточном направлении, огибая исток р. Конка, в точке схождения границ водохозяйственных участков 04.01.00.017, 04.01.00.018 и 05.01.05.013 поворачивает на северо-запад и проходит через т.4054 - водораздел в верховьях р. Верхняя Терса, до т.946, в которой участок замыкается."""
"""Волга от Верхневолжского бейшлота до г.Зубцов без р.Вазуза от истока до Зубцовского г/у""","""Водохозяйственный участок 08.01.01.004 охватывает часть бассейна р. Волга до расчетного замыкающего створа ниже г. Зубцов – т.8010. Площадь водохозяйственного участка составляет 9,8 тыс. км2. От точки замыкающего створа граница участков 08.01.01.004 и 08.01.01.006 (Волга от г. Зубцов до г. Тверь без р. Тверца) идет на юг и делает крутую петлю вокруг небольшого притока Волги, в вершине которой проходит т.8008 – точку схождения границ водохозяйственных участков 08.01.01.003 (Вазуза от истока до Зубцовского г/у без р. Яуза до Кармановского г/у), 08.01.01.004 и 08.01.01.006. После этой петли граница возвращается в т.8007 – точку пересечения р. Вазузы у Зубцовского г/у и далее идет в северо-западном направлении по водоразделу рр. Осуга и Сишка до т.8009, в которой сходятся границы водохозяйственных участков 08.01.01.003, 08.01.01.004 и 01.02.00.003 (Межа). Далее граница принимает северное направление и у истока р. Межа приходит в т.12 – точку схождения границ водохозяйственных участков 08.01.01.001 (Волга от истока до Верхневолжского бейшлота), 08.01.01.004 и 01.02.00.003, и затем продолжает уходить на север, пересекает в т.8001 р. Волгу и у северной части оз. Селигер достигает т.8002 – точки схождения границ водохозяйственных участков 08.01.01.001, 08.01.01.004 и 01.04.02.003 (Ловать от границы с Респ. Беларусь до устья). Отклонившись немного на северо-восток, граница приходит в самую северную точку участка – т.8011, где пересекает границу между Тверской и Новгородской обл. Затем, повернув на юго-восток, граница участков 08.01.01.004 и 01.04.02.001 идет вдоль оз. Селигер, вновь пересекает границу между Тверской и Новгородской обл в т.48 - точке схождение границ водохозяйственных участков 08.01.01.004, 01.04.02.003 и 01.04.02.001 (Шлина от истока до Вышневолоцкого г/у). От этой точки граница следует на юг вдоль водораздела рр. Селижаровка и Цна до т.8012, где сходятся границы водохозяйственных участков 08.01.01.004, 08.01.01.005 (Тверца от истока (Вышневолоцкий г/у) до г. Тверь) и 01.04.02.001. Южное направление границы сохраняется и до т.8013 – точки схождения границ водохозяйственных участков 08.01.01.004, 08.01.01.005 и 08.01.01.006 и далее до замыкающего створа по водоразделам рр. Волга и Тудовка."""
"""Терек от границы РФ с Грузией до впадения р. Урсдон без р. Ардон""","""Водохозяйственный участок 07.02.00.002 охватывает верховья бассейна р. Терек от истоков на границе РФ с Грузией до впадения в него р. Урсдон, исключая бассейн р. Ардон. Участок расположен в Республиках Ингушетия и Северная Осетия – Алания, его площадь составляет 1,9 тыс.км2. От расчетного створа на р. Терек в месте впадения р. Урсдон (т.7030) и схождения границ водохозяйственных участков 07.02.00.001 (Ардон), 07.02.00.002 и 07.02.00.003 (Терек от впадения р. Урсдон до впадения р. Урух) граница водохозяйственного участка следует на восток, последовательно проходя т.7034 схождения границ водохозяйственных участков 07.02.00.002, 07.02.00.003 и 07.02.00.009 (Терек от впадения р. Малка до г. Моздок), затем т.7035 схождения границ водохозяйственных участков 07.02.00.002, 07.02.00.009 и 07.02.00.014 (Водные объекты междуречья Терека и Сунжи (Алханчуртский канал)) на границе между Респ. Северная Осетия – Алания и Респ.Ингушетия, далее т.7036 схождения границ водохозяйственных участков 07.02.00.002, 07.02.00.011 (Сунжа от истока до г. Грозный) и 07.02.00.014. От этой точки граница поворачивает на юг, следуя по водоразделу рр. Терек и Сунжа, пересекает границу между Республиками Северная Осетия – Алания и Ингушетия в т.7037, после чего примыкает к Государственной границе РФ с Грузией в т.7038 на границе с водохозяйственным участком 07.02.00.011. От этой точки граница водохозяйственного участка следует на запад вдоль Государственной границы РФ, обходя верховья р. Армхи и проходя две точки примыкания к ней – т.256 границы между Республиками Ингушетия и Северная Осетия – Алания и т.7031 границы с водохозяйственным участком 07.01.00.001. Далее направление движения границы сменяется на северное, она проходит по водоразделу р. Терек и Гизельдон и замыкается в начальной точке. Южная часть территории – высокогорный район Большого Кавказа, в рельефе которого выражены куэстовые гряды, разделенные продольными долинами. Рельеф высокогорных хребтов осложнен ледниковыми формами, скалами, каменистыми осыпями. Местами развит карст. На протяжении границы проявляется высотная поясность в смене ландшафтов: предгорные лесостепи, среднегорные широколиственные леса (дубовые, буковые и дубово-грабовые) и высокогорный пояс субальпийских лугов."""
"""Хантайка от истока до Усть-Хантайского г/у""","""Водохозяйственный участок 17.01.08.003 включает бассейн р. Хантайка от истока до Усть- Хантайского гидроузла. Река берёт начало из озера Малое Хантайское, которое соединено протоком с озером Хантайское. Водохозяйственный участок расположен на территории Таймырского (Ддолгано-Нененцкого) автономного округа. Площадь водохозяйственного участка составляет 29,3 тыс. км2. От т.17037 Хантайский гидроузла на р. Хантайка граница следует в северо-восточном направлении, поднимается на хр.Лондокойский камень к т.609 на водоразделе р. Дудинка и Рыбная вблизи точки схождения границ водохозяйственных участков 17.01.08.003 (Хантайка от истока до Усть-Хантайского г/у), 17.01.08.004 (Хантайка от истока до Усть-Хантайского г/у) и 17.02.00.001 (Пясина и другие реки бассейна Карского моря от восточной границы бассейна Енисейского залива до западной границы бассейна р. Каменная), затем делает широкую петлю по хребту Кета, огибая озеро Кета, проходит в т.610 схождения границ водохозяйственных участков 17.01.08.003, 17.02.00.001 и 17.04.01.001 (Хета) на водоразделе на плато Путорана у оз. Собачье, поворачивает на юго-восток, проходит водораздел водохозяйственных участков 17.01.08.001 (Курейка от истока до Курейского г/у), 17.01.08.003 и 17.04.01.001 в т.17032, поворачивает на юго- запад, в т.17031 пересекает административную границу между Таймырским (Долгано-Ненецким) автономным округом и Красноярским краем вблизи точки схождения границ водохозяйственных участков 17.01.08.001, 17.01.08.002 (Енисей от впадения р. Нижняя Тунгуска до в/п г. Игарка без р. Курейка от истока до Курейского г/у) и 17.01.08.003, поворачивает на запад, пересекает границу между Красноярским краем и Таймырским (Долгано-Ненецким) автономным округом в т.17035, поворачивает на север, проходит через т. 17034 схождения границ водохозяйственных участков 17.01.08.002, 17.01.08.003 и 17.01.08.004 и следует к начальной т.17037. Абсолютные высоты возрастают от начала отрезка с 100 до 1200м на плато Путорана. На равнине ландшафты представлены южной кустарничковой тундрой. На плато Путорана вдоль рек до высоты 350-400м. узкими полосами распространены леса из лиственницы и ели сибирской, склоны гор до 550 м на севере и 750 м на юге покрыты елово-лиственничным редколесьем, выше идет хорошо выраженный пояс кедрового стланика, затем ивняково-ерниковая тундра, кустарничково-лишайниковая и далее горная арктическая пустыня."""
"""Витим от в/п с. Спицино до г. Бодайбо""","""Водохозяйственный участок 18.03.02.003 охватывает территорию бассейна р. Витим от в/п с. Спицыно до г. Бодайбо расположен в Респ. Саха (Якутия), Бурятия, и Читинской обл. Площадь водохозяйственного участка составляет 35,0 тыс. км2. От т.18024 – расчетного створа ниже г. Бодайбо – граница следует на север, поднимается на хр. Кропоткина к т.18025 схождения границ водохозяйственных участков 18.03.02.003, 18.03.02.005 (Витим от г. Бодайбо до устья без р. Мамакан (от истока до Мамаканской ГЭС)) и 18.03.03.001(Нюя), поворачивает на восток, проходит через водораздельную точку (т.730) на схождении границ водохозяйственных участков 18.03.02.003, 18.03.03.002 (Лена от впадения р. Витим до в/п с. Мача без р. Нюя) и 18.03.04.002 (Чара), затем пересекает административную границу между Иркутской и Читинской областями в т.731. Далее, следуя по административной границе в южном направлении, проходит через т.732 на водоразделе рек Чара и Сыгыкта. Затем граница водохозяйственного участка делает петлю в восточном направлении, проходя по водоразделу рек Чара и Куанда, достигает т.18020 на вершине Каларского хр. - точки схождения границ водохозяйственных участков 18.03.02.002 (Витим от в/п с. Калакан до в/п с. Спицино), 18.03.02.004 (Мамакан от истока до створа Мамаканской ГЭС) и 18.03.04.002 затем следует на запад к т.18019, пересекает р. Витим ниже в/п с. Спицыно, поворачивает на юго-запад, выходит на Южно-Муйский хр. к т.18023 схождения границ водохозяйственных участков 18.03.02.002, 18.03.02.003 и 16.04.00.001 (Бассейны рек средней и северной части оз. Байкал от юго-восточной границы бассейна р. Ангара до северо- западной границы бассейна р. Баргузин). От т.18023 граница поворачивает на север, пересекает Северо-Муйский хр. и выходит к административной границе между Иркутской областью и Республикой Бурятия к т.604 - точке схождения границ водохозяйственных участков 18.03.02.003, 18.03.02.004 и 16.04.00.001, затем граница делает широкую петлю в восточном направлении, проходит через т.18026 на водоразделе водохозяйственных участков 18.03.02.003, 18.03.02.004 и 18.03.02.005 и замыкается в исходной т.18024. Абсолютные высоты местности меняются от 600 м на южном и северном отрезках границы до 2800 м на гребнях хребтов. С повышением абсолютных высот среднегорная лиственничная тайга восточносибирского типа сменяется высокогорными ландшафтами - редколесьями с тундровыми участками, а местами – гольцами."""
"""Кума от впадения р. Мокрая Буйвола до устья""","""Водохозяйственный участок 07.01.00.010 охватывает часть бассейна р. Кума от впадения в нее р. Мокрая Буйвола до устья. Участок расположен в Ставропольском крае, Республиках Калмыкия и Дагестан, его площадь составляет 9 тыс. км2. От расчетного створа впадения р. Кума в Каспийское море в т.244 примыкания к его береговой линии границы между Республиками Дагестан и Калмыкия, граница водохозяйственного участка 07.01.00.010 следует вдоль побережья Кизлярского залива Каспийского моря до т.245 примыкания к нему границ водохозяйственных участков 07.01.00.010, 07.01.00.011 (Сухая Кума) и 07.02.00.016 (Дельта р. Терек). Далее граница отходит от побережья, следует на запад по Прикаспийской низменности (Ногайской степи) по водоразделу рр. Кума и Сухая Кума, пересекает в т.7027 границу между Ставропольским краем и Республикой Дагестан, проходит т.7022 схождения границ водохозяйственных участков 07.01.00.008 (Кума от г. Зеленокумск до впадения р. Мокрая Буйвола), 07.01.00.009 (Мокрая Буйвола) и 07.01.00.010, затем пересекает Прикумскую низменность и р. Кума ниже г. Буденновск в месте впадения р. Мокрая Буйвола (т.7021), отклоняется к северо-западу, поднимаясь на восточный склон Ставропольской возвышенности, и проходит т.7004 схождения границ водохозяйственных участков 07.01.00.001 (Восточный Маныч от истока до Чограйского г/у), 07.01.00.002 (Восточный Маныч от Чограйского г/у до устья), 07.01.00.009 и 07.01.00.010. Далее граница поворачивает на восток, вновь выходит на Прикаспийскую низменность, пересекает границу между Ставропольским краем и Республикой Калмыкия в т.7006, обходит теряющееся в песках у оз. Киркита устье р. Восточный Маныч (т.7001), проходит т.264 схождения границ водохозяйственных участков 07.01.00.010, 07.04.00.001 (Бессточные территории междуречья Терека, Дона и Волги) и 11.01.00.025 (Волга, дельта) от в/п Верхнее Лебяжье до устья), примыкает к береговой линии Каспийского моря на границе с водохозяйственным участком 11.01.00.025 в т.243 и, следуя по побережью в южном направлении, замыкается в начальной точке. Рельеф на участке границы изменяется от низменного (абсолютные высоты от -27 до 100 м) до возвышенного эрозионного с абсолютными высотами более 300 м. Большая часть территории занята полупустынными и сухостепными растительными группировками, лишь в западной части представлены разнотравные степи (в значительной степени распаханные). По мере понижения равнины в сторону залива полынные полупустыни сменяются солончаковыми лугами, которые переходят в обширные тростниковые крепи с обилием больших и малых плесов. Все побережье изрезано лиманами."""
"""Тулома от истока до Верхнетуломского г/у, вкл. Нот-озеро""","""Водохозяйственный участок 02.01.00.003 охватывает бассейн оз.Нот-озеро и, вытекающую из него, р. Тулома до Верхнетуломского г/у. Участок полностью расположен в Мурманской области, его площадь составляет 14,5 тыс. км2.От т.2008 на створе Верхнетуломского г/у на р. Тулома граница водохозяйственного участка 02.01.00.003 следует в южном направлении до т.2009 схождения границ водохозяйственных участков 02.01.00.003, 02.01.00.004 (Тулома от Верхнетуломского г/у до устья) и 02.02.00.003 (Нива, вкл. оз. Имандра) и далее, по водоразделу рр. Вува и Лива до т.2010 схождения границ водохозяйственных участков 02.01.00.003, 02.02.00.003 и 02.02.00.005 (Ковда от Кумского г/у до Иовского г/у). Затем граница с водохозяйственным участком 02.02.00.005 примыкает к государственной границе России с Финляндией в т.62.От этой точки граница водохозяйственного участка следует вдоль государственной границы на северо-запад, пересекая долины рек Яуруйоки, Нота, Явр, Лотта и разделяющие их горные поднятия высотой 300-400 м, в наиболее высоких местах достигающие отметки 632 м (г. Талккиналя) до т.2004 примыкания к государственной границе России с Финляндией границы с водохозяйственным участком 02.01.00.001 - Реки бассейна Баренцева моря от р. Патсо-Йоки (граница РФ с Норвегией) до западной границы бассейна р. Печенга.От т.2004 граница следует на северо-восток через т.2003 схождения границ водохозяйственных участков 02.01.00.001, 02.01.00.002 (Печенга) и 02.01.00.003, т.2007 схождения границ водохозяйственных участков 02.01.00.002, 02.01.00.003 и 02.01.00.006 (Реки бассейна Баренцева моря от восточной границы р. Печенга до западной границы бассейна р. Воронья без: рр. Тулома и Кола) и далее на восток до т.2011 схождения границ водохозяйственных участков 02.01.00.003, 02.01.00.004 и 02.01.00.006, после чего замыкается в начальной т.2008."""
"""Сура от Сурского г/у до устья р.Алатырь""","""Водохозяйственный участок 08.01.05.003 охватывает средний участок бассейна р. Сура до замыкающего расчетного створа вместе впадения р.Алатырь - т.8068. Площадь водохозяйственного участка составляет 23,8 тыс. км2. От точки замыкающего створа, т.8068, в которой сходятся границы водохозяйственных участков 08.01.05.002 (Алатырь), 08.01.05.003 и 08.01.05.004 (Сура от устья р. Алатырь до устья) граница участков 08.01.05.003 и 08.01.05.004 простирается на восток до т.8073 – точки схождения границ водохозяйственных участков 08.01.04.006 (Свияга от с.Альшеево до устья), 08.01.05.003 и 08.01.05.004., затем резко поворачивает на юг, пересекает в т.305 административную границу Респ. Татарстан и Чувашской Республики и доходит до т.306 – точки пересечения границ Респ. Татарстан и Ульяновской обл. вблизи точки схождения границ водохозяйственных участков 08.01.04.005 (Свияга от истока до с.Альшеево), 08.01.05.003 и 08.01.04.006. Далее граница направляется на юг по водоразделу бассейнов рр. Свияга и Барыш до т.267, в которой сходятся границы водохозяйственных участков 08.01.04.005, 08.01.05.003 и 11.01.00.013 (Сызранска от истока до г. Сызрань (выше города), затем отклоняется на запад до т.8066 у истоков р. Сура – точки схождения границ водохозяйственных участков 08.01.05.001 (Сура от истока до Сурского г/у), 08.01.05.003 и 11.01.00.013. От этой точки граница участков 08.01.05.001 и 08.01.05.003 следует на запад вдоль бассейна р. Сура, пересекает административную границу Ульяновской и Пензенской обл. (т.8065) и приходит сначала в точку пересечения р. Сура у Сурского г/у (т.8064) и несколько дальше на юго- запад в т.8067 – точку схождения границ водохозяйственных участков 08.01.05.003, 08.01.05.001 и 05.01.02.001 (Хопер от истока до впадения р. Ворона). Здесь граница поворачивает на северо-запад и в верховьях р. Пенза достигает т.185, где сходятся границы водохозяйственных участков 05.01.02.001, 08.01.05.003 и 09.01.02.001(Мокша от истока до г. Темников). Затем граница вновь поворачивает теперь на северо-восток проходит т.271, в которой пересекает границу Пензенской области и Респ. Мордовия, далее в верховьях бассейна р. Исса достигает т.8070 – точку схождения границ водохозяйственных участков 08.01.05.002, 08.01.05.003 и 09.01.02.001. Последний участок границы проходит в северо-восточном направлении вдоль бассейнов рр. Сура и Алатырь через точку 8069, в которой пересекается граница Чувашской Респ. и Респ. Мордовия, и граница участка замыкается в т.8068."""
"""Протока от истока (Тиховский г/у) до устья""","""Водохозяйственный участок 06.02.00.017 охватывает бассейн р. Протока от ее начала у Тиховского гидроузла до устья. Участок расположен в Краснодарском крае, его площадь составляет 1,6 тыс. км2. От т.6063 впадения р. Протока в Азовское море граница следует в северном направлении по побережью до т.230 примыкания к нему границы с водохозяйственным участком 06.01.00.003 (Кирпили), затем поворачивает на юго-восток и следует до т.6009 схождения границ водохозяйственных участков 06.01.00.003, 06.02.00.016 (Кубань от впадения р. Афипс до Тиховского г/у) и 06.02.00.017, далее проходит по водоразделу р. Протока и многочисленных каналов бассейна Кубани до т.6060 начала Протоки у Тиховского г/у и схождения границ водохозяйственных участков 06.02.00.016, 06.02.00.017 и06.02.00.021, поворачивает на запад, выходит к побережью мимо лиманов Долгий и Восточный к т.6064 примыкания к береговой линии Азовского моря границы с водохозяйственным участком 06.02.00.021 и, следуя по побережью на север мимо лиманов Горький и Сладкий, замыкается в начальной точке."""
"""Водные объекты бассейна оз. Убсу-Нур на границе РФ с Монголией""","""Водохозяйственный участок 17.01.03.200 включает водные объекты бассейна оз. Убсу-Нур на границе РФ с Монголией. Бассейн оз. Убсу-Нур относится к северной окраине бессточной системы Котловины Больших Озер. Водохозяйственный участок расположен целиком в Республике Тыва. Площадь водохозяйственного участка составляет 19,5 тыс. км2. От т.17040 на Государственной границе РФ с Монголией на границе с водохозяйственным участком 17.01.03.001 (Енисей от истока до Саяно-Шушенского г/у) граница участка 17.01.03.200 следует в северо-восточном направлении по водоразделу рек Элегест и Торгалыг (т.17039), поворачивает на восток, проходит через т.17038 - точку схождения границ водохозяйственных участков 17.01.02.001 (Малый Енисей), 17.01.03.001 и 17.01.03.200 и следует к т.630 на водоразделе рек Эрзин и Буреп. Отсюда граница проходит на юго-восток до т.623 на Государственной границе РФ с Монголией. От т.623 до точки замыкания (т.17040) граница водохозяйственного участка совпадает с Государственной границей РФ с Монголией. От т.623 граница поворачивает на запад, пересекает в т.624 р. Тес-Хем, поворачивает на северо-запад, проходит по северной окраине межгорной котловины Убсу-Нур, вновь пересекая в т.625 р. Тес-Хем, и поднимается на хребет Западный Тану-Ола. Отсюда граница опять идет в западном направлении и замыкается в исходной точке. Абсолютные высоты в высокогорной части преимущественно составляют 2400-2700м, понижаясь в межгорных котловинах до 700 м. Преобладающим ландшафтом территории являются темнохвойные и светлохвойные горные леса (до высоты 2000 м), выше сменяющиеся альпийскими лугами, и далее – тундрами и гольцовыми вершинами."""
"""Ангара от Иркутского г/у до впадения р. Белая без рр.Иркут, Китой""","""Водохозяйственный участок 16.01.01.004 охватывает часть бассейна Ангары от Иркутского г/у до впадения р. Белая, протяженность этого участка Ангары составляет 111 км. Участок расположен на территории Иркутская области. Площадь водохозяйственного участка составляет 11 тыс. км2. От замыкающего створа водохозяйственного участка (т.16019) у впадения в р. Ангара реки Белой на границе с водохозяйственным участком 16.01.01.008 (Ангара от впадения р. Белая до Братского г/у без рр. Белая, Ока, Ия) граница участка 16.01.01.004 идет на север, затем по водоразделу рек Куда (16.01.01.004) и Оса (16.01.01.008) поворачивает на северо-восток, проходит через т.16017 и достигает водораздела между водохозяйственными участками 16.01.01.004, 16.01.01.008 и 18.03.01.001 (Лена от истока до г. Усть-Кут) – т.16018. Здесь граница поворачивает на восток, проходит в т.571 близ истока р. Илга (18.03.01.001), поворачивает на юг и, следуя в южном направлении, достигает т.572 - схождения границ водохозяйственных участков 18.03.01.001, 16.01.01.004 и 16.04.00.001 (бассейны рек средней и северной части оз. Байкал от восточной границы бассейна р. Ангара до северо-западной границы бассейна р. Баргузин). Здесь граница поворачивает на юго-запад, проходит по водоразделу рек Куяда (16.01.01.004) и Голоустная (16.01.01.004) – т.573, далее, следуя в этом же направлении, подходит к точке (т.16002) схождения границ водохозяйственных участков 16.01.01.001 (Иркутское в-ще, включая оз. Байкал и р. Ангара от истока до Иркутского г/у), 16.01.01.004 и 16.04.00.001. Отсюда граница водохозяйственного участка уходит на запад до створа Иркутского гидроузла на р. Ангара (т.16001), затем отклоняется на юг до водораздела с бассейном р. Иркут – т.16004 схождения границ водохозяйственных участков 16.01.01.001, 16.01.01.002 и 16.01.01.004, после чего в северном направлении достигает устья р Иркут (т.16006). Отсюда граница участка проходит на запад до водораздела с бассейном р. Китой – т.16011 точка схождения границ водохозяйственных участков 16.01.01.002 (Иркут), 16.01.01.003 (Китой) и 16.01.01.004, в северном направлении пересекает устье р. Китой (т.16012), поворачивает на запад до т.16015 - точки схождения границ водохозяйственных участков 16.01.01.003, 16.01.01.004 и 16.01.01.005 (Белая) и в северном направлении замыкается в расчетном створе в месте впадения в р. Ангара реки Белой - т.16019. В ландшафтной структуре преобладают зональные типы ландшафтов возвышенных платформенных равнин: темнохвойные леса с участками лиственнично-сосновых таежных лесов по мере продвижения на юго-восток сменяются горными лиственничными и лиственнично- кедровыми лесами."""
Ия,"""Водохозяйственный участок 16.01.01.007 охватывает бассейн левого притока Ангары – р. Ия и замыкается в расчетном створе (т.16026) у впадения р. Ия в р. Ангара (Братское в-ще) на границе с водохозяйственным участком 16.01.01.008 (Ангара от впадения р. Белая до Братского г/у без рр. Белая, Ока, Ия). Река Ия вытекает из небольшого озера на склонах Окинского хребта Восточного Саяна. Участок расположен на территории Иркутская области. Площадь водохозяйственного участка составляет 18,1 тыс. км2. От т.16026 граница водохозяйственного участка 16.01.01.007 идет на юго-восток до водораздельной т.16025, где сходятся границы водохозяйственных участков 16.01.01.006 (Ока), 16.01.01.007 и 16.01.01.008. Здесь граница водохозяйственного участка 16.01.01.07 резко поворачивает вначале на запад, а затем следует по Иркутско-Черемховской равнине на юго- юго-запад по водоразделу р. Ия и левых притоков Оки (16.01.01.06), самый крупный из которых – р. Танга, до т.16024 пересечения границы между Иркутской областью и Республикой Бурятия на границе с водохозяйственным участком 16.01.01.006 и далее до т.581 проходит близко с этой административной границей, поднимаясь на северные отроги хребта Большой Саян. В т.581 сходятся границы водохозяйственных участков 16.01.01.006, 16.01.01.007 и 17.01.01.001 (Большой Енисей) близ пересечения с границей между Иркутской областью, Республикой Бурятия и Республикой Тыва. Отсюда граница водохозяйственного участка 16.01.01.007 уходит на северо-запад по Удинскому хребту, следуя близ административной границы между Иркутской областью и Республикой Тыва, до точки схождения (т.582) границ водохозяйственных участков 16.01.01.006, 16.01.02.001 - Чуна (Уда) и 17.01.01.001. В т.582 граница поворачивает на север по отрогам Восточного Саяна, затем идет в северо-восточном направлении по Ангарскому кряжу Приангарского плато, разделяющему бассейны рек Уда (16.01.02.001) и Ия (16.01.01.007) до т.16027 схождения границ водохозяйственных участков 16.01.01.007, 16.01.01.008 и 16.01.02.001. Здесь граница водохозяйственного участка резко поворачивает на восток, огибая верховья левых притоков р. Ия, затем идет на северо-восток и замыкается в т.16026 у впадения р. Ия в Братское водохранилище. Значительная часть границы проходит по горам Восточного Саяна с абсолютными отметками выше 2000 м. Здесь отчетливо проявляется в смене ландшафтов высотная поясность. До высоты 1500-1800м преобладают ландшафты темнохвойной пихтовой и кедрово-пихтовой тайги, в высокогорном поясе наряду с каменистыми тундрами нередко встречаются субальпийские луга. На Иркутско-Черемховской равнине и при выходе на Приангарское плато абсолютные высоты снижаются до 400-600 м, здесь распространены таежные ландшафты с преобладанием лиственнично-сосновых и лиственнично-березовых лесов."""
"""Реки бассейна Японского моря от восточной границы бассейна р. Раздольная до р. Туманная (граница РФ с КНДР)""","""Водохозяйственный участок 20.04.00.004, ограниченный с юга береговой линией залива Петра Великого Японского моря и с севера водоразделом рек Сунгача и Раздольная, занимает самую юго-восточную часть территории РФ. Водохозяйственный участок охватывает бассейны рек, впадающих в Японское море на участке от восточной границы бассейна р. Раздольная до Государственной границы РФ с КНР и КНДР. Водохозяйственный участок целиком расположен на территории Приморского края, площадь водохозяйственного участка составляет 11 тыс. км2 . В соответствии с Реестром опорных точек описание границы водохозяйственного участка 20.04.00.004 начинается от т.20040 - точки примыкания к береговой линии Японского моря границ водохозяйственных участков 20.04.00.003 (Реки бассейна Японского моря от восточной границы бассейна р. Партизанская до восточной границы бассейна р. Раздольная) и 20.04.00.004. От этой точки граница идет в юго-западном направлении по береговой линии Амурского залива, залива Петра Великого Японского моря до точки примыкания (т.907) к Государственной границе РФ с КНДР. Здесь заканчивается морская граница водохозяйственного участка 20.04.00.004. Территория участка границы расчленена долинами впадающих на этом участке в море рек, самой крупной из которых является р. Раздольная. В т.907 граница водохозяйственного участка 20.04.00.004, совпадая с Государственной границей РФ, поворачивает вначале на север, а затем на северо- восток и до т.866 совпадает вначале, на коротком участке, с Государственной границей РФ с КНДР, затем – с Китаем. От т.866 граница водохозяйственного участка поворачивает на юго-восток и идет по водоразделу рек Сунгача и Раздольная до точки схождения границ водохозяйственных участков 20.04.00.003, 20.04.00.004 и 20.03.07.001 (Сунгача, вкл. оз. Ханка)– т.20028 и далее по водоразделу рек Артемовка и Комаровка (т.20039), затем граница резко уходит на юго-запад к точке замыкания (т.20040). В ландшафтной структуре преобладают дальневосточные широколиственные леса из дуба монгольского."""
"""Ангара от Братского г/у до Усть-Илимского г/у""","""Водохозяйственный участок 16.01.03.001 охватывает часть бассейна Ангары между створами Братского и Усть-Илимского гидроузлов. Этот участок Ангары представляет собой чередование расширенных и суженных участков Усть-Илимского водохранилища. Здесь Ангара принимает крупный правый приток – р.Илим. Водохозяйственный участок целиком расположен на территории Иркутской области. Площадь водохозяйственного участка составляет 49 тыс. км2. В соответствии с Реестром опорных точек описание границы водохозяйственного участка 16.01.03.001 начинается с т.16037, расположенной в створе Усть-Илимского гидроузла на р. Ангара на границе с водохозяйственным участком 16.01.03.002 (Ангара от Усть-Илимского г/у до Богучанского г/у). От этой точки граница идет на восток, поднимается на Ангарский кряж к водоразделу (т.16038) водохозяйственных участков 16.01.03.001, 16.01.03.002 и 17.01.05.001 (Подкаменная Тунгуска от истока до впадения р. Чуня). Здесь граница водохозяйственного участка поворачивает на юго-юго-восток, пересекает Ангарский кряж, проходит точку схождения границ водохозяйственных участков 16.01.03.001, 17.01.05.005 и 18.03.01.001 (Лена от истока до г. Усть-Кут), выходит на Лено-Ангарское плато и следует по западной части Лено-Ангарского плато, огибая верховья рек Купа (т.568), Коченга и Илим, далее выходит на водораздел (т.569) водохозяйственных участков 18.03.01.001, 16.01.01.008 (Ангара от впадения р. Белая до Братского г/у без рр. Белая, Ока, Ия) и 16.01.03.001 у истока р. Илим. От т.569 граница водохозяйственного участка простирается на северо-северо-запад по водоразделу бассейнов притоков Братского водохранилища (16.01.01.008) и р. Илим (16.01.03.001), огибает верховья р. Кежма-Кежемская (т.588). Здесь граница поворачивает на юго-запад, пересекает Ангару в створе плотины Братского гидроузла (т.16028), проходит на Ангарском кряже точку (т.587) водораздела водохозяйственных участков 16.01.01.008, 16.01.02.002 (Бирюса) и 16.01.03.001, поворачивает на северо-запад, выходит на Ковинский кряж к точке (т.16032) схождения границ водохозяйственных участков 16.01.02.001 (Чуна), 16.01.03.002 и 16.01.03.001, поворачивает на северо-восток и далее следует по Ковинскому кряжу к точке замыкания границы – т.16037. Рельеф большей части территории характеризуется небольшой расчлененностью, наличием обширных выровненных пространств. В ландшафтной структуре преобладают зональные типы ландшафтов возвышенных платформенных равнин: темнохвойные леса с участками лиственнично-сосновых таежных лесов по мере продвижения на юго-восток сменяются горными лиственничными и лиственнично-кедровыми лесами."""
"""Ангара от Богучанского г/у до устья без р.Тасеева""","""Водохозяйственный участок 16.01.03.003 охватывает бассейн нижнего течения Ангары от створа Богучанского гидроузла до ее впадения в Енисей (без бассейна р. Тасеева). Наиболее крупными притоками Ангары на этом участке являются реки Мура (левый приток), Чадобец, Иркинеева, Каменка (правые притоки). Водохозяйственный участок расположен на территории Иркутской области и Красноярского края. Площадь водохозяйственного участка составляет 75 тыс. км2. В соответствии с Реестром опорных точек описание границы водохозяйственного участка 16.01.03.003 начинается с т.559 в устье Ангары в точке схождение границ водохозяйственных участков 16.01.03.003, 17.01.03.005 (Енисей от Красноярского г/у до впадения р. Ангара без р. Кан) и 17.01.04.001 (Енисей от впадения р. Ангара до в/п с. Ярцево). От т.559 граница водохозяйственного участка простирается на северо-восток, пересекает в т.560 административную границу между Красноярским краем и Эвенкийским автономным округом, проходит через точку схождения границ (т.561) водохозяйственных участков 16.01.03.003, 17.01.04.001 и 17.01.05.001 (Подкаменная Тунгуска от истока до впадения р. Чуня), затем поворачивает на северо-восток, проходит по центральной части Енисейского кряжа, делает петлю, огибая с севера исток р. Каменка, далее в т.562 опять пересекает границу Эвенкийского автономного округа и Красноярского края, поворачивает на восток и по южной части Заангарского плато, а затем Тунгусского плато идет до водораздела водохозяйственных участков 16.01.03.002 (Ангара от Усть-Илимского г/у до Богучанского г/у), 16.01.03.003 и 17.01.05.001 в т.16040. Отсюда, огибая верховья правого притока Ангары р. Чадобец, граница водохозяйственного участка поворачивает на юго-запад, пересекает Ангару в створе Богучанского гидроузла на р. Ангара (т.16039), поворачивает на юго-восток и идет по Приангарскому плато, пересекает границу между Красноярским краем и Иркутской областью в т.16042 и до т.16041 проходит близко к этой административной границе. Далее граница водохозяйственного участка обходит верховья левого притока Ангары р. Мура, поворачивает на северо-запад, проходит на Бирюсинском плато в т.16031 водораздел водохозяйственных участков 16.01.02.001 (Ангара от Братского г/у до Усть-Илимского г/у), 16.01.03.002 и 16.01.03.003, выходит на Приангарское плато, пересекает в т.589 границу между Иркутской областью и Красноярским краем, далее проходит точку схождения (т.16030) границ водохозяйственных участков 16.01.02.001, 16.01.02.003 (Тасеева) и 16.01.03.003, пересекает в т.16036 устье р. Тасеева, поворачивает на юг к водоразделу водохозяйственных участков 16.01.02.003, 16.01.03.003 и 17.01.03.005 (Енисей от Красноярского г/у до впадения р. Ангара без р. Кан) на водоразделе р. Ангара и Енисей (т.586) и уходит на северо-запад к исходной т.559 в устье Ангары. На территории водохозяйственного участка сформировались бореальные ландшафты возвышенных платформенных равнин с господством лиственнично-сосновых и лиственнично- березовых лесов, а на наиболее высоких поверхностях сосново-лиственничные леса переходят в кедрово-пихтово-еловые с примесью лиственницы и березы."""
"""Бассейны рек южной части оз.Байкал в междуречье рек Селенга и Ангара""","""Водохозяйственный участок 16.02.00.001 охватывает бассейны рек, впадающих в южную часть оз. Байкал в междуречье рек Селенга и Ангара. Самой крупной рекой водохозяйственного участка является р. Снежная, берущая начало на Хангарульском хребте. Водохозяйственный участок расположен на территории Иркутской области и Республики Бурятия. Площадь водохозяйственного участка составляет 12,3 тыс. км2. В соответствии с Реестром опорных точек описание границы водохозяйственного участка 16.02.00.001 начинается от т.591на берегу оз. Байкал, в которой сходятся границы водохозяйственных участков 16.01.01.001 (Иркутское в-ще, включая оз. Байкал и р. Ангара от истока до Иркутского г/у), 16.02.00.001 и 16.03.00.006 (Селенга от г. Улан-Удэ до устья). От этой точки граница идет сначала на юго-восток, затем поворачивает на юг, поднимается на хр. Хамар- Дабан к водоразделу (т.16059) водохозяйственных участков 16.02.00.001, 16.03.00.005 (Селенга от границы РФ с Монголией до г. Улан-Удэ без рр.Джида, Чикой, Хилок, Уда) и 16.03.00.006 и следует далее по хр. Хама-Дабан в юго-западном направлении по водоразделу бассейнов рек Темник в бассейне Селенги и Снежная (16.02.00.001) до точки схождения границ водохозяйственных участков 16.02.00.001, 16.03.00.001 (Джида) и 16.03.00.005 – т.16043 и далее к водоразделу в т.576 водохозяйственных участков 16.01.01.002 (Иркут), 16.02.00.001 и 16.03.00.001 близ истока р. Снежная. Отсюда граница поворачивает на север, пересекает в т.575 административную границу между Иркутской областью и Республикой Бурятия и по водоразделу бассейна р. Иркут следует в восточном направлении к берегу оз. Байкал, проходя в т.16004 водораздел водохозяйственных участков 16.01.01.001 (Иркутское в-ще, включая оз. Байкал и р. Ангара от истока до Иркутского г/у), 16.01.01.002 и 16.02.00.001. Далее граница водохозяйственного участка идет по береговой линии оз. Байкал, огибая его с юго-запада, проходит точку примыкания границы между Иркутской областью и Республикой Бурятия к береговой линии оз. Байкал (т.16044) и замыкается в исходной т.591. Абсолютные высоты на водоразделе хребта Хамар-Дабан составляют 1950-2200 м, здесь ярко проявляется высотная поясность в смене ландшафтов: зональные южнотаежные светлохвойные леса на высоте более 900-1100 м сменяются лиственничным редколесьем, выше располагается пояс лугов и тундр, выше которого лежат гольцовые пространства. Внутренняя часть границы водохозяйственного участка проходит по берегу оз. Байкал. На этом участке к берегу близко подходят залесенные северо-западные отроги хребта Хамар-Дабан, расчлененные многочисленными долинами коротких рек, впадающих в Байкал."""
"""Вилюй от Вилюйской ГЭС до впадения р.Марха""","""Водохозяйственный участок 18.03.08.003 охватывает территорию бассейна р. Вилюй от Вилюйской ГЭС до впадение р. Марха, расположен в Респ. Саха (Якутия). Площадь водохозяйственного участка составляет 99,0 тыс. км2. От т.18082 впадения р. Марха в р. Вилюй в точке схождения границ водохозяйственных участков 18.03.08.003, 18.03.08.004 (Марха) и 18.03.08.006 (Вилюй от впадения р. Марха до устья без р. Тюнг) граница следует на юго-восток по Приленскому плато, проходит через водораздел (т.18047) водохозяйственных участков 18.03.05.001 (Лена от устья Олекмы до в/п п. Покровск), 18.03.08.003 и 18.03.08.006 (Вилюй от впадения р. Марха до устья без р. Тюнг), поворачивает на юго-запад к т.740 схождения границ водохозяйственных участков 18.03.03.003 (Лена от в/п с. Мача до устья р. Олекма), 18.03.05.001 (Лена от устья Олекмы до п. Покровск) и 18.03.08.003, плавно поворачивает на запад, проходит через т.18035 схождения границ водохозяйственных участков 18.03.03.002 (Лена от впадения р. Витим до в/п с. Мача без р. Нюя),18.03.03.003 (Лена от с. Мача до устья р. Олекмы) и 18.03.08.003, затем через т.18033 схождения границ водохозяйственных участков 18.03.03.001 (Нюя), 18.03.03.002 и 18.03.08.003 граница следует к т.739. Граница разделяет верховья рек (с юга) Хонгор, Ботомою, Кюндяе, Кемпендяй, Кененикян, Вилюйчан, Оччугуй-Ботуобуя, Улахан-Ботуобуя бассейна Вилюя и (с севера) Намана, Бирюк, Меличан, Ура, Эргедей, Дербе, Бетинче, Оччугуй-Мурбайы, Мурахан- Мурбайы бассейна Лены. От т.739 граница поворачивает на юго-запад, проходит по водоразделу рек Курунг-Тымпычан и Улахан-Ботуобуя через точку схождения границ водохозяйственных участков 18.03.03.001, 18.03.08.002 и 18.03.08.003 - т.18032, поворачивает на север, пересекает р. Вилюй ниже створа Вилюйской ГЭС (т.18080), проходит через т.18081 схождения границ водохозяйственных участков 18.03.08.002, 18.03.08.003 и 18.03.08.004, поворачивает на восток и замыкается в исходной т.18082. На пути следования граница разделяет бассейны рек Нюя – с юга и Улахан-Ботуобуя с севера и востока. Растительный покров относится к подзоне северной тайги и северной полосе средней тайги. В основном это лиственничные леса, перемежающиеся с луговыми пространствами."""
Чикой,"""Водохозяйственный участок 16.03.00.002 охватывает бассейн р. Чикой - правого притока р. Селенга. Чикой берет начало на склонах Чикоконского хребта, протекает вдоль южного склона Малханского хребта по территории Забайкальского края и Республики Бурятия, частично — по границе с Монголией, в низовьях русло разбивается на рукава. Площадь водохозяйственного участка составляет 34,6 тыс. км2. В соответствии с Реестром опорных точек описание границы водохозяйственного участка 16.03.00.002 начинается от т.16047, расположенной в месте впадения р. Чикой в Селенгу. Отсюда граница проходит небольшой отрезок на северо-восток к точке схождения границ водохозяйственных участков 16.03.00.002, 16.03.00.003 (Хилок) и 16.03.00.005 (Селенга от границы РФ с Монголией до г. Улан-Удэ без рр.Джида, Чикой, Хилок, Уда) – т.16048 на хребте Улан-Бургасы. Здесь граница водохозяйственного участка резко поворачивает на юго-восток, проходит по западным отрогам хребтов Цаган-Дабан и Заганский и, поворачивая на северо-восток, выходит на гребень Малханского хребта, пересекает в т.16049 границу между Читинской областью и Республикой Бурятия, далее до т.16050 идет по Малханскому хребту близ этой административной границы и затем в т.16051 выходит на водораздел водохозяйственных участков 16.03.00.002, 16.03.00.003 и 20.03.01.001 (Ингода от истока до г. Чита). От этой точки граница резко поворачивает на юг и по водоразделу бассейнов рек Чикой и Ингода подходит к точке схождения (т.597) границ водохозяйственных участков 16.03.00.002, 20.03.01.001и 20.03.01.003 (Онон), далее поворачивает на юго-запад и выходит в т.598 на Государственную границу РФ с Монголией. От т.598 до т.16052 граница водохозяйственного участка совпадает с Государственной границей РФ с Монголией. Граница следует в северо-западном направлении, пересекает рр. Менза, Чикой, проходит точку (т.599) примыкания к Государственной границе РФ с Монголией границы между Читинской областью и Республикой Бурятия, далее идет до т.16052, в которой граница между водохозяйственными участками 16.03.00.002и 16.03.00.005 примыкает к Государственной границе РФ с Монголией. Здесь граница водохозяйственного участка поворачивает на север и следует по водоразделу рек Чикой и Джида к точке замыкания – т.16047. В ландшафтной структуре преобладает горная тайга на складчато-глыбовых средневысотных горных массивах."""
"""Малый Енисей""","""Водохозяйственный участок 17.01.02.00 включает бассейн р. Малый Енисей от границы РФ с Монголией до устья. Бассейн расположен в узкой долине, низовья - в Тувинской котловине. Водохозяйственный участок целиком расположен на территории Республики Тыва. Площадь водохозяйственного участка в пределах границ России составляет 40,5 тыс. км2. От точки слияния рек Малый и Большой Енисей (т.627) на схождении границ водохозяйственных участков 17.01.01.001 (Большой Енисей), 17.01.02.001 (Малый Енисей) и 17.01.03.001 (Енисей от истока до Саяно-Шушенского г/у) граница, следуя в северо-восточном направлении, поднимается на хребет академика Обручева и идет до водораздела на северных отрогах хребта Большой Саян (т.580) водохозяйственных участков 16.01.01.006 (Ока), 17.01.01.001 и 17.01.02.001 в точке пересечения с границей между Республикой Бурятия и Республикой Тыва, далее граница поворачивает на юго-восток, огибая истоки р. Билин, и подходит к точке примыкания к Государственной границе РФ с Монголией (т.579). Абсолютные высоты на этом участке резко возрастают от 611 до 2725 м, что проявляется в смене высотных ландшафтных поясов. До высоты 1500-1800 м преобладают ландшафты темнохвойной пихтовой и кедрово-пихтовой тайги и редколесий, в высокогорном поясе наряду с каменистыми тундрами нередко встречаются субальпийские луга. Массивы и горные группы хребта имеют почти широтное направление, характерной особенностью рельефа хребта Обручева является широкое распространение в его пределах поверхностей древнего выравнивания и обширных плато. От т.578 до т.623 граница водохозяйственного участка совпадает с Государственной границей РФ с Монголией. Граница следует в южном направлении, пересекает хребет Улан–Тайга, проходит через водораздел (т.623) бассейнов рек Малый Енисей и Тес-Хэм (17.01.03.200), поворачивает на северо-запад по хребту Сангилен, проходит через т.630 на водоразделе рр. Эрзин и Бурен, пересекает хребет Восточный Танну-Ола, поворачивает на запад, затем на север, проходит через т.17038 схождения границ водохозяйственных участков 17.01.02.001, 17.01.03.001 и 17.01.03.200 и, продвигаясь в северном направлении, подходит к исходной точке т.627. Повсеместно преобладает темнохвойная тайга. В высокогорном поясе распространены альпийские луга, а еще выше мохово-лишайниковые и каменистые тундры."""
"""Аять от истока до Аятского г/у""","""Водохозяйственный участок 14.01.05.017 охватывает бассейн р. Аять от истока до Аятского гидроузла. Участок расположен в Свердловской области, его площадь составляет 0,5 тыс. км2. От расчетного створа Аятского гидроузла на р. Аять (т.14059) граница водохозяйственного участка следует на юго-восток, делает петлю в южном направлении к т.14060 схождения границ водохозяйственных участков 14.01.05.017, 14.01.05.018 (Реж (без р. Аять от истока до Аятского г/у) и Нейва (от Невьянского г/у) до их слияния) и 14.01.05.020 (Пышма от истока до Белоярского г/у), далее в юго-западном направлении достигает т.14057 схождения границ водохозяйственных участков 14.01.05.016 (Нейва от истока до Невьянского г/у), 14.01.05.017 и 14.01.05.020. От этой точки граница поворачивает на север, проходит по водоразделу рр. Аять и Нейва, проходит т.14056 схождения границ водохозяйственных участков 14.01.05.016, 14.01.05.017 и 14.01.05.018, поворачивает на юго-восток и замыкается в начальной точке."""
"""Лена от впадения р.Витим до в/п с. Мача без р.Нюя""","""Водохозяйственный участок 18.03.03.002 охватывает территорию бассейна р. Лена без рр. Витим и Нюя от впадения р. Витим (в/п Витим) до в/п с. Мача расположен в Респ. Саха (Якутия) и Иркутской области. Площадь водохозяйственного участка составляет 75,9 тыс.км2. От т.18034 на расчетном створе ниже с. Мача граница следует в южном направлении по южной окраине Приленского плато, пересекает административную границу между Иркутской областью и Республикой Саха (Якутия) в т.737, выходит на Патомское нагорье, проходит через т.730 схождения границ водохозяйственных участков 18.03.02.003 (Витим от в/п с. Спицино до г. Бодайбо), 18.03.03.002 и 18.03.04.002 (Чара), поворачивает на запад к точке схождения границ водохозяйственных участков 18.03.02.003, 18.03.02.005 (Витим от г. Бодайбо до устья без р. Мамакан (от истока до Мамаканской ГЭС)) и 18.03.03.002 - т.18035, пересекает хребет Кропоткина, поворачивает на север, в т.729 вновь пересекает административную границу между Иркутской областью и Республикой Саха (Якутия),проходит через т.725 впадения р. Витим в р. Лена (схождение границ водохозяйственных участков 18.03.01.004 (Лена от г. Киренск до впадения р. Витим), 18.03.02.005 и 18.03.03.002. Граница разделяет бассейны рек (с запада) Меличан, Мал. Патом, Хайверга, Пилка и (с востока) - Туолбачан, Чара, Молво, Хомолха. В пределах Витимо-Олекминской ландшафтной провинции преобладают ландшафты горной дальневосточной тайги (лиственнично-зеленомошной), с ростом абсолютной высоты она сменяется подгольцовыми редколесьями. От т.725 граница движется в западном направлении, пересекает в т.728 административную границу между Иркутской областью и Республикой Саха (Якутия) на водоразделе водохозяйственных участков 18.03.01.004, 18.03.03.002 и 18.03.08.002 (Вилюй от в/п Усть-Амбардах до Вилюйской ГЭС), поворачивает на север, выходит на Приленское плато и следует по административной границе между Иркутской областью и Республикой Саха (Якутия) до т.18031 схождения границ водохозяйственных участков 18.03.03.001, 18.03.03.002 и 18.03.08.002. Далее граница поворачивает на запад, проходит через т.18030 на водоразделе рр. Нюя и Пеледуй, поворачивает на северо- восток, пересекает место впадения р. Нюя в р. Лена (т.18029). Затем граница резко поворачивает на север, проходит через т.18033 на водоразделе водохозяйственных участков 18.03.03.001, 18.03.03.002 и 18.03.08.003 (Вилюй от Вилюйской ГЭС до впадения р. Марха), поворачивает на северо-восток, достигает точки схождения границ водохозяйственных участков 18.03.03.002, 18.03.03.003 (Лена от в/п с. Мача до устья р. Олекма) и 18.03.08.003 - т.18035, поворачивает на юг и замыкается в начальной т.18034. Вся территория участка расположена в пределах Приленского плато (абсолютные высоты составляют 300-600 м), покрытого среднетаежными кустарничковыми и травяно-кустарничковыми лиственничными лесами."""
"""Обь от Новосибирского г/у до впадения р. Чулым без: рр. Иня и Томь""","""Водохозяйственный участок 13.01.02.007 охватывает бассейн р. Обь от Новосибирского гидроузла до впадения р. Чулым, исключая бассейны рр. Иня и Томь. Участок расположен в Новосибирской и Томской областях, его площадь составляет 31,4 тыс. км2. От расчетного створа впадения р. Чулым в р. Обь (т.425) граница водохозяйственного участка следует на юго-восток, проходит т.426 схождения границ водохозяйственных участков 13.01.02.007, 13.01.03.004 (Томь от г. Кемерово до устья) и 13.01.04.003 (Чулым от в/п с. Зырянское од устья), пересекает т.13035 впадения р. Томь в р. Обь и границу между Новосибирской и Томской областями в т.427, проходит т.13033 схождения границ водохозяйственных участков 13.01.02.006 (Иня), 13.01.02.007 и 13.01.03.004, поворачивает на юго-запад, пересекает р. Иня в т.13032 впадения ее в р. Обь выше г. Новосибирск, проходит т.13026 схождения границ водохозяйственных участков 13.01.02.005 (Обь от г. Барнаул до Новосибирского г/у без р. Чумыш), 13.01.02.006 и 13.01.02.007, поворачивает на запад, пересекает р. Обь в створе Новосибирского гидроузла (т.13025), проходит т.13031 схождения границ водохозяйственных участков 13.01.02.005, 13.01.02.007 и 13.02.00.004 (Бассейн оз. Тополиное и р. Бурла), поворачивает на север, проходит через т.13036 схождения границ водохозяйственных участков 13.01.02.007, 13.02.00.004 и 13.02.00.005 (Бассейн оз. Чаны и водные объекты до границы с бассейном р. Иртыш), следует по водоразделу рр. Чулым и Обь до т.405 схождения границ водохозяйственных участков 13.01.02.007, 13.02.00.005 и 14.01.02.001 (Омь), проходит в северо-восточном направлении т.406 схождения границ водохозяйственных участков 13.01.02.007, 14.01.02.001 и 13.01.05.001 (Обь от впадения р. Чулым до впадения р. Кеть) и по водоразделу рр. Шегарка и Иска, пересекая в т.431 границу между Томской и Новосибирской областями, замыкается в начальной точке. С юга на север степные ландшафты сменяются осиново-березовыми западно-сибирскими лесами и далее темнохвойной травяно-кустарничковой южной тайгой. Значительную роль в ландшафтной структуре занимают болота."""
Чара,"""Водохозяйственный участок 18.03.04.002 охватывает территорию бассейна р. Чара от истока до устья расположен в Иркутской и Читинской областях и Респ. Саха (Якутия). Площадь водохозяйственного участка составляет 87,6 тыс. км2. От т.18039 - точки впадения р.Чара в р. Олекма граница следует на юг, выходит на Олекмо- Чарское нагорье к т.18040 на водоразделе рр. Темулякит и Тяня, затем поднимается на хр. Удокан, поворачивает на юго-запад, пересекает административную границу между Читинской областью и Респ. Саха (Якутия) в т.18041, проходит водораздельную т.18021 водохозяйственных участков 18.03.02.002 (Витим от в/п с. Калакан до в/п с. Спицино), 18.03.04.002 и 18.03.04.003 (Олекма от в/п с. Усть-Нюкжа до устья без р. Чара), выходит на Каларский хр. к точке схождения границ водохозяйственных участков 18.03.02.002, 18.03.02.003 (Витим от в/п с. Спицино до г. Бодайбо) и 18.03.04.002 (Чара) - т.18020, поворачивает на север и тянется до т.732. Граница разделяет верховья рек (с запада) Токко, Тяня, Харбата, Чоруодакан, Чоруода бассейна Чары и (с востока) Сюкджю, Уэдэй, Уэся-Кюске, Тэмулякит, Олдонгда бассейна Олекмы. Абсолютные высоты местности составляют от 400 м на севере до 3000 м на крайнем юге. Почти повсюду преобладает однообразная тайга из даурской лиственницы, наиболее высокие склоны покрыты подгольцовым редколесьем, а местами и каменистой тундрой. От т.732 на пересечении границы между Иркутской и Читинской областями (водораздел р. Чара и Сыгыкта) граница следует на северо-запад, пересекает административную границу между Иркутской и Читинской областями в т.731, проходит по хребту Кропоткина и далее следует к водоразделу водохозяйственных участков 18.03.04.002, 18.03.02.003 и 18.03.03.002 (Лена от впадения р. Витим до в/п с. Мача без р. Нюя) - т.730, затем поворачивает на северо-восток, выходит на Патомское нагорье, пересекает административную границу между Иркутской областью и Республикой Саха (Якутия) в тт. 737 и736, проходит точку схождения границ водохозяйственных участков 18.03.04.002, 18.03.04.003 и 18.03.03.003 (т.18043)и замыкается в исходной т.735. Граница разделяет бассейны рек (с севера и востока) Имангра, Хани, Нечера, Жуя, Хомолхо, Молвои и (с юга и запада) Калар, Куанда, Сыгыкта, Хайверга, Мал.Патом, Меличан. Абсолютные высоты на этом отрезке вначале возрастают от 1700 до 2600 м, затем довольно резко снижаются до 125 м в устье Олекмы. Склоны хребтов заняты горной тайгой, поднимающейся до высоты 110-1400 м, выше развиты пояса подгольцового редколесья и горной тундры."""
"""Лена от устья Олекмы до в/п п.Покровск""","""Водохозяйственный участок 18.03.05.001 охватывает территорию бассейна р. Лена от впадение р. Олекма (в/п г. Олекминск) до в/п п. Покровск расположен целиком в Респ. Саха (Якутия). Площадь водохозяйственного участка составляет 122,0 тыс. км2. От т.18044 на расчетном створе ниже п.Покровск граница следует в юго-восточном направлении, поднимается на Приленское плато, проходит через точку схождения границ водохозяйственных участков 18.03.05.001, 18.03.05.002 (Лена от в/п п. Покровск до впадения р. Алдан) и 18.03.06.008 (Амга) - т.18045, поворачивает на юго-запад, проходит по водоразделу рек Негючэй и Буотама через т.18046 и в том же направлении следует к т.741 схождения границ водохозяйственных участков 18.03.04.003 (Олекма от в/п с. Усть-Нюкжа до устья без р. Чара), 18.03.05.001 и 18.03.06.007 (Алдан от впадения р. Мая до впадения р. Амга). На этом отрезке граница разделяет верховья рек (с северо-запада) Дянгых, Лютенге, Куюда, Харыя-Юрях, Буотома, Улахон-Саныкча, Сыальсардах, Туолба бассейна Лены и (с юго-востока) Борулях, Мундуруччу, Титиктях, Сылгылыр, Улу, Кырбыкан, Кюнгкюй, Нёгючей, Аян-Суоллах-Туора, Хаппырыастах, Угут, Амги. Абсолютные высоты на этом отрезке варьируют от 100 до 600 м. Территория занята преимущественно среднетаежными лиственничными и сосново-лиственничными лесами. На междуречьях типичны лиственничники-зеленомошники, на склонах и вершинах невысоких гор произрастают леса из даурской лиственницы. От т.741 граница поворачивает на север, затем плавно на северо-запад и идет к точке впадения р. Олекма в р. Лена (т.735) на схождении границ водохозяйственных участков 18.03.03.003 (Лена от в/п с. Мача до устья р. Олекма), 18.03.04.003 и 18.03.05.001 (Лена от устья Олекмы до в/п п. Покровск), пересекает р. Лена и проходит по Приленскому плато до т.740 на водоразделе водохозяйственных участков 18.03.03.003, 18.03.05.001 и 18.03.08.003 (Вилюй от Вилюйской ГЭС до впадения р. Марха). Далее граница поворачивает на север, проходит через т.18047 схождения границ водохозяйственных участков 18.03.05.001, 18.03.08.003 и 18.03.08.006 (Вилюй от впадения р. Марха до устья без р. Тюнг), поворачивает на восток, огибая с севера верховья р. Намана и с юга – рр. Тонгур и Чыбыда (т.745), затем в т.746 проходит через водораздел водохозяйственных участков 18.03.05.001, 18.03.07.001 (Лена от впадения р. Алдан до впадения р. Вилюй) и 18.03.08.006, разделяя верховья рек Матта и Бустама (т.747), поворачивает на юго-восток, огибая бассейн р. Кенгкеме (т.748), проходит водораздельную т.18048 – точку схождения границ водохозяйственных участков 18.03.05.001, 18.03.07.001 и 18.03.08.006 и замыкается в исходной т.18044. Абсолютные высоты на этом отрезке варьируют от 300 до 500 м, понижаясь в устьевой зоне Олекмы до 100 м. Территория занята преимущественно среднетаежными лиственничными и сосново-лиственничными лесами. На междуречьях типичны лиственничники-зеленомошники, на склонах и вершинах невысоких гор произрастают леса из даурской лиственницы."""
"""Водные объекты южнее бассейна р. Бурла без бассейнов озер Кучукского и Кулундинского""","""Водохозяйственный участок 13.02.00.003 охватывает водные объекты, находящиеся южнее бассейна р. Бурла, исключая бассейны оз. Кучукское и Кулундинское. Участок расположен в Алтайском крае на Государственной границе РФ с Казахстаном, его площадь составляет23 тыс. км2. От т.13054 схождения границ водохозяйственных участков 13.02.00.002 (Бассейн оз. Кулундинское), 13.02.00.003 и 13.02.00.004 (Бассейн оз. Тополиное и р. Бурла) граница водохозяйственного участка 13.02.00.003 следует на юг, проходит по водоразделу оз. Мал. Яровое и Кулундинское к т.13053 схождения границ водохозяйственных участков 13.02.00.001 (Бассейн оз. Кучукское), 13.02.00.002 и 13.02.00.003, далее извилисто следует на восток, обходя оз. Джиро, достигает т.13028 схождения границ водохозяйственных участков 13.02.00.001, 13.02.00.003 и 13.01.02.005 (Обь от г. Барнаул до Новосибирского г/у без р. Чумыш), затем продолжает движение на юг, проходит т.403 у оз. Молоково, т.13016 схождения границ водохозяйственных участков 13.02.00.003, 13.01.02.005 и 13.01.02.003 (Обь от начала реки в месте слияния рр. Бия и Катунь до г. Барнаул без р. Алей) и т.13013 схождения границ водохозяйственных участков 13.02.00.003, 13.01.02.003 и 13.01.02.002 (Алей от Гилевского г/у до устья), проходит вблизи оз. Горькое- Перешеечное, Ракиты и примыкает к Государственной границе РФ с Казахстаном в т.402 на границе с водохозяйственным участком 13.01.02.002. Далее граница водохозяйственного участка следует вдоль Государственной границы в северо- западном направлении, обходя оз. Малиновое, Горносталево, Петухово, Шелкудук, Бол. Яровое и Бурлинское, до т.13055 примыкания к ней границы с водохозяйственным участком 13.02.00.004. От этой точки граница водохозяйственного участка 13.02.00.003 поворачивает на восток и замыкается в начальной."""
"""Вилюй от в/п Усть-Амбардах до Вилюйской ГЭС""","""Водохозяйственный участок 18.03.08.002 охватывает территорию бассейна р. Вилюй от в/п Усть- Амбардах до Вилюйской ГЭС, расположен в Респ. Саха (Якутия) и Иркутской области. Площадь водохозяйственного участка составляет 78,7 тыс. км2. От т.18080, расположенной ниже створа Вилюйской ГЭС, граница следует на юг, проходит через т.18032 схождения границ водохозяйственных участков 18.03.03.001 (Нюя), 18.03.08.002 и 18.03.08.003 (Вилюй от Вилюйской ГЭС до впадения р. Марха), поворачивает на юго-запад, в т.738 пересекает административную границу между Иркутской областью и Республикой Саха (Якутия) и следует близко к административной границе до т.728 – точки схождения границ водохозяйственных участков 18.03.01.004 (Лена от г. Киренск до впадения р. Витим), 18.03.03.002 (Лена от впадения р. Витим до в/п с. Мача без р. Нюя) и 18.03.08.002 в точке пересечения границы между Иркутской областью и Республикой Саха (Якутия ). Далее граница подходит к водораздельной точке (т.619) водохозяйственных участков 17.01.07.001 (Нижняя Тунгуска от истока до в/п п. Кислокан), 18.03.01.004 и 18.03.08.002 на водоразделе р. Чона и Ичера, поворачивает на север, пересекает в тт.617 и 618 административную границу между Иркутской областью и Республикой Саха (Якутия), далее в т.617 поворачивает на восток, проходит через т.18078 схождения границ водохозяйственных участков 18.03.08.001 (Вилюй от истока до в/п Усть-Амбардах), 18.03.08.002 и 17.01.07.001, затем пересекает р. Вилюй ниже п. Усть-Амбардах (т.18077), поворачивает на северо- восток, огибает верховья р. Алымдя, проходит через водораздельную т.18079 схождения границ водохозяйственных участков 18.03.08.001, 18.03.08.002 и 18.03.08.004 (Марха), поворачивает на юго-восток к точке схождения границ водохозяйственных участков 18.03.08.002, 18.03.08.003и 18.03.08.004 - т.18081, затем поворачивает на юг и замыкается в начальной т.18080. Абсолютные высоты местности составляют 200-500 м. Зональным типом ландшафтов здесь являются ландшафты возвышенных платформенных равнин с преобладанием лиственничных среднетаежных лесов."""
"""Острова Берингова моря в пределах внутренних морских вод и территориального моря РФ, прилегающего к береговой линии гидрографической единицы 19.06.00 (вкл. о-в Карагинский)""","""Водохозяйственный участок 19.06.00.100 включает водные объекты островов Берингова моря в пределах внутренних морских вод и территориального моря РФ, прилегающего к береговой линии гидрографической единицы 19.06.00. Наиболее крупным из островов является о-в Карагинский. Площадь островов составляет 2.4 тыс. км2. Граница водохозяйственного участка проходит по береговой линии островов."""
"""Индигирка от истока до впадения р.Нера""","""Водохозяйственный участок 18.05.00.001 охватывает территорию бассейна р. Индигирка от истока до впадения р. Нера (в/п Усть-Нера), расположен целиком в Респ. Саха (Якутия). Площадь водохозяйственного участка составляет 83,5 тыс. км2. От т.18096 в расчетном створе выше впадения р. Нера граница участка следует в юго-восточном направлении, проходит через т.778 в верховьях р. Аян-Юрях, затем через т.779 схождения границ водохозяйственных участков 19.01.01.001 (Колыма от истока до Колымской ГЭС), 18.05.00.001 и20.01.00.001 (Бассейны рек Охотского моря от северо-восточной границы бассейна р. Иня до границы бассейна р. Уда), поворачивает на запад и следует по хребту Сунтар-Хаята практически по границе между Республикой Саха (Якутия) и Хабаровским краем до точки схождения границ (т.712) водохозяйственных участков 20.01.00.001, 18.05.00.001 и 18.03.06.005 (Мая от истока до в/п с. Аим) на границе между Республикой Саха (Якутия) и Хабаровским краем. С северных склонов хребтов берут начало притоки р. Индигирка: рр. Халкан, Лабынкыр, Куйдусун, Агаякан, а с южных – реки бассейна Охотского моря: Нют, Ульбея, Кухтуй, Охота, Делькю-Охотская. Абсолютная высота повышается до 2846 м. Из-за суровости климата высокогорные области заняты горной тундрой или лишены растительности; местами имеются снежники и ледники. От т.712 граница поворачивает на северо-запад, тянется по хребту Сунтар-Хаята, огибает истоки р. Сунтар (т.711) в точке схождения границ водохозяйственных участков 18.05.00.001, 18.03.06.005 и 18.03.06.008 (Амга), поворачивает на север, проходит точку схождения границ водохозяйственных участков 18.05.00.001, 18.03.06.008 и 18.03.06.009 (Алдан от впадения р. Амга до устья), проходит по Элгинскому плоскогорью через т.710 на водоразделе бассейнов рек Брюнгяде и Томпо, огибает верховья р. Эльги и следует к т.709. На пути следования границы преобладают горно-тундровые ландшафты, вершины гор лишены растительности и представляют собой арктическую каменистую пустыню. От т.709 схождения границ водохозяйственных участков 18.03.06.009, 18.04.02.001 (Адыча) и 18.05.00.001 на водоразделе р. Делинне и Барычаг граница поворачивает на северо-восток, пересекает хребет Боронг, проходит через т.18097 схождения границ водохозяйственных участков 18.05.00.001, 18.05.00.002 (Индигирка от впадения Неры до впадения Момы) и 18.04.02.001, затем т.763 на водоразделе бассейнов рек Чаркы (Муолакан) и Чибагалах и замыкается в исходной т.18096. Ландшафты высоких хребтов представлены в основном горной и арктической тундрой или лишены растительности. На равнине при движении с юга на север ландшафты меняются от лесотундровых заболоченных редколесий до лишайниково-моховых и кустарничково- травянистых арктических тундр."""
Илек,"""Водохозяйственный участок 12.01.00.009 охватывает российскую часть бассейна р. Илек от пересечения рекой Государственной границы РФ с Казахстаном до впадения в р. Урал. Площадь участка составляет 8,5 тыс. км2. Р. Илек впадает в р. Урал в т.363. От этой точки граница водохозяйственного участка следует в юго-восточном направлении до точки схождения границ водохозяйственных участков 12.01.00.008 (Урал от г. Орск до впадения р. Сакмара), 12.01.00.009 и 12.01.00.010 (Российская часть бассейна р. Урал ниже впадения в него р. Сакмара без р. Илек). Далее граница водохозяйственных участков 12.01.00.008 и 12.01.00.009 примыкает к Государственной границе РФ с Казахстаном в т.12026. От этой точки граница водохозяйственного участка 12.01.00.009 следует вдоль Государственной границы, которую р. Илек пересекает в т.359, т.360, т.361 и т.362, после чего замыкается в начальной точке."""
"""Бассейн оз. Большой Уват до г/у Большой Уват в истоке р. Вертенис""","""Небольшой водохозяйственный участок 14.01.03.001 охватывает бассейн оз. Большой Уват до гидроузла Большой Уват в истоке р. Вертенис, являющейся левым притоком Ишима. Водохозяйственный участок расположен в Тюменской области, его площадь составляет 0,4 тыс.км2. От расчетного створа гидроузла Большой Уват (т.14005) граница водохозяйственного участка 14.01.03.001 следует в западном направлении до т.14006 схождения границ водохозяйственных участков 14.01.03.001, 14.01.03.002 (Ишим от границы РФ с Респ. Казахстан до устья без оз. Большой Уват до г/у Большой Уват) и 14.01.04.001 (Иртыш от впадения р. Ишим до впадения р. Тобол), поворачивает на север, затем на восток, проходит т.491 схождения границ водохозяйственных участков 14.01.03.001, 14.01.03.002 и 14.01.04.001 и замыкается в начальной точке."""
"""Колыма от истока до Колымской ГЭС""","""Водохозяйственный участок 19.01.01.001 охватывает верховья р. Колыма и замыкается в расчетном створе на гидроузле Колымской ГЭС. Территория участка занимает часть Магаданской области и Хабаровского края. Площадь водохозяйственного участка составляет 61,5тыс. км2. От т.19001 в створе гидроузла Колымской ГЭС на р. Колыма граница следует в южном направлении по водоразделу бассейнов рр. Детрин и Бахапча до водораздельной точки т.19002 схождения границ водохозяйственных участков 19.01.01.001, 19.01.01.002 (Колыма от Колымской ГЭС до впадения р. Сеймчан) и 19.10.00.002 (Бассейны рек Охотского моря от южной границы бассейна р. Тахтаяма до северо-восточной границы бассейна р. Иня), поворачивает на запад, пересекает Сеймканские горы и выходит к т.796 на административной границе между Магаданской областью и Хабаровским краем, где сходятся границы водохозяйственных участков 19.01.00.001, 19.10.00.002 и 20.01.00.001 (Бассейны рек Охотского моря от северо-восточной границы бассейна р. Иня до границы бассейна р. Уда).Далее граница, следуя в северо-западном направлении по водоразделу бассейнов рек Кулу, Иня и верховьев р. Нильгысы, достигает точки схождения границ водохозяйственных участков 19.01.00.001, 18.05.00.001 (Индигирка от истока до впадения р. Нера) и 20.01.00.001 - т.779. От этой точки, расположенной на высоте 1795 м над уровнем моря, граница бассейна поворачивает на север, по Халканскому хребту идет вблизи административной границы между Республикой Саха (Якутия) и сначала Хабаровским краем, а затем - Магаданской областью, проходит через т.778 в верховьях р. Аян-Юрях, отклоняется на северо-восток, оставляя с запада бассейн р. Бургагы и Худжах (правые притоки р. Нера), а с востока – Аян-Юрях и Бёрёлёх, выходит к хр. Охандя и подходит к точке схождения границ водохозяйственных участков 18.05.00.002 (Индигирка от впадения Неры до впадения Момы), 19.01.01.001 и 19.01.01.003 (Колыма от впадения р. Сеймчан до в/п ГМС Коркодон) - т.18104. Здесь граница поворачивает на юго-восток, проходит через т.19003, где сходятся границы водохозяйственных участков 19.01.01.001, 19.01.01.002 и 19.01.01.004 (Колыма от в/п ГМС. Коркодон до в/п г. Среднеколымск), затем в том же направлении следует к исходной точке в створе водохозяйственного участка (т.19001). Территория водохозяйственного участка характеризуется горным рельефом с высотами до 2000 м. Большая часть поверхности покрыта редкостойными северотаежными лиственничными лесами, поднимающимися по склонам до высоты 1100-1200 м. В наземном покрове преобладают лишайники или кустарнички (брусника, вороника, багульник)."""
"""Реки бассейна Балтийского моря в Калининградской обл. без рр. Неман и Преголя""","""Водохозяйственный участок 01.01.00.003 охватывает российскую часть бассейнов рек, впадающих в Балтийское море в Калининградской области в междуречье бассейнов рр. Неман и Преголя. Наиболее крупными реками водохозяйственного участка являются Дейма и Матросовка. Участок расположен в Калининградской области, его площадь составляет 4,3 тыс. км2. От начальной т.3 примыкания к береговой линии Балтийского моря на Куршской косе граница водохозяйственного участка 01.01.00.003 следует на юг до крайней юго-западной т.4 Куршского залива, затем проходит по его восточной части до т.5 примыкания к береговой линии Государственной границы РФ с Литвой. Далее граница проходит на юго-восток по водоразделу р. Неман до т.1004 схождения границ водохозяйственных участков 01.01.00.001 (Неман), 01.01.00.002 (Преголя) и 01.01.00.003, от которой делает петлю в юго-западном направлении по водоразделу рр. Дейма и Преголя, проходит по побережью Балтийского моря мимо мыса Таран, возвращается на Куршскую косу и замыкается в начальной точке. Береговая линия характеризуется значительной изрезанностью. Куршская коса - поистине уникальное природное образование. Узкой полосой разделяет она соленое Балтийское море и пресноводный Куршский залив. На Куршской косе соседствуют песчаные пустыни и луга, покрытые мхом и лишайником, сырые ольшаники и сухие сосновые боры, высокоствольные сосны и низкорослые заросли горной сосны, широколиственный лес и южная тайга, песчаные горы и ровные поля, подвижные и закрепленные дюны, верховые и низинные болота, песчаные пляжи, протянувшиеся на десятки километров, морские, заливные и озерные берега. Побережье повсеместно заболочено, изрезано многочисленными мелиоративными каналами, устьями рек, самой крупной из которых является р. Дейма. Граница восточной части территории проходит по низменной зандровой и озерно-ледниковой равнине с хорошо сохранившимися ледниково-аккумулятивными формами рельефа и массивами смешанных лесов."""
Бикин,"""Водохозяйственный участок 20.03.07.004 охватывает бассейн правого притока р. Уссури – р. Бикин, берущего начало на склонах хребта Каменный в наиболее возвышенной части хребта Сихотэ-Алинь.; в верхнем течении это горная река, далее долина Бикина расширяется, река приобретает равнинный характер. Наиболее крупные притоки: Алчан, Бачелаза — справа; Зева — слева. Водохозяйственный участок расположен на территории Приморского и Хабаровского края, площадь водохозяйственного участка составляет 22,3 тыс. км2 . В соответствии с Реестром опорных точек описание границы водохозяйственного участка 20.03.07.004 начинается от т.20023, где р. Бикин впадает в Уссури (расчетный створ) на границе с водохозяйственным участком 20.03.07.006 (Уссури от впадения р. Большая Уссурка до устья без рр. Бикин и Хор). От этой точки граница водохозяйственного участка идет на северо-восток по западным отрогам горной системы Сихотэ-Алиня, в т.20024 пересекает административную границу между Приморским и Хабаровским краями и далее до т.864 следует близко к этой границе. От т.20024 граница продолжает движение в северо-восточном направлении по водоразделу притоков Бикина Улитка, Алчан и притоков р. Хор Бира и Подхоренок, проходит точку схождения границ водохозяйственных участков 20.03.07.006,20.03.07.004 и 20.03.07.005 (Хор) – т.20025. В этой точке граница поворачивает на юго-восток, поднимается на хребты Сихотэ-Алиня. затем, огибая верховья бассейна р. Катэн (20.03.07.005), вновь уходит на северо-восток и по водоразделу Бикина и Катэна подходит в т.864 к водоразделу водохозяйственных участков 20.03.07.005, 20.03.07.004 и 20.04.00.002 (Реки бассейна Японского моря от северной границы бассейна р. Самарга до восточной границы бассейна р. Партизанская). Здесь граница водохозяйственного участка резко поворачивает на юго-юго-восток, затем, огибая верховья рек Сагды-Бира и Светловодная (20.03.07.004), уходит на юго-запад и выходит к точке схождения границ водохозяйственных участков 20.03.07.004, 20.03.07.003 (Большая Уссурка) и 20.04.00.002 на административной границе между Хабаровским и Приморским краем - т.20022. Отсюда граница водохозяйственного участка идет на северо-запад по водоразделу рек Бикин и притоков Большой Уссурки Арму и Дальняя, затем, огибая верховья р. Дальняя, плавно поворачивает на запад-юго-запад и проходит точку (т.20021) схождения границ водохозяйственных участков 20.03.07.004, 20.03.07.003 и 20.03.07.006. От этой точки граница поворачивает на север и замыкается в исходной т.20023. В прибрежной части устьевой зоны р. Бикин развиты пойменные гидроморфные ландшафты, с подъемом на отроги Сихотэ-Алиня сменяющиеся хвойно-широколиственными лесами. В высокогорьях системы Сихотэ-Алиня прослеживается сложная высотная смена ландшафтов, насчитывающая до 5-6 ландшафтных поясов (от хвойно-широколиственных горных лесов до привершинных гольцов)."""
Адыча,"""Водохозяйственный участок 18.04.02.001 охватывает территорию бассейна р. Адыча от истока до устья расположен целиком в Респ. Саха (Якутия). Площадь водохозяйственного участка составляет 89,8 тыс. км2. От т.766 схождения границ водохозяйственных участков 18.04.01.001 (Яна от истока до впадения р. Адыча), 18.04.02.001 и 18.04.03.002 (Яна от впадения р. Адыча до устья без р. Бытантай) в месте впадения р. Адыча в р. Яна граница простирается в юго-восточном направлении по хребту Курунда, проходит через т.762 схождения границ водохозяйственных участков 18.04.02.001, 18.04.03.002 и 18.05.00.003 (Индигирка от впадения Момы до в/п п. Белая Гора), пересекает хребты Тас-Хаяхтах, Чибогалахский, Онолский в горной системе хребта Черского, проходит через т.763 (высота 2436 м) на водоразделе бассейнов рек Чакры (Муолакан) и Чибагалах в т.18097, пересекает хребет Боронг и следует к т.709. Граница разделяет бассейны рек (с запада) Догдо, Чибагалах, Чакры (Муолакан), Адыча и (с востока) - Ольде, Няннели, Нахатта, Иньяли. Высокогорные области заняты горной тундрой или лишены растительности; местами имеются снежники и ледники. От т.709 схождения границ водохозяйственных участков 18.03.06.009 (Алдан от впадения р. Амга до устья), 18.04.02.001 и 18.05.00.001 (Индигирка от истока до впадения р. Нера) на водоразделе рр. Делинне и Барыча граница поворачивает на запад и проходит по водоразделу бассейнов рек Делинне и Дербеке, выходит на Элгинское плато, затем пересекает Хунхадинский хребет, огибает верховья рек Нельгесе и Барайы проходит через точку схождения границ водохозяйственных участков 18.03.06.009, 18.04.01.001 и 18.04.02.001 (т.708), поворачивает на север, выходит на Янское плоскогорье, проходит по водоразделу бассейнов рек Нельгесе и Сартанг (т.768), далее следует по водоразделу бассейнов рек Сартанг и Борулах (т.767) и замыкается в т.766. Абсолютные высоты местности составляют 1200-1600 м. Склоны хребтов покрыты редкостойными лиственничными лесами, на вершинах преобладают горно-тундровые ландшафты."""
"""Алдан от впадения р.Амга до устья""","""Водохозяйственный участок 18.03.06.009 охватывает территорию бассейна р. Алдан от впадения р. Амга (в/п Хандыга) до устья (в/п пос.Батамай), расположен в Респ. Саха (Якутия). Площадь водохозяйственного участка составляет 112,7 тыс. км2. От т.743 впадения р. Алдан в р. Лена на схождении границ водохозяйственных участков 18.03.05.002 (Лена от в/п п. Покровск до впадения р. Алдан), 18.03.06.009 и 18.03.07.001 (Лена от впадения р. Алдан до впадения р. Вилюй) граница следует на северо-восток, поднимается на Верхоянский хребет, оконтуривая верховья р. Нуюра, поворачивает в т.750 на северо-запад, пересекает Муннийский хребет и по Кельтерскому хребту подходит в т.751 к водоразделу водохозяйственных участков 18.03.06.009, 18.03.07.001 и 18.03.09.001 (Лена от впадения р. Вилюй до в/п ГМС Джарджан), отсюда граница поворачивает на северо-восток и следует до т.706. Абсолютные высоты на этом отрезке резко возрастают от 70 м в устьевой зоне Алдана до 1600- 1700 м на водораздельных хребтах. Граница разделяет бассейны рек (с востока) Алдан, Тумара, Нуора и (с запада) Белянка и Ляписке. Здесь распространена среднегорная лиственничная тайга восточносибирского типа. Повсюду доминируют лиственничники-зеленомошники, поднимающиеся до высоты 1200-1300 м и переходящие выше в горные редкостойные леса. От т.706 схождения границ водохозяйственных участков 18.03.06.009, 18.03.09.001 и 18.04.01.001 (Яна от истока до впадения р. Адыча) - граница поворачивает на юго-восток, продолжая следовать по Верхоянскому хребту, проходит через т.707 на водоразделе р. Сартанг и Тукулани и достигает точки схождения границ водохозяйственных участков 18.03.06.009, 18.04.01.001 и 18.04.02.001 (Адыча) – т.708. От т.708 граница поворачивает на восток, пересекает Хунхадинский хребет, выходит на Элгинское плато, проходит через т.709 схождения границ водохозяйственных участков 18.03.06.009, 18.04.02.001 и 18.05.00.001 (Индигирка от истока до впадения р. Нера) на водоразделе р. Делинне и Барыча, поворачивает на юг, оконтуривая бассейн р. Нуюра на юго- восток и подходит к т.710 на водоразделе рр. Брюнгяде и Томпо. Далее граница проходит через т.18076 схождения границ водохозяйственных участков 18.03.06.007 (Алдан от впадения р. Мая до впадения р. Амга), 18.03.06.009 и 18.05.00.001, поворачивает на юго-запад к точке схождения границ водохозяйственных участков 18.03.06.007, 18.03.06.008 (Амга) и 18.03.06.009 у р. Алдан ниже впадения р. Амга (т.18075), выходит на водораздел водохозяйственных участков 18.03.05.002, 18.03.06.009 и 18.03.06.008 (т.18049), поворачивает на северо-запад к начальной т.743. В начале отрезка абсолютные высоты продолжают расти, достигая отметки 2300 м, затем убывают до 100 м.. С повышением абсолютных высот среднегорная лиственничная тайга восточносибирского типа сменяется высокогорными ландшафтами - редколесьями с тундровыми участками, а местами – гольцами"""
"""Сура от устья р.Алатырь до устья""","""Водохозяйственный участок 08.01.05.004 охватывает нижнюю часть бассейна р. Сура до замыкающего расчетного створа в месте впадения в р. Чебоксарское в-ще - т.303. Площадь водохозяйственного участка составляет 17,9 тыс. км2. От точки замыкающего створа, т.303, в которой сходятся административные границы Респ. Чувашия, Респ. Марий-Эл и Нижегородской обл., граница участков 08.01.05.004 и 08.01.04.003 (Волга от устья р. Ока до Чебоксарского г/у (Чебоксарское в-ще) без рр. Сура и Ветлуга) идет на восток до т.8053 – точки схождения границ водохозяйственных участков 08.01.04.003, 08.01.04.004 (Цивиль) и 08.01.05.004, затем отклоняется на юг, разделяя бассейны рр. Сура и Цивиль до т.8056, где сходятся границы водохозяйственных участков 08.01.04.004, 08.01.04.006 (Свияга от с.Альшеево до устья) и 08.01.05.004. Южнее этой точки в т.8073 сходятся границы водохозяйственных участков 08.01.04.006, 08.01.05.003 (Сура от Сурского г/у до устья р. Алатырь) и 08.01.05.004. Отсюда граница участков 08.01.05.004 и 08.01.05.003 в направлении на запад проходит точку пересечения с р. Сура (т.8068), пересекает границу Чувашской Респ. и Респ. Мордовия (т.8072), затем границу Нижегородской обл. и Респ. Мордовия (т.8071) и по водоразделу бассейнов рр. Пьяна и Алатырь достигает на водоразделе рр. Теша и Ежать т.9103 – точку схождения границ водохозяйственных участков 09.01.03.002 (Теша) и 08.01.05.002 и 08.01.05.004. Далее граница поворачивает на северо- запад, идет по водоразделу рр. Теша и Пьяна до т.9102 севернее г. Арзамаса на водоразделе рр. Теша и Вадок. От этой точки граница поворачивает на восток, у истока р. Сережа проходит т.276 – точку схождения границ водохозяйственных участков 08.01.04.003, 08.01.05.004 и 09.01.03.002, а затем плавно огибая бассейн р. Имза возвращается к точке замыкающего створа – т.303."""
"""Енисей от Красноярского г/у до впадения р.Ангара без р.Кан""","""Водохозяйственный участок 17.01.03.005 включает часть бассейна р. Енисей от Красноярского гидроузла до впадения Ангары (без бассейна р. Канн). Водохозяйственный участок целиком расположен на территории Красноярского края. Площадь водохозяйственного участка составляет 30,1 тыс. км2. От места впадения р. Ангара в Енисей т.559, в которой сходятся границы водохозяйственных участков 16.01.03.003 (Ангара от Богучанского г/у до устья без р. Тасеева), 17.01.03.005 (Енисей от Красноярского г/у до впадения р. Ангара без р. Кан) и 17.01.04.001 (Енисей от впадения р. Ангара до в/п с. Ярцево), граница поворачивает на юго-восток, следуя по Енисейскому кряжу, затем по юго-западной части Приангарского плато, проходит через водораздельную точку (т.586) водохозяйственных участков 16.01.02.003 (Тасеева), 16.01.03.003 и 17.01.03.005 на водоразделе р. Ангара и Енисей, проходит через т.17012 схождения границ водохозяйственных участков 16.01.02.003, 17.01.03.004 (Кан) и 17.01.03.005, поворачивает на юго-запад, пересекает Енисейский кряж, подходит к реке Енисей в месте впадения р. Кан (т. 17011), поворачивает на юг и следует к т.17008 схождения границ водохозяйственных участков 17.01.03.003 (Енисей от впадения р. Абакан до Красноярского г/у), 17.01.03.004 и 17.01.03.005. К северо-востоку от границы расположен бассейн р. Ангара с левыми притоками рр. Тасеева, Чистякова, Кузьминка, Шишина, Усолка, Рыбная, к юго-западу от границы - бассейн р. Енисей с правыми притоками. Здесь распространены южнотаежные ландшафты с преобладанием лиственнично-сосновых и лиственнично-березовых лесов. В т.17008 граница водохозяйственного участка поворачивает на северо-запад, проходит через т.17007 в створе Красноярского гидроузла на р. Енисей, затем проходит через т.17010 схождения границ водохозяйственных участков 17.01.03.003, 17.01.03.005 и 13.01.04.002 (Чулым от г. Ачинск до в/п с. Зырянское), поворачивает на север и по северным отрогам Западного Саяна проходит через водораздел (т.388) водохозяйственных участков 13.01.04.002, 13.01.06.001 (Кеть) и17.01.03.005, затем проходит через т.387 схождения границ водохозяйственных участков 13.01.06.001, 17.01.03.005 и 17.01.04.001 и замыкается в исходной т.559. Абсолютная высота по мере спуска с высоких хребтов Западного Саяна и выхода на предгорные равнины снижается до 300 м (т.387). Меняется и характер ландшафтов территории. В высокогорных районах ярко проявляется высотная поясность. Горная тайга покрывает склоны до высоты 1500 м. В среднегорных районах до высот 600-750 м господствуют темнохвойные южнотаежные леса и сосняки, ниже произрастают подтаежные березовые и парковые березово-осиновые леса."""
Китой,"""Водохозяйственный участок 16.01.01.003 охватывает бассейн левого притока Ангары – р. Китой и замыкается в расчетном створе (т.16012) у впадения р. Китой в р. Ангара на границе с водохозяйственным участком 16.01.01.004 (Ангара от Иркутского г/у до впадения р. Белая без рр.Иркут, Китой). Китой начинается со склонов горного узла Нуку-Дабан на высоте 2091 м. Участок расположен на территории Республики Бурятия и Иркутская области. Площадь водохозяйственного участка составляет 9,2 тыс. км2, причем более 7,5 тыс. км2 приходится на горную часть. От т.16012, расположенной в устье р. Китой при ее впадении в Ангару, граница между водохозяйственными участками 16.01.01.003 и 16.01.01.004 идет на юго-юго-запад до водораздельной т.16011, в которой сходятся границы водохозяйственных участков 16.01.01.002 (Иркут), 16.01.01.003 и 16.01.01.004. Отсюда граница уходит вначале на юго-запад, затем поворачивает на запад по водоразделу рек Иркут и Китой и достигает т.16010 на границе с водохозяйственным участком 16.01.01.002 в месте ее пересечения с административной границей между Иркутской областью и Республикой Бурятия. От этой точки граница продолжает следовать в западном направлении по хребтам Восточного Саяна, разделяя бассейны рек Иркут и Китой, затем резко поворачивает на северо-запад, огибая верховья р. Иркут и подходит к т.16009 схождения границ водохозяйственных участков 16.01.01.002, 16.01.01.003 и 16.01.01.005 (Белая). Здесь граница поворачивает на восток-северо-восток и по водоразделу рек Китой и Мал.Белая (16.01.01.005) достигает точки пересечения административной границы между Иркутской областью и Республикой Бурятия (т.16013) с границей водохозяйственных участков 16.01.01.003 и 16.02.00.005 и далее идет близ этой административной границы до т.16014. Затем граница с предгорий Восточного Саяна спускается на Иркутско-Черемховскую равнину и идет на северо- восток до точки схождения границ водохозяйственных участков 16.01.01.003, 16.01.01.004 и 16.01.01.005, затем поворачивает на восток и замыкается в расчетном створе у впадения р. Китой в р. Ангара (т.16012). На верхнем участке водоразделами бассейна служат горные пики Китойских и Тункинских гольцов Саянских гор с высотами, достигающими 3200-3250 м. Большая часть Саян покрыта горными лесами таежного типа. На юго-восточных склонах из-за малого количества осадков горная лесостепь поднимается до 1000 м, сменяясь выше узким поясом лиственных лесов с примесью кедра. Верхняя граница леса лежит на высоте 1800-2100 м. Нижняя часть северных склонов покрыта почти чистыми сосняками, которые выше 1200 м сменяются сырыми кедрово-лиственными лесами. Выше идут кедровые леса и лесотундры с густым ягельным и моховым покровом. Верхняя граница леса лежит на высоте 2000 м, далее начинаются альпийские и субальпийские луга. Значительные пространства заняты каменистыми россыпями, мохово-лишайниковой и каменистой тундрой. Встречаются, особенно на южных склонах, заросли рододендрона, березы, ивы."""
"""Вилюй от истока до в/п Усть-Амбардах""","""Водохозяйственный участок 18.03.08.001 охватывает территорию бассейна р. Вилюй от истока до в/п Усть-Амбардах, расположен в Респ. Саха (Якутия) и Эвенкийскийском а.о. Площадь водохозяйственного участка составляет 57,3 тыс. км2. От т.18077 пересечения р. Вилюй границы с водохозяйственным участком 18.03.08.002 (Вилюй от в/п Усть-Амбардах до Вилюйской ГЭС) у в/п Усть-Амбардах граница следует на юго-запад, проходит через т.18078 схождения границ водохозяйственных участков 18.03.08.001, 18.03.08.002 и 17.01.07.001 (Нижняя Тунгуска от истока до в/п п. Кислокан), поворачивает на северо-запад, пересекает точку схождения границ Эвенкийского а.о., Респ. Саха (Якутия) и Иркутской области (т.616) и до т.615 на водоразделе р. Туру и Улахан-Вава практически совпадает с ней, проходя через точку схождения границ водохозяйственных участков 17.01.07.001, 17.01.07.002 (Нижняя Тунгуска от в/п п. Кислокан до в/п пгт. Тура) и 18.03.08.001 - т.17023. Далее граница делает петлю, огибая истоки р. Туру, и подходит к точке схождения границ (т.614) водохозяйственных участков 17.01.07.002, 17.04.02.001 (Котуй) и 18.03.08.001. Здесь граница резко поворачивает на северо- восток и подходит в т.676 – точке схождения границ водохозяйственных участков 18.02.00.001 (Оленек от истока до в/п ГМС Сухана), 18.03.08.001 и 17.04.02.001 на пересечении границы между Эвенкийским а.о. и Республикой Саха (Якутия) к водоразделу бассейнов рек Котуй и Вилюй. Участок границы интересен тем, что здесь близко к водоразделу подходят субмеридионально направленные долины рек Ниж.Тунгуска (с запада) и Чона, Чиркуо, Вилюй (с востока). На всем протяжении участка в р. Ниж.Тунгуска впадают только два относительно крупных притока – рр. Инейка в начале и Ейка в конце участка. Абсолютная высота местности колеблется в пределах 350- 700 м. Зональным типом ландшафтов здесь являются ландшафты возвышенных платформенных равнин с преобладанием лиственничных среднетаежных лесов. От т.676 граница водохозяйственного участка поворачивает на юго-восток, пересекает в т.700 административную границу между Эвенкийским автономным округом и Республикой Саха (Якутия), поворачивает на юг и идет по Вилюйскому плато до т.18003 схождения границ водохозяйственных участков 18.02.00.001, 18.03.08.001 и 18.03.08.004 (Марха), далее проходит черезт.18079 схождения границ водохозяйственных участков 18.03.08.001 18.03.08.002 и 18.03.08.004 и замыкается в начальной т.18077. Граница разделяет (с запада) верховья рек бассейна Вилюя и (с востока) многочисленные правые притоки р. Моркока. Растительный покров относится к подзоне северной тайги и северной полосе средней тайги. В основном это лиственничные леса, перемежающиеся с луговыми пространствами."""
Шуя,"""Водохозяйственный участок 01.04.00.001 охватывает бассейн р. Шуя от истока до ее впадения в Онежское озеро. Шуя вытекает из оз. Суоярви, протекает через ряд озёр, наиболее крупным из которых является Шот-озеро, впадает в Логмозеро, которое соединяется протокой длиной 0,8 км с Онежским озером. Территория водохозяйственного участка характеризуется высокой степенью заозеренности (озёрность 10,6%). Участок расположен в Республике Карелия, его площадь составляет 10,1 тыс. км2. От расчетного створа впадения р. Шуя в Онежское озеро (т.1035) граница водохозяйственного участка 01.04.01.001 следует на юго-запад, поднимаясь на Олонецкую возвышенность, до т.1036 схождения границ водохозяйственных участков 01.04.01.001, 01.04.00.006 (Бассейн Онежского озера без рр. Шуя, Суна, Водла и Вытегра) и 01.04.01.007 (Свирь от истока до Нижнесвирского г/у) у истока р. Таржеполка, затем обходит оз. Сватозеро и достигает т.1037 схождения границ водохозяйственных участков 01.04.01.001, 01.04.01.007 и 01.04.03.002 (Бассейн оз. Ладожское без рр. Волхов, Свирь и Сясь). От этой точки граница следует на северо-запад о водоразделу рр. Шуя и Колос до т.35 схождения границ водохозяйственных участков 01.04.01.001, 01.04.03.002 и 01.05.00.001 (Реки Карелии бассейна Балтийского моря на границе РФ с Финляндией, включая оз. Лексозеро). Далее граница поворачивает на север, следует по водоразделу оз. Ала-Толваярви и Ягляярви до т.1038 схождения границ водохозяйственных участков 01.04.01.001, 01.04.01.002 (Суна) и 01.05.00.01. В этой точке граница поворачивает на юго-восток, обходит оз. Тумасозеро, проходит по водоразделу р. Ирста, затем обходит оз. Ватчелское, делает петлю в северном направлении до оз. Пялозеро, затем выходит на водораздел р. Суна, на котором проходит т.1039 схождения границ водохозяйственных участков 01.04.01.001, 01.04.01.002 и 01.04.01.006, после чего замыкается в начальной точке. Граница проходит в лесной зоне Фенноскандии с преобладанием сосновых, реже еловых лесов."""
"""Ингода от г.Чита до устья""","""Водохозяйственный участок 20.03.02.001 включает нижнюю часть бассейна р. Ингода от г. Чита до места ее слияния с р. Онон и образования р. Шилка. Ниже г. Чита долина Ингоды, прорезая Даурский хребет, сужается, в нижнем течении долина расширяется, ширина реки достигает 150-200 м, глубины - до 3 м. Водохозяйственный участок практически целиком расположен на территории Читинской области, лишь самая южная часть его территории лежит в Агинском Бурятском автономном округе. Площадь водохозяйственного участка составляет 15,2 тыс. км2. Расчетный створ водохозяйственного участка находится в т.20006 в месте слияния р. Ингода с р. Онон и образования р. Шилка, где сходятся границы водохозяйственных участков 20.03.01.002, 20.03.01.003 (Онон) и 20.03.01.004 (Шилка). От этой точки граница водохозяйственного участка проходит короткий участок в юго-западном направлении, затем поворачивает на запад, пересекает в т.20007 административную границу между Читинской областью и Агинским Бурятским автономным округом, вновь поворачивает на юго-запад по Даурскому хребту и далее на отрезке до т.20003 на ряде участков близко проходит к этой административной границе. Следуя по Даурскому хребту, граница водохозяйственного участка в т.20003 проходит водораздел водохозяйственных участков 20.03.01.001(Ингода от истока до г. Чита), 20.03.01.002 и 20.03.01.003, поворачивает на северо-запад, огибает исток р. Оленгуй, уходит на северо-восток по хребту Черского. От т.20003 до т.20002 граница водохозяйственного участка проходит близ административной границы между Агинским Бурятским автономным округом и Читинской областью, пересекая ее в т.20002. Следуя далее в северо-восточном направлении, граница водохозяйственного участка спускается в долину р. Ингода, пересекает ее у г. Чита (т.20001), вновь поднимается по хребту Черского, проходит по водоразделу рек Кручина (20.03.01.001) и Чита (20.03.01.001) и достигает точку (т.20005) схождения границ водохозяйственных участков 20.03.01.001, 20.03.01.002 и 20.03.01.004. В этой точке граница, огибая исток р.Кручина, резко поворачивает на юг, проходит по Даурскому хребту, делая петлю у истока р. Ульдурга (20.03.01.004), поворачивает на юго-восток, спускаясь с отрогов хребта в долину р. Шилка, и замыкается в исходной т.20006. Абсолютные высоты местности варьируют от 1100-1400 на хребтах Забайкалья до 400-600 м в долинах рек Ингода и Шилка. В горах в рельефе четко выражены плоские или куполообразные вершины, склоны хребтов расчленены глубоко врезанными узкими речными долинами. Почти повсюду преобладает однообразная тайга из даурской лиственницы, наиболее высокие склоны и вершины покрыты подгольцовым редколесьем, а местами и каменистой тундрой; придолинные высокие участки заняты таежными лесами, в поймах развиты разнотравно-злаковые луга."""
Камчатка,"""Водохозяйственный участок 19.07.00.001 охватывает бассейн р. Камчатка от истока до устья и целиком расположен в Камчатском крае. Площадь водохозяйственного участка составляет 55,9 тыс. км2. От т.19018 – точки впадения р. Камчатка в Берингово море граница следует в южном направлении, проходит через т.19019 примыкания к береговой линии Берингова моря границы с водохозяйственным участком 19.07.00.002 (Бассейны рек Тихого океана п-ова Камчатка южнее юго- восточной границы бассейна р. Камчатка), поворачивает на юго-запад, поднимается на Восточный хр., служащий водоразделом бассейнов рек Охотского моря и бассейна р. Камчатки (Бол.Хапица, Толбичик, Щапина) и следует до т.19020 на хр. Тумрок, западнее побережья оз. Кроноцкое. Далее граница, следуя в том же направлении, проходит через т.19021 - точку схождения границ водохозяйственных участков 19.07.00.001, 19.07.00.002 и 19.08.00.002 (Бассейны рек Охотского моря п-ова Камчатка южнее южной границы бассейна р. Тигиль) на гребне Канальского хр., огибает исток р. Камчатки (т.839) на водоразделе бассейнов р. Камчатка и Быстрая, поворачивает на северо-восток и следует по Срединному хр. через т.19022 - точку схождения границ водохозяйственных участков 19.07.00.001, 19.08.00.002 и 19.08.00.001 (Бассейны рек Охотского моря п-ова Камчатка от восточной границы бассейна р. Пенжина до южной границы бассейна р. Тигиль), т.840 на пересечении границы между Корякским а.о. и Камчатской областью, и следует по административной границе до т.835 на схождении границ водохозяйственных участков 19.06.00.003 (Бассейны рек Берингова моря от южной границы бассейна р. Вывенка до северной границы бассейна р. Камчатка), 19.07.00.001 и 19.08.00.001 на границе между Корякским а.о. и Камчатской областью. От этой точки граница водохозяйственного участка поворачивает на юго- восток по водоразделу р. Еловка бассейна Камчатки и р. Озерная, выходит к побережью Берингова моря (т.834) и по побережью замыкается в исходной т.19018. Рельеф местности обусловлен наличием на Камчатке хребтов: Срединного и Восточного с абсолютными высотами от 820 до 1950 м. Горноскладчатый рельеф территории здесь сочетается с вулканическим и эрозионным. Берега, как правило, представляют собой узкую, часто заболоченную полосу равнины с высотами 20-50 м. На склонах гор представлены разнообразные растительные группировки: лишайниковые, травянисто-лишайниковые, мохово-травянисто-лишайниковые, лишайнико-кустарничковые, а в нижних частях склонов и в долинах, расположенных ниже 200-250 м – крупнокустарниковые тундры и пойменные леса. Среди каменных и щебенчатых россыпей растут дриада, рододендрон камчатский, ивы красноплодная и сетчатая, брусника, голубика."""
Кан,"""Водохозяйственный участок 17.01.03.004 включает полностью бассейн р. Кан от истока на северных склонах горного массива Канского Белогорья до устья. На своем пути р. Кан пересекает Канско-Рыбинскую котловину и южные отроги Енисейского кряжа. Водохозяйственный участок расположен на территории Красноярского края и Иркутской области. Площадь водохозяйственного участка составляет 36,9 тыс. км2. От т. 17011 в месте впадения р. Кан в Енисей граница следует в северо-восточном направлении, проходит через т.17012 схождения границ водохозяйственных участков 16.01.02.003 (Тасеева от истока до устья), 17.01.03.004 (Кан) и 17.01.03.005 (Енисей от Красноярского г/у до впадения р. Ангара без р. Кан), затем поворачивает на юго-восток к водоразделу бассейнов Енисея и р. Тасеева - к точке схождения границ водохозяйственных участков 16.01.02.002 (Бирюса), 16.01.02.003 и 17.01.03.004 (т.16035), поворачивает на юг, в т.585 пересекает административную границу между Иркутской областью и Красноярским краем и далее следует по этой административной границе до т.584. Граница разделяет (с запада) реки Кан и Агул и (с востока) реки Усолка, Пойма, Туманшет и Мал Тагул. Абсолютные высоты возрастают от 300м до 2000м. С возрастанием высот темнохвойные южнотаежные леса и сосняки сменяются горной тайгой. В т.17009 схождения границ водохозяйственных участков 16.01.02.002, 17.01.03.003 (Енисей от впадения р. Абакан до Красноярского г/у) и 17.01.03.004 граница поворачивает на северо-запад, выходит на Восточный Саян к т.17008 схождения границ водохозяйственных участков 17.01.03.003, 17.01.03.004 и 17.01.03.005 и в северном направлении замыкается в начальной т.17011. На пути следования граница разделяет (с северо-востока) реки Кунгус, Кан, Пезо, Рыбная и (с юго-запада) реки Манна и Мина. Абсолютные высоты снижаются до 250-300м. В среднегорных районах до высот 600-750 м господствуют темнохвойные южнотаежные леса и сосняки, ниже произрастают подтаежные березовые и парковые березово-осиновые леса."""
"""Витим от в/п с. Калакан до в/п с. Спицино""","""Водохозяйственный участок 18.03.02.002 охватывает территорию бассейна р. Витим от в/п с. Калакан до в/п с. Спицино; расположен в Респ. Бурятия, Читинской и Амурской областях. Площадь водохозяйственного участка составляет 84,7 тыс. км2. От т.18019 – расчетного створа ниже в/п с. Спицыно – граница следует на северо-восток по хр. Кадар, проходит через т.18020 схождения границ водохозяйственных участков 18.03.02.002, 18.03.02.003 (Витим от в/п с. Спицино до г. Бодайбо) и 18.03.04.002 (Чара), выходит на водораздел водохозяйственных участков 18.03.02.002, 18.03.04.002 и 18.03.04.003 (Олекма от в/п с. Усть-Нюкжа до устья без р. Чара) - т.18021, поворачивает на юго-восток, пересекает административную границу между Амурской и Читинской областями в т.733, затем проходит через точку схождения границ водохозяйственных участков 18.03.02.002, 18.03.04.001 (Олекма от истока до в/п с. Усть-Нюкжа) и 18.03.04.003 - т.18022, поворачивает на юго-запад, пересекает административную границу между Амурской и Читинской областями в т.734, далее следует по водоразделу рек Калакан и Олёкма к т.722 схождения границ водохозяйственных участков 18.03.02.002, 18.03.04.001 и 20.03.01.004 (Шилка от слияния рр. Ингода и Онон до устья), поворачивает на запад и тянется до т.18016. На склонах хребтов до высоты 1200-1300 м широко распространена среднегорная лиственничная тайга восточносибирского типа. Верхние части склонов и невысокие междуречья заняты лиственничным или кедровым редколесьем, высокие междуречья образуют гольцовый пояс с разреженным растительным покровом. От т.18016 на схождении границ водохозяйственных участков 18.03.02.001 (Витим от истока до в/п с. Калакан), 18.03.02.002 и 20.03.01.004 граница следует на северо-запад по Витимскому плоскогорью, проходит через т.18015 – р. Витим ниже в/п с. Калакан, делает петлю в юго- восточном направлении, далее следует на юго-запад, огибает верховья рек Мал. Амалат и Бол. Амалат, делает петлю в северо-восточном направлении, проходит через т.18018 на водоразделе рр. Усой, Талой и Чина, выходит на Икотский хр. к т.18017 схождения границ водохозяйственных участков 18.03.02.001, 18.03.02.002 и 16.04.00.002 (Бассейны рек средней части оз. Байкал от северо- западной границы бассейна р. Баргузин до северной границы бассейна р. Селенга), проходит через водораздельные точки т.16058 на схождении границ водохозяйственных участков 18.03.02.002, 16.04.00.001 (Бассейны рек средней и северной части оз. Байкал от юго-восточной границы бассейна р. Ангара до северо-западной границы бассейна р. Баргузин) и 16.04.00.002, т.18023 на схождении границ водохозяйственных участков 18.03.02.002, 18.03.02.003 и 16.04.00.001 и в северо-восточном направлении следует к начальной т.18019. Абсолютные высоты местности меняются от 600 до 2500 м. Среднегорная лиственничная тайга на высоте 1200 - 1300 м сменяется лиственничным или кедровым редколесьем, далее следует гольцовый пояс с разреженным растительным покровом."""
Межа,"""Водохозяйственный участок 01.02.00.003 охватывает бассейн р. Межа от истока до впадения в р. Западная Двина. Межа берёт начало на Валдайской возвышенности, в верховьях река протекает по территории Центрально-Лесного заповедника, русло реки узкое и извилистое. берега заболоченные. Крупнейшие притоки Межи - Береза, Лучеса, Обша, Ельша — левые; Бутаковка — правый. Участок расположен в Тверской и Смоленской областях, его площадь составляет 9 тыс. км2. От расчетного створа на р. Межа в месте ее впадения в р. Западная Двина в т.1006 схождения границ водохозяйственных участков 01.02.00.002 (Западная Двина от истока до впадения р. Межа), 01.02.00.003 и 01.02.00.004 (Западная Двина от впадения р. Межа до границы с Респ. Беларусь) и схождения границ Псковской, Тверской и Смоленской областей граница водохозяйственного участка 01.02.00.003 следует на северо-восток по Валдайской возвышенности по водоразделу рр. Западная Двина и Билейка, Межа и Туросна, Велеса и Бутаковка до т.1010 схождения границ водохозяйственных участков 01.02.00.002, 01.02.00.003 и 08.01.01.001 (Волга от истока до Верхневолжского бейшлота), затем обходит верховья рр. Жукопа и Межа, проходит т.12 схождения границ водохозяйственных участков 01.02.00.003, 08.01.01.001 и 08.01.01.004 (Волга от Верхневолжского бейшлота до г. Зубцов без р. Вазуза от истока до Зубцовского г/у), в которой поворачивает на юго- восток. Следуя в этом направлении, граница проходит по Бельской возвышенности по водоразделам рр. Витка и Тудовка, Береза и Сишка до т.8009 схождения границ водохозяйственных участков 01.02.00.003, 08.01.01.004 и 08.01.01.003 (Вазуза от истока до Зубцовского г/у без р. Яуза до Кармановского г/у) и далее до т.13 схождения границ водохозяйственных участков 01.02.00.003, 08.01.01.003 и 04.01.00.001 (Днепр от истока до г. Дорогобуж). От этой точки граница следует на юго-запад по западным отрогам Бельской возвышенности (абсолютные высоты плавно понижаются до 225 м),, обходя истоки Днепра, проходит т.4002 схождения границ водохозяйственных участков 01.02.00.003, 04.01.00.001 и 04.01.00.002 (Днепр от г. Дрогобуж до г. Смоленск), пересекает границу между Смоленской и Тверской областями в т.14, проходит по Духовщинской возвышенности, следуя по водоразделам рр. Кокошь и Чичатка, Осотня, Вотря и Аржать, и достигает т.15 схождения границ водохозяйственных участков 01.02.00.003, 01.02.00.004 и 04.01.00.002 у истоков р. Гобза. Отсюда граница поворачивает на северо-запад, проходит по Слободской возвышенности и замыкается в начальной точке. В рельефе характерны волнистые и полого-холмистые равнины с крупными моренными холмами, озами и камами. В ландшафтном отношении эта территория относится к Смоленско-Московской провинции лесной зоны Русской равнины. Здесь распространены широколиственно-еловые и вторичные мелколиственные леса из березы и осины, а также сосновые боры на аллювиальнозандровых равнинах. Местами наибольшее распространение имеют темнохвойные леса."""
"""Реки бессточных областей левобережья Волги без бассейна оз.Эльтон""","""Водохозяйственный участок 11.01.00.027 охватывает бассейны рек бессточных областей левобережья р. Волга. Площадь водохозяйственного участка составляет 16,7 тыс. км2. От т.11088 в месте примыкания к Госудаственной границе РФ водохозяйственных участков 11.01.00.027 и 11.01.00.026 (Оз. Эльтон и впадающие в него реки) граница идет на юг до т.350, в которой пересекается административная граница Волгоградской и Астраханской областей вблизи оз. Воткуль, плавно поворачивает на юго-восток, огибая оз. Баскунчак, и в южном направлении по границе РФ с Респ.Казахстан приходит в т.11087 - точку примыкания к этой границе границы водохозяйственного участка 11.01.00.025 (Волга (дельта) от в/п Верхнее Лебяжье до устья). Отсюда граница идет на северо-запад до т.11085 - точки схождения границ водохозяйственных участков 11.01.00.024 (Волга от в/п Светлый Яр до в/п Верхнее Лебяжье), 11.01.00.025 и 11.01.00.027 и уходит далее на север вдоль Ахтубинского рукава до т.11074, перед которой в т.11084 пересекается административная граница Астраханской и Волгоградской областей. В т.11074 сходятся границы водохозяйственных участков 11.01.00.022 (Волга от Саратовского г/у до Волгоградского г/у (Волгоградское в-ще) без рр. Бол.Иргиз, Бол.Караман, Терешка, Еруслан, Торгун), 11.01.00.024 и 11.01.00.027. От этой точки граница участков 11.01.00.027 и 11.01.00.022 идет на север до т.11071 - точки схождения границ водохозяйственных участков 11.01.00.021 (Торгун), 11.01.00.022 и 11.01.00.027, резко поворачивает на юго-восток до т.11070 - точки схождения границ водохозяйственных участков 11.01.00.021, 11.01.00.026 (оз. Эльтон и впадающие в него реки) и 11.01.00.027 и далее по западной границе бассейна оз. Эльтон возвращается к замыкающему створу - т.11088."""
"""Иртыш от впадения р.Ишим до впадения р.Тобол""","""Водохозяйственный участок 14.01.04.001 охватывает бассейн Иртыша и его притоков на участке от впадения р. Ишим до впадения р. Тобол. Участок расположен в Омской, Тюменской и Курганской областях и его площадь составляет 35 тыс. км2. Р.Тобол впадает в р. Иртыш в т.492 схождения границ водохозяйственных участков 14.01.04.001, 14.01.05.026 (Тобол от впадения р. Исеть до устья без рр. Тура, Тавда) и 14.01.07.001 (Иртыш от впадения р. Тобол до г. Ханты-Мансийск (выше) без р. Конда). От этой точки граница водохозяйственного участка следует в восточном направлении по южной окраине возвышенности Тобольский материк по водоразделу рр. Иртыш и Туртас, дважды пересекая границу между Омской и Тюменской областями – в т.493 и т.494 на водоразделе рр. Иптияр и Бол. Бича, доходит до т.479 схождения границ водохозяйственных участков 14.01.04.001, 14.01.07.001 и 14.01.01.003 (Иртыш от впадения р. Омь до впадения р. Ишим без р. Оша). Абсолютные высоты от долины Иртыша в устье Тобола с отметкой 35 м на водоразделе Тобольского материка увеличиваются до 110 м, территория на этом участке характеризуется плоским рельефом и высокой степенью заболоченности. От т.479 граница поворачивает на юго-запад, пересекает р. Иртыш в т.478 впадения р. Ишим и схождения границ водохозяйственных участков 14.01.01.003, 14.01.03.002 и 14.01.04.001 (Ишим от границы с Респ. Казахстан до устья без р. Вертенис (от истока до г/у Большой Уват)), вновь пересекает границу между Тюменской и Омской областями в т.491 вблизи схождения границ водохозяйственных участков 14.01.03.001 (Бассейн оз. Большой Уват до г/у Большой Уват в истоке р. Вертенис), 14.01.03.002 и 14.01.04.001, проходит т.14006 схождения границ водохозяйственных участков 14.01.03.001, 14.01.03.002 и 14.01.04.001, проходит т.490 на водоразделе рр. Балахлей и Ик, пересекает границу между Курганской и Тюменской областями в т.489 и достигает т.488 схождения границ водохозяйственных участков 14.01.04.001, 14.01.03.002 и 14.01.05.004 (Тобол от г. Курган до впадения р. Исеть). От т.488 граница поворачивает на север, еще раз пересекает границу между Курганской и Тюменской областью (т.495), проходит т.14007 схождения границ водохозяйственных участков 14.01.04.001, 14.01.05.004 и 12.01.05.026 на водоразделе рр. Вагай и Ук, на водораздел рр. Тап и Ашлык (т.496) и замыкается в начальной точке. На всем протяжении этого участка граница проходит по Ишимской равнине (абсолютные высоты 110-140 м) с плоским и плоскозападинным, местами гривистым рельефом, многочисленные западины (незначительные понижения) нередко заняты озерами или болотами. В смене ландшафтов прослеживается широтная зональность: заболоченные темнохвойные леса сменяются лиственными (березово-осиновыми) и смешанными лесами и далее - луговыми степями с берёзовыми колками."""
"""Енисей от впадения р.Ангара до в/п с.Ярцево""","""Водохозяйственный участок 17.01.04.001 включает бассейн р. Енисей без р. Ангара. (от впадения р. Ангара до в/п с. Ярцево). Водохозяйственный участок практически полностью расположен на территории Красноярского края. Площадь водохозяйственного участка составляет 65 тыс. км2. От т.17013 у в/п с. Ярцево на р. Енисей (расчетный створ) граница следует в северо-восточном направлении, поднимается на Енисейский кряж, проходит через т.17014 схождения границ водохозяйственных участков 17.01.04.001 (Енисей от впадения р. Ангара до в/п с. Ярцево), 17.01.04.002 (Енисей от в/п с. Ярцево до впадения р. Подкаменная Тунгуска) и 17.01.05.003 (Подкаменная Тунгуска от впадения р. Чуня до устья), поворачивает на юго-восток по Енисейскому кряжу, проходит через исток р. Тея (т.634), поворачивает на восток у г. Гирада (846 м), в т.635 пересекает границу между Красноярским краем и Эвенкийским автономным округом, проходит через точку схождения границ (т.561) водохозяйственных участков 16.01.03.003 (Ангара от Богучанского г/у до устья без р. Тасеева), 17.01.04.001 и 17.01.05.001 (Подкаменная Тунгуска от истока до впадения р. Чуня), пересекает в т.560 границу между Красноярским краем и Эвенкийским автономным округом, проходит через место впадения р. Ангара в р. Енисей (т.559), где сходятся границы водохозяйственных участков 16.01.03.003, 17.01.03.005 (Енисей от Красноярского г/у до впадения р. Ангара без р. Кан) и 17.01.04.001, далее поворачивает на юг к т.387. От устья р. Исаковка (абсолютная высота 42 м) высоты на этом отрезке возрастают до 400- 600, затем снижаются до 300 м. Енисейский кряж имеет плоские и пологовыпуклые вершины и крутые склоны, покрытые многочисленными глыбовыми осыпями. Ландшафтные условия характеризуются господством лиственничных лесов. От точки схождения границ (т.387) водохозяйственных участков 13.01.06.001 (Кеть), 17.01.03.005 и 17.01.04.001 граница поворачивает на северо-запад, проходит по Чулымской и Кетско-Тымской равнине, пересекая в тт.386, 385, административную границу между Красноярским краем и Томской областью. В т.385 граница поворачивает на север, проходит через т.17015 схождения границ водохозяйственных участков 17.01.04.001, 17.01.04.002 и 13.01.06.001, поворачивает на северо- восток и подходит к исходной точке т.17013. Абсолютная высота плавно снижается с 300 м до 100 м, рельеф достаточно разнообразен: от приподнятых эрозионных равнин на юге до более плоских аллювиальных равнин на севере отрезка границы. Ландшафты территории представлены елово-пихтово-кедровой тайгой, в бассейнах рек Сым и Кеть встречаются сосновые боры. Плоские водораздельные поверхности нередко заболочены."""
"""Колыма от в/п г. Среднеколымск до впадения р.Омолон""","""Водохозяйственный участок 19.01.01.005 охватывает территорию бассейна р. Колыма от в/п Среднеколымск до впадения р. Омолон, расположенную в Республике Саха (Якутия). Площадь водохозяйственного участка составляет 44,5 тыс. км2. От т.797 - точки впадения р.Омолон в р. Колыма на схождении границ водохозяйственных участков 19.01.01.005, 19.01.04.001 (Колыма от впадения р. Омолон до устья без р. Анюй) граница проходит по водоразделу с бассейном Омолона в южном направлении до т.798 (точка пересечения с границей между Республикой Саха (Якутия) и Чукотским а.о.) и далее следует вблизи этой административной границы до т.799 - точки схождения границ между Республикой Саха (Якутия), Магаданской области и Чукотским а.о. на границе с водохозяйственным участком 19.01.02.001 (Омолон), а затем вблизи административной границы между Республикой Саха (Якутия) и Магаданской областью следует до т.800 - точки пересечения с границей между Республикой Саха (Якутия) и Магаданской области на схождении границ водохозяйственных участков 19.01.01.003 (Колыма от впадения р. Сеймчан до в/п ГМС Коркодон), 19.01.01.005 и 19.01.02.001. Отрезок границы (от т.797 до т.800) проходит сначала по Колымской низменности (высоты до 100 м), затем выходит на Юкагирское плоскогорье с высотами порядка 1000 м. Тундровые ландшафты сменяются северной тайгой восточносибирского типа из лиственницы даурской, по мере движения на юг и роста абсолютной высоты они сменяются горными светлохвойными лесами и редколесьями в сочетании с горными тундрами. От т.800 граница поворачивает на запад, проходит через т.19008 - точку схождения границ водохозяйственных участков 19.01.01.003, 19.01.01.004 (Колыма от в/п ГМС. Коркодон до в/п г. Среднеколымск) и 19.01.01.005, затем резко поворачивает на север, спускается с Юкагирского плоскогорья на Колымскую низменность, разделяя бассейны рек Березовая и Каменка, пересекает р. Колыма в т.19009 ниже г. Среднеколымск, и далее идет к точке т.18105 схождения границ водохозяйственных участков 18.06.00.001 (Реки бассейна Восточно-Сибирского моря (вкл. р. Алазея) от границы бассейна р. Индигирка на западе до границы бассейна р. Колыма на востоке), 19.01.01.004 и 19.01.01.005, затем поворачивает на северо-восток к точке т.781 схождения границ водохозяйственных участков 18.06.00.001, 19.01.04.001 и 19.01.01.005 и замыкается в начальной т.797. На последнем отрезке граница разделяет бассейны рек Алазея и Колыма. По мере продвижения на север и снижения абсолютной высоты господствующее положение занимают зональные ландшафты восточносибирских редкостойных лесов, чередующиеся с южной тундрой."""
"""Западная Двина от впадения р.Межа до границы с Респ. Беларусь без бассейнов рек Дрисса, Полота и Межа""","""Водохозяйственный участок 01.02.00.004 охватывает российскую часть бассейна р. Западная Двина от впадения в нее р. Межа до границы с Республикой Беларусь. Ниже устья Межи русло Западной Двины расширяется, образуя большую запань, далее долина Западной Двины вновь суживается, река течёт в высоких берегах, покрытых смешанным лесом. Участок расположен в Смоленской и Псковской областях, его площадь составляет 7,6 тыс. км2. Река Западная Двина пересекает Государственную границу РФ с Республикой Беларусь в т.8. От этой точки граница водохозяйственного участка 01.02.00.004 следует на север вдоль Государственной границы РФ, проходит т.1008 примыкания к ней границы между Смоленской и Псковской областями и достигает т.9 примыкания к ней границы с водохозяйственным участком 01.04.02.003 (Ловать). В этой точке граница водохозяйственного участка 01.02.00.004 отходит от Государственной границы РФ и следует на север до т.1007 схождения границ водохозяйственных участков 01.02.00.002 (Западная Двина от истока до впадения р. Межа), 01.02.00.004 и 01.04.02.003. Отсюда граница поворачивает на юго-восток, проходит т.1006 схождения границ водохозяйственных участков 01.02.00.002, 01.02.00.003 (Межа) и 01.02.00.004 и узел границ Псковской, Тверской и Смоленской областей в месте впадения р. Межа в р. Западная Двина. Далее граница следует в том же направлении, пересекая Слободскую возвышенность и далее поднимаясь а Духовщинскую возвышенность, до т.15 схождения границ водохозяйственных участков 01.02.00.003, 01.02.00.004 и 04.01.00.002 (Днепр от г. Дрогобуж до г. Смоленск) у истоков р. Гобза, в которой поворачивает на юг. В этом направлении граница водохозяйственного участка по Духовщинской возвышенности следует по водоразделам рр. Дряжа и Хмость, Свадица, Жереспея до т.16 в верховьях р. Жереспея, далее проходит т.4004 схождения границ водохозяйственных участков 01.02.00.004, 04.01.00.002 и 04.01.00.003 (Российская часть бассейна р. Днепр ниже г. Смоленск), проходит по водоразделу р. Удра, затем рр. Клёц и Малая Березина и в т.17 примыкает к Государственной границе РФ с Республикой Беларусь на границе с водохозяйственным участком 04.01.00.003 у истока р. Березина. От этой точки граница поворачивает на север, следует вдоль Государственной границы РФ, пересекает несколько небольших трансграничных рек – притоков р. Западная Двина и замыкается в начальной точке. Рельеф местности моренно-эрозионный, расчлененный балками и оврагами. Водораздельные пространства, особенно в северной части водохозяйственного участка, испещрены заболоченными западинами. На территории преобладают вторичные осиново-березовые леса с участием елово-широколиственных и сероольшанниковых."""
"""Лена от г.Усть-Кут до г.Киренск""","""Водохозяйственный участок 18.03.01.002 охватывает бассейн р. Лены на участке от г. Усть-Кут (в/п Усть-Кут) до г. Киренск (в/п Киренск), и целиком расположен в Иркутской области. Площадь водохозяйственного участка составляет 20,8 тыс. км2. От т.18010 – расчетного створа, в котором сходятся границы водохозяйственных участков 18.03.01.002, 18.03.01.003 (Киренга) и 18.03.01.004 (Лена от г. Киренск до впадения р. Витим) граница следует на юго-запад до т.18007 схождения границ водохозяйственных участков 18.03.01.001 (Лена от истока до г. Усть-Кут), 18.03.01.002 и 18.01.03.003, резко поворачивает на север, проходит через т.18006 на пересечении р. Лена границы с водохозяйственным участком 18.03.01.001 ниже г. Усть- Кут, далее проходит через т.621 схождения границ водохозяйственных участков 18.03.01.001, 18.03.01.002 и 17.01.07.001 (Нижняя Тунгуска от истока до в/п п. Кислокан) на водоразделе р. Ниж. Тунгуска, поворачивает на восток к т.18014, в которой сходятся границы водохозяйственных участков 18.03.01.002, 18.03.01.003 и 17.01.07.001 и замыкается в т.18010. Абсолютные высоты местности в конце этого участка колеблются от 900 - 1000 м до 500 м, рельеф типичен для плато и характеризуется небольшой расчлененностью, наличием обширных выровненных пространств. В ландшафтной структуре преобладают зональные типы ландшафтов возвышенных платформенных равнин: горные лиственничные и лиственнично-кедровые леса по мере продвижения на север сменяются темнохвойными лесами с участками лиственнично- сосновых таежных лесов"""
Чумыш,"""Водохозяйственный участок 13.01.02.004 охватывает бассейн р. Чумыш от истока до устья. Участок расположен в Алтайском крае, Республике Алтай, Кемеровской и Новосибирской областях, его площадь составляет 23,9 тыс. км2. От расчетного створа впадения р. Чумыш в р. Обь (т.13017) граница водохозяйственного участка 13.01.02.004 следует на север, пересекает границу между Новосибирской областью и Алтайским краем (т.13018), поворачивает на восток, следуя по водоразделу рр. Улыбердь и Тальманка, снова пересекает границу между Новосибирской областью и Алтайским краем (т.13019), проходит т.13020 схождения границ водохозяйственных участков 13.01.02.004, 13.01.02.005 (Обь от г. Барнаул до Новосибирского г/у без р. Чумыш) и 13.01.02.006 (Иня), затем пересекает границу между Кемеровской областью и Алтайским краем на водоразделе рр. Бачат и Тогул (т.13021), проходит т.13022 схождения границ водохозяйственных участков 13.01.02.004, 13.01.02.006 и 13.01.03.003 (Томь от г. Новокузнецк до г. Кемерово). В этой точке граница поворачивает на юг, проходит т.13023 схождения границ водохозяйственных участков 13.01.02.004, 13.01.03.001 (Кондома) и 13.01.03.003, т.13024 схождения границ водохозяйственных участков 13.01.02.004, 13.01.03.002 (Томь от истока до г. Новокузнецк без р. Кондома) и 13.01.03.001, вновь пересекает (т.430) границу между Кемеровской областью и Алтайским краем на водоразделе рр. Кондома и Сары-Чумыш и достигает т.420 схождения границ водохозяйственных участков 13.01.01.002 (Бия), 13.01.02.004 и 13.01.03.001. От этой точки граница поворачивает на северо-запад, проходит по водоразделу рр. Неня и Салма, проходит т.13005 схождения границ водохозяйственных участков 13.01.01.002, 13.01.02.003 (Обь от начала реки в месте слияния рр. Бия и Катунь до г. Барнаул без р. Алей) и 13.01.02.004 и следует по водоразделу рр. Чумыш и Обь через т.13015 схождения границ водохозяйственных участков 13.01.02.003, 13.01.02.004 и 13.01.02.005 к начальной точке замыкания. В ландшафтной структуре чередуются западно-сибирские степи с березовыми и осиновыми колками с участками широколиственных-сосновых остепненных лесов"""
"""Дон от г. Калач-на-Дону до Цимлянского г/у (Цимлянское в-ще) без р. Чир""","""Водохозяйственный участок 05.01.03.009 охватывает бассейн боковых притоков Цимлянского в-ща с расчетным замыкающим створом у Цимлянского г/у (т.5091). Площадь водохозяйственного участка составляет 19.4 тыс. км2. От точки замыкающего створа граница участка следует на север до т.5092 – точки схождения границ водохозяйственных участков 05.01.04.007 (Северский Донец от впадения р. Калитва до устья), 05.01.03.009 и 05.01.03.010 (Дон от Цимлянского г/у до впадения р. Северский Донец), после которой поворачивает на северо-восток, у истока р. Быстрая в т.224 пересекает границу Ростовской и Волгоградской областей, и, обогнув исток р. Цимла, приходит в т.5089, где сходятся границы водохозяйственных участков 05.01.03.008 (Чир), 05.01.04.007 и 05.01.03.009. От этой точки граница по водоразделу рр. Чир и Цимла уходит на юго-восток, вновь пересекает границу Волгоградской и Ростовской областей (т.5088), плавно поворачивает на восток до т.5087 в устье р. Чир при впадении в Цимлянское в-ще, от которой следует уже на север вдоль бассейна р. Лиска до т. 5082 – точки схождения границ водохозяйственных участков 05.01.03.005 (Дон от впадения р. Хопер до г. Калач-на-Дону без рр. Хопер, Медведица и Иловля), 05.01.03.009 и 05.01.03.008. Здесь граница разворачивается на юго-восток, по водоразделу рр. Лиска и Дон доходит до точки впадения р. Дон в Цимлянское в-ще у г. Калач-на-Дону (т.5081), на восток от которой в т.5084 сходятся границы водохозяйственных участков 05.01.03.005, 05.01.03.009 и 05.01.03.007 (Карповка от истока до Карповского г/у). Немного южнее этой точки граница пересекает систему канала Волго- Дон у Карповского г/у (т.5086), делает крутой изгиб на восток до т.5012 – точки схождения границ водохозяйственных участков 05.01.03.009, 11.01.00.023 (Волга от Волгоградского г/у до в/п Светлый Яр) и 05.01.03.007 – и далее на юг идет до т.192, в которой сходятся границы водохозяйственных участков 05.01.03.009, 11.01.00.023 и 07.04.00.001 (Бессточные районы междуречья Терека, Дона и Волги). Следуя в южном направлении, граница участка достигает верховьев р. Аксай Есауловский, где в т.193 сходятся границы водохозяйственных участков 05.01.03.009, 05.01.05.001 (Сал) и 07.04.00.001, затем граница уходит на запад, дважды пересекает границу Волгоградской и Ростовской областей (тт.225 и 226) и по водоразделу р. Сал и Цимлянского в-ща достигает южнее г. Волгодонск т.5093, где сходятся границы водохозяйственных участков 05.01.03.009, 05.01.05.001 и 05.01.03.010. На север от этой точки, обогнув г. Волгодонск, граница участка замыкается в расчетном створе – т.5091."""
"""Ока от г. Белев до г. Калуга без рр.Упа и Угра""","""Водохозяйственный участок 09.01.01.005 включает часть бассейна р. Ока от г. Белев (т.9005) до г. Калуга (т.9027). Площадь водохозяйственного участка составляет 12,2 тыс. км2. От замыкающего створа т.9027 граница между водохозяйственными участками 09.01.01.005 и 09.01.01.008 (Ока от г. Калуга до г. Серпухов без рр. Протва и Нара) простирается в юго-восточном направлении и после пересечения административной границы Тульской и Калужской областей достигает т.9011, где сходятся границы водохозяйственных участков 09.01.01.005, 09.01.01.008 и 09.01.01.003 (Упа). От этой точки граница между участками 09.01.01.005 и 09.01.01.003, обогнув верховья р. Черепеть, направляется на юго-запад и через т.9010, где в р. Оку впадает р. Упа, проходит до т.9006, расположенную вместе пересечения границ водохозяйственных участков 09.01.01.005, 09.01.01.003 и 09.01.01.002 (Ока от г. Орел до г. Белев). Граница участков 09.01.01.005 и 09.01.01.002 после пересечения р. Оки ниже г. Белев в т.9005 в западном направлении достигает административной границы Тульской и Калужской областей в т.9009, затем резко поворачивает на юг и по водоразделу между рр. Вытебеть и Нугрь вновь пересекает (т.9008) административную границу между областями Орловская и Калужская. Продолжаясь по этому водоразделу, граница участков приходит в точку 9004, в которой сходятся границы водохозяйственных участков 09.01.01.005, 09.01.01.002 и 09.01.01.001 (Ока от истока до г. Орел). Резкий поворот направления границы на север происходит в т.9003 – точке схождения водохозяйственных участков 09.01.01.005, 09.01.01.001 и 04.01.00.010 (Десна от г/у Смоленской АЭС до г. Брянск без р. Болва). Далее по водоразделу рр. Снежеть (водохозяйственный участок 04.01.00.010) и Рассета (водохозяйственный участок 09.01.01.005) граница в северо-западном направлении достигает т.162, где пересекает административную границу Брянской и Калужской областей и поворачивает на северо-восток, огибая верховья рр. Овсорок и Песочня. После т.9018, где сходятся границы водохозяйственных участков 04.01.00.009 (Болва от истока до устья), 09.01.01.005 и 09.01.01.004 (Угра) граница между участками 09.01.01.005 и 09.01.01.004 делает два резких изгиба (т.9017 в верховьях рр. Ужаток и Брынь) и между бассейнами рр. Угра и Вытебеть идет на восток до т.9016 вместе впадения р. Угра в Оку. Затем, после петли на север вокруг г. Калуга, граница приходит в т.9026, разделяющую водохозяйственные участки 09.01.01.004, 09.01.01.005 и 09.01.01.008. Далее граница водохозяйственного участка 09.01.01.005 в юго-западном направлении достигает замыкающего створа р. Ока – г. Калуга (т.9027)."""
Омь,"""Водохозяйственный участок 14.01.02.001 охватывает бассейн Оми от истока до устья, расположен в Омской и Новосибирской областях, площадь составляет 52,6 тыс. км2. От расчетного створа впадения р. Омь в р. Иртыш (т.483) в точке схождения границ водохозяйственных участков 14.01.01.001 (Иртыш от границы с Респ. Казахстан до впадения р. Омь), 14.01.01.003 (Иртыш от впадения р. Омь до впадения р. Ишим без р. Оша) и 14.01.02.001 граница водохозяйственного участка следует на восток, в т.482 пересекает границу между Новосибирской и Омской областями, проходит т.481 на водоразделе рр. Тара и Туртас и достигает т.410 схождения границ водохозяйственных участков 14.01.01.003 (Иртыш без рр. Омь и Оша), 14.01.02.002 и 13.01.07.001 (Обь от впадения р. Кеть до впадения р.Васюган). Затем граница поворачивает на юго-восток, пересекает границу между Томской и Новосибирской областью в т.409, проходит т.408 схождения границ водохозяйственных участков 14.01.02.001, 13.01.05.001 (Обь от впадения р. Чулым до впадения р. Кеть), снова пересекает границу между Новосибирской и Томской областями в т.407, проходит т.406 схождения границ водохозяйственных участков 13.01.02.007 (Обь от Новосибирского г/у до впадения р. Чулым без: рр. Иня и Томь), 13.01.05.001 и 14.01.02.001. От этой точки граница поворачивает на запад, проходит т.405 схождения границ водохозяйственных участков 14.01.02.001, 13.01.02.007 и 13.02.00.005 (Бассейн оз. Чаны и водные объекты до границы с бассейном р. Иртыш), т.13057 схождения границ водохозяйственных участков13.02.00.006 (Водные объекты севернее бассейна р. Каргат до границы с бассейном р. Омь), 13.02.00.005 и 14.01.02.001, проходит по водоразделу вблизи оз. Убинское (т.450), далее к т.13058 схождения границ водохозяйственных участков 13.02.00.005, 13.02.00.006 и 14.01.02.001, пересекает т.13058 границу между Новосибирской и Омской областями, т.448 схождения границ водохозяйственных участков 14.0 1.01.001, 14.01.02.001 и 13.02.00.005, после чего замыкается в начальной точке в месте впадения р. Омь в р. Иртыш. Абсолютные высоты от устьевой зоны к верховьям бассейна увеличиваются от 90 до 150 м. Барабинская низменность характеризуется волнисто-грядовым рельефом с невысокими параллельными гривами. Берёзовые колки перемежаются с болотами и лугово-степной растительностью. На южном отрезке межгрядовые понижения часто заняты пресными или солоноватыми озерами."""
"""Дон от впадения р.Северский Донец до устья без рр. Сал и Маныч""","""Водохозяйственный участок 05.01.05.009 охватывает приустьевую часть бассейна р. Дон до расчетного створа в устье при впадении в Азовское море (т.207). Площадь водохозяйственного участка составляет 12.45 тыс. км2. От точки замыкающего створа граница участка идет вдоль морского края дельты р. Дон до т.5132 у северного края этой дельты и далее на север по водоразделу рр. Миус, Сухой Самбек и р. Тузлов до т.5133 схождения границ водохозяйственных участков 05.01.05.009, 05.01.05.010 и 05.01.04.007. От этой точки граница участка следует до точки схождения границ водохозяйственных участков 05.01.03.010, 05.01.04.007 и 05.01.05.009 т.223 в месте впадения р. Северский Донец в р. Дон., достигает т.5129 на Веселовском г/у на р. Маныч на границе с водохозяйственным участком 05.01.05.008, где идет через точку т.5135 примыкания границы водохозяйственных участков 05.01.04.009 и 05.01.05.010 к береговой линии Азовского моря и замыкается, проходя через дельту р. Дон до т.5132."""
"""Яна от впадения р.Адыча до устья без р.Бытантай""","""Водохозяйственный участок 18.04.03.002 охватывает территорию бассейна р. Яна без рр. Адыча и Бытантай от впадение р. Адыча до устья расположен целиком в Респ. Саха (Якутия). Площадь водохозяйственного участка составляет 108,0 тыс. км2. От места впадения протоки дельты р. Яна в Янский залив моря Лаптевых (т.756) граница простирается по береговой линии Янского залива в восточном направлении, проходит через т.18095 примыкания к береговой линии моря Лаптевых границы водохозяйственных участков 18.04.03.002 и 18.04.03.004 (Реки бассейна моря Лаптевых от границы бассейна р. Яна на западе до границы бассейна Восточно-Сибирского моря (мыс Святой Нос) на востоке), уходит с береговой линии моря Лаптевых, поворачивает на юго-восток, проходит через т.761 схождения границ водохозяйственных участков 18.04.03.002, 18.04.03.004 и 18.05.00.003 (Индигирка от впадения Момы до в/п Белая Гора) в верховьях р. Селеннях, поворачивает на юг по хребту Хадарання к т.762 схождения границ водохозяйственных участков 18.04.02.001 (Адыча), 18.04.03.002 и 18.05.00.003, пересекает хр. Тас-Хаяхтах, поворачивает на северо-запад, спускается по хр. Курундя к т.766 (высота 69 м). Ландшафты хребтов представлены в основном горной и арктической тундрой или лишены растительности. На равнине при движении с севера на юг ландшафты меняются от лишайниково- моховых и кустарничково-травянистых арктических тундр до лесотундровых заболоченных редколесий. От т.766 граница поворачивает на северо-запад, проходит через т.18091 схождения границ водохозяйственных участков 18.04.01.001 (Яна от истока до впадения р. Адыча), 18.04.03.001 (Бытантай) и 18.04.03.002, поворачивает на север к т.18092 впадения р. Бытантай в р. Яна, поворачивает на запад, проходит через т.18093 схождения границ водохозяйственных участков18.04.03.001, 18.04.03.002 и 18.04.03.003 (Реки бассейна моря Лаптевых от границы бассейна р. Лена на западе до границы бассейна р. Яна на востоке), меняет направление на северо-запад, выходит к точке (т.18094) примыкания к береговой линии моря Лаптевых границы водохозяйственных участков 18.04.03.002 и 18.04.03.003 и следует вдоль береговой линии к начальной т.756. Склоны хребтов покрыты редкостойными лиственничными лесами, на вершинах преобладают горно-тундровые ландшафты и арктические каменистые пустыни. Прибрежная зона характеризуются распространением арктических тундр, лишайниково-моховых и кустарниково- травянистых и высокой степенью заболоченности."""
"""Обь от впадения р. Кеть до впадения р. Васюган""","""Водохозяйственный участок 13.01.07.001 охватывает бассейн Оби на участке между впадением ее крупного правого притока р. Кеть до впадения левого притока р. Васюган. Участок расположен в Томской и Новосибирской областях, его площадь составляет 31,8 тыс. км2. От т.441 схождения границ водохозяйственных участков 13.01.07.001, 13.01.08.001 и 13.01.09.001 (Обь от впадения р. Васюган до впадения р. Вах) в месте впадения р. Васюган в р. Обь граница водохозяйственного участка 13.01.07.001 проходит в северо-восточном направлении по Кетско- Тымской равнине до т.439, в которой сходятся границы водохозяйственных участков 13.01.06.001 (Кеть), 13.01.07.001 и 13.01.09.001. В т.439 граница поворачивает в обратном направлении, на юго- запад, проходит по водоразделу рек Обь и Кеть, пересекает р. Обь в точке впадения в нее р. Кеть (т.437), затем следует по Васюганской равнине близ точки (т.438) впадения р. Кенга в р. Парабель и далее, по водоразделу рр. Кенга и Парбиг, доходит до т.408 – схождение границ водохозяйственных участков 13.01.05.001 (Обь от впадения р. Чулым до впадения р. Кеть), 13.01.07.001 и 14.01.02.001 (Омь). В т.408 граница поворачивает на северо-запад, пересекает в т.409 административную границу между Новосибирской и Томской областями, далее проходит через точку схождения границ водохозяйственных участков 13.01.07.001, 14.01.01.003 (Иртыш от впадения р. Омь до впадения р. Ишим без р. Оша) и 14.01.02 (Омь) – т.410, затем проходит через точку схождения границ водохозяйственных участков 13.01.07.001, 13.01.08.001 и 14.01.01.003 – т.411. В т.411 граница поворачивает на северо-восток и, пересекая границу между Новосибирской и Томской областями в т.442, проходит по водоразделу рек Чузик, Парабель и Чижапка и замыкается в т.441. На всем протяжении границы абсолютные высоты колеблются от 30 до 150 м, территория представляет собой слабодренированную низменность с господством лесоболотных ландшафтов, где грядово-озерковые и грядово-мочажинные болота занимают до 70% площади."""
"""Алдан от истока до в/п г. Томмот""","""Водохозяйственный участок 18.03.06.001 охватывает территорию бассейна р. Алдан от истока до г. Томмот и расположен в Респ. Саха (Якутия) и Амурской области. Площадь водохозяйственного участка составляет 49,5 тыс. км2. От т.18050 на расчетном створе ниже в/п г. Томмот граница следует на юго-запад, пересекает Томмотскую гряду, делает петлю в юго-восточном направлении, выходит на водораздел рр. Большой Нимныр и Лыппахай к т.18051 и далее следует в юго-западном направлении к т.18038 схождения границ водохозяйственных участков 18.03.04.001 (Олекма от истока до в/п с. Усть- Нюкжа), 18.03.06.001 и 18.03.06.002 (Алдан от в/п г. Томмот до впадения р. Учур), поворачивает на запад, пересекает административную границу между Амурской областью и Республикой Саха (Якутия) в т.742 схождения границ водохозяйственных участков 18.03.04.001, 18.03.04.003 (Олекма от в/п с. Усть-Нюкжа до устья без р. Чара) и 18.03.06.001. На этом участке граница разделяет верховья многочисленных рек бассейна Алдана и бассейна р. Тимптон. От т.742 граница поворачивает на север, выходит на Чугинское плоскогорье, проходит через т.18042 схождения границ водохозяйственных участков 18.03.04.003, 18.03.06.008 (Амга) и 18.03.06.001, поднимается на Амгинский хр., делает петлю в южном направлении и выходит на водораздел рр. Киенг-Юрях и Умулун к т.18052 на водоразделе водохозяйственных участков 18.03.06.001 и 18.03.06.007. Затем граница делает широкую петлю в северо-восточном направлении, проходит через водораздельную т.18053 – точку схождения границ водохозяйственных участков 18.03.04.001, 18.03.06.002 и 18.03.06.008 и замыкается в начальной т.18050. Граница разделяет верховья рек бассейна Олекмы и рек бассейна Алдана. Абсолютные высоты местности повышаются от 700 до 1500 м, затем опять снижаются до 300 м. В горах преобладает однообразная тайга из даурской лиственницы, наиболее высокие склоны покрыты подгольцовым редколесьем, а местами и каменистой тундрой. На равнине господствуют среднетаежные ландшафты."""
"""Ковда от Иовского г/у до устья""","""Водохозяйственный участок 02.02.00.006 охватывает бассейн р. Ковда от Иовского гидроузла до устья, включая Княжегубское водохранилище. Участок расположен в Республике Карелия и Мурманской области, его площадь составляет 5,7 тыс. км2.От расчетного створа впадения р. Ковда в Кандалакшский залив Белого моря (т.2044) граница водохозяйственного участка на коротком отрезке следует на юг вдоль побережья до т.2045 примыкания к нему границы с водохозяйственным участком 02.02.00.007 (Реки бассейна Белого моря от западной границы бассейна р. Нива до северной границы бассейна р. Кемь без р. Ковда) а затем отходит от побережья в юго-западном направлении, пересекает в т.2046 границу между Мурманской областью и Республикой Карелия и далее проходит до т.2033 схождения границ водохозяйственных участков 02.02.00.004 (Ковда от истока до Кумского г/у, вкл.оз. Пя-озеро, Топ-озеро), 02.02.00.006 и 02.02.00.007. От этой точки граница поворачивает на север, проходит т.2032 схождения границ водохозяйственных участков 02.02.00.004, 02.02.00.005 (Ковда от Кумского г/у до Иовского г/у) и 02.02.00.006, дважды пересекает границу между Мурманской областью и Республикой Карелия в т.2039 и т.2043 и далее в северном направлении доходит до т.2030 схождения границ водохозяйственных участков 02.02.00.003 (Нива вкл. оз. Имандра), 02.02.00.005 и 02.02.00.006. Отсюда граница поворачивает на восток, проходит т.2029 схождения границ водохозяйственных участков 02.02.00.003, 02.02.00.006 и 02.02.00.007 и, подворачивая на юго-восток, примыкает к побережью Кандалакшского залива Белого на границе с водохозяйственным участком 02.02.00.007 в т.2047, после чего, следуя по побережью, замыкается в расчетном створе."""
"""Тобол от впадения р.Исеть до устья без рр. Исеть, Тура, Тавда""","""Водохозяйственный участок 14.01.05.026 охватывает бассейн р. Тобол от впадения р. Исеть до устья, исключая бассейны рр. Тура, Тавда. Участок расположен в Тюменской области, его площадь составляет 16,6 тыс. км2. От т.492 – расчетного створа впадения р. Тобол в р. Иртыш – граница водохозяйственного участка 14.01.05.026 следует на юг по водоразделу рр. Иртыш и Тобол, обходя оз. Бол. Шишкарь, Чебургинское и др., через т.496 у истока р. Ашлык, далее по водоразделу рр. Тап и Илиней делает петлю в западном направлении к т.14007 схождения границ водохозяйственных участков 14.01.04.001(Иртыш от впадения р. Ишим до впадения р. Тобол), 14.01.05.004 (Тобол от г. Курган до впадения р. Исеть) и 14.01.05.026. Затем граница продолжает движение в западном направлении по водоразделу рр. Бочанка и Ук, пересекает р. Тобол в т.14020 схождения границ водохозяйственных участков 14.01.05.004, 14.01.05.011 (Исеть от впадения р. Теча до устья без р. Миасс) и 14.01.05.026 выше впадения р. Исеть, следует до т.14040 схождения границ водохозяйственных участков 14.01.05.011, 14.01.05.022 (Пышма от Белоярского г/у до устья без р. Рефт от истока до Рефтинского г/у) и 14.01.05.026, поворачивает на север, проходит до т.14071 схождения границ водохозяйственных участков 14.01.05.022, 14.01.05.023 (Тура от впадения р. Тагил до устья без рр. Тагил, Ница и Пышма) и 14.01.05.026, пересекает р. Тура в месте ее впадения в р. Тобол (т.14073), затем поворачивает на северо-запад, следует по водоразделу рр. Иска и Тура до т.14074 схождения границ водохозяйственных участков 14.01.05.023, 14.01.05.025 (Тавда от истока до устья без р. Сосьва от истока до в/п д. Морозково) и 14.01.05.026, от которой следует на восток, пересекает р. Тавда в месте впадения ее в р. Тобол, проходит т.14079 схождения границ водохозяйственных участков 14.01.05.025, 14.01.05.026 и 14.01.07.001 (Иртыш от впадения р. Тобол до г. Ханты-Мансийск (выше) без р. Конда), затем в восточном направлении замыкается в начальной точке."""
"""Кемь от истока до Юшкозерского г/у, вкл. оз. Верхнее, Среднее и Нижнее Куйто""","""Водохозяйственный участок 02.02.00.008 охватывает бассейн р.Кемь от истока до Юшкозерского гидроузла, включая озера Верхнее, Среднее и Нижнее Куйто. Участок расположен в Республике Карелия, его площадь составляет 10,3 тыс. км2.От расчетного створа Юшкозерского гидроузла (т.2049) граница водохозяйственного участка 02.02.00.008 следует на запад до т.2050 примыкания к Государственной границе РФ с Финляндией границы с водохозяйственным участком 02.02.00.009 (Кемь от Юшкозерского г/у до Кривопорожского г/у). Отсюда граница участка проходит на север по Государственной границе РФ с Финляндией до т.2037 примыкания к Государственной границе границы с водохозяйственным участком 02.02.00.004 (Ковда от истока до Кумского г/у, вкл. оз. Пя-озеро, Топ-озеро). На этом участке территория сильно заболочена, на дренированных участках преобладают беломошные сосновые леса. Далее граница поворачивает на юг0-восток, проходит т.2036 схождения границ водохозяйственных участков 02.02.00.004, 02.02.00.008 и 02.02.00.009 и замыкается в начальной точке расчетного створа."""
"""Реки бассейна Охотского моря от границы бассейна р. Уда до мыса Лазарева без р. Амур""","""Водохозяйственный участок 20.03.09.003 охватывает небольшие реки бассейна Охотского моря от границы бассейна Уды до мыса Лазарева (без Амура). Водохозяйственный участок целиком расположен на территории Хабаровского края, площадь водохозяйственного участка составляет 40 тыс. км2. Водохозяйственный участок состоит из двух частей – западной и восточной, разделенных устьем Амура. От береговой линии Охотского моря на мысе Александра (т.889) граница западной части водохозяйственного участка 20.03.09.003 идет в юго-восточном направлении вдоль берега Сахалинского залива Охотского моря, далее на побережье Амурского залива проходит точку примыкания границы водохозяйственных участков 20.03.09.002 (Амур от г. Комсомольск до устья без р. Амгунь) и 20.03.09.003 к береговой линии Охотского моря (т.20046), поворачивает на северо-запад, огибает верховья рек, впадающих в озера Орель и Уля (20.03.09.002), поднимается на хребет Мевачан и следует по нему в юго-западном направлении до водораздела (т.20032) водохозяйственных участков 20.03.08.001 (Амгунь), 20.03.09.002 и 20.03.09.003. Далее граница водохозяйственного участка переходит на хребет Кивун, затем по хребту Меванджа поворачивает на северо-запад к точке схождения границ водохозяйственных участков 20.03.04.003 (Селемджа), 20.03.08.001 и 20.03.09.003 – т.809. От этой точки граница, огибая верховья р. Ассыни, резко уходит на север по хребту Ям-Алинь, следуя до т.857, где сходятся границы водохозяйственных участков 20.03.09.003, 20.03.04.003 и 20.02.00.001 (Уда) близко к административной границе между Амурской областью и Хабаровским краем. Здесь граница водохозяйственного участка поворачивает на северо-восток по Тайканскому хребту и следует по водоразделу бассейнов р. Ними (правый приток Уды) и р. Тыль (20.03.09.003) до точки (т.856) примыкания к береговой линии Удской губы Охотского моря на границе водохозяйственных участков 20.03.09.003 и 20.02.00.001. От т.856 граница следует в восточном направлении вдоль береговой линии Удской губы, огибает мысы Дуганджа и Бол. Дуганджа, проходит вдоль береговой линии Тугурского залива, пересекает устье р. Тугур (т.887), огибает Тугурский п-ов, следует вдоль береговой линии заливов Академии и Улыбанского, огибает п-ов Тохареу и проходит через т.888 впадения р. Усалгин в залив Николая Охотского моря. Далее граница огибает м. Врангеля и вдоль береговой линии залива Александра следует до м. Александра (т.889). На этом участке граница проходит через устья рек Тором, Тугур, Сыран, Ульбан, Усалгин. Для рельефа прибрежной территории характерно чередование коротких хребтов высотой 1000-1200 м и межгорных депрессий, занятых речными долинами с маревыми ландшафтами (открытыми - моховыми или травянисто-моховыми, либо с лиственничным редколесьем). Горы западного участка границы характеризуются высотной поясностью в смене ландшафтов. Нижние пологие части склонов, речные террасы и небольшие возвышенности заняты лиственничными лесами, в которых встречается береза, кустарниковый ярус образован багульником болотным, рододендроном амурским. Выше располагаются зоны лиственничного редколесья, горные вершины заняты зарослями кедрового стланика и тундровой растительностью среди каменных россыпей. Описание границы восточной части водохозяйственного участка 20.03.09.003 начинается от т.860 - места впадения Амура в Амурский лиман Охотского моря у г. Николаевсск-на-Амуре на границе с водохозяйственным участком 20.03.09.002. От этой точки граница водохозяйственного участка простирается на юг и следует к т.861 - точке примыкания границы к береговой линии Татарского пролива Охотского моря на границе с водохозяйственным участком 20.04.00.001 (Реки пролива Невельского и бассейна Японского моря от мыса Лазарева до северной границы бассейна р. Самарга). Отсюда граница отходит от береговой линии, поворачивает на запад, поднимается на отроги Сихотэ-Алиня, проходит водораздел водохозяйственных участков 20.03.09.002, 20.03.09.003 и 20.04.00.001 – т.20048, далее следует сначала в северном, а затем в северо- восточном направлении по северным отрогам Сихотэ-Алиня до замыкания в т.860. На начальном участке этого отрезка границы побережье представляет собой низменную заболоченную, местами закустаренную равнину (устьевая область р. Амур и побережье Амурского лимана), далее на отрогах хребта Сихотэ-Алинь безраздельно господствуют Елово-пихтовые леса."""
"""Реки бассейна Белого моря от западной границы бассейна р. Нива до северной границы бассейна р. Кемь без р. Ковда""","""Водохозяйственный участок 02.02.00.007 охватывает бассейны рек, впадающих в Белое море на участке от западной границы бассейна р. Нива до северной границы бассейна р. Кемь, исключая бассейн р. Ковда. Участок состоит из двух секторов, разделенных бассейном р. Ковда. Участок расположен в Мурманской области и Республике Карелия, его площадь составляет 16,7 тыс. км2. От т.2028 примыкания к береговой линии Кандалакшского залива Белого моря границы с водохозяйственным участком 02.02.00.003 (Нива вкл. оз. Имандра) граница водохозяйственного участка 02.02.00.007 следует вдоль береговой линии залива до т.2047 примыкания к ней границы с водохозяйственным участком 02.02.00.006 (Ковда от Иовского г/у до устья), затем поворачивает вглубь материка, следует по водоразделу бассейна Княжегубского водохранилища и достигает т.2029 схождения границ водохозяйственных участков 02.02.00.003, 02.02.00.006 (Ковда от Иовского г/у до устья) и 02.02.00.007, после чего поворачивает в восточном направлении, огибает несколько небольших притоков р. Канда и возвращается к исходной т.2028. Следующий сектор участка границы начинается в т.2045 примыкания к береговой линии Кандалакшского залива Белого моря границы с водохозяйственным участком 02.02.00.006 и следует далее на юг по побережью Белого моря до т.65, в которой пересекает границу между Мурманской областью и Республикой Карелия. Долее граница следует по побережью до т.2048 примыкания к нему границы с водохозяйственным участком 02.02.00.010 - Кемь от Кривопорожского г/у до устья. В рельефе прибрежной полосы преобладают заболоченные равнины, чередующиеся с многочисленными озерами ледникового происхождения, среди которых выделяются озера Кереть и Энгозеро. Заболоченные ландшафты чередуются с темнохвойными лесами. От побережья (т.2048) граница следует на северо-восток по водоразделу рр. Кемь и Летняя до т.2034 схождения границ водохозяйственных участков 02.02.00.004 (Ковда от истока до Кумского г/у, вкл. оз. Пя-озеро, Топ-озеро), 02.02.00.007 и 02.02.00.010. Далее граница поворачивает на север и, огибая бассейн оз. Топ-озеро, проходит т.2033 схождения границ водохозяйственных участков 02.02.00.004, 02.02.00.006 и 02.02.00.007, пересекает границу между Мурманской областью и Республикой Карелия (т.2046) и замыкается в начальной точке т.2045."""
"""Бассейн оз. Чаны и водные объекты до границы с бассейном р. Иртыш""","""Водохозяйственный участок 13.02.00.005 охватывает водные объекты бассейна оз. Чаны, а также бассейны водных объектов вплоть до границы с бассейном р. Иртыш. Участок расположен в Новосибирской и Омской областях на Государственной границе РФ с Казахстаном, его площадь составляет 39 тыс. км2. От начальной т.13057 схождения границ водохозяйственных участков 13.02.00.005, 13.02.00.006 (Водные объекты севернее бассейна р. Каргат до границы с бассейном р. Омь) и 14.01.02.001 (Омь) граница водохозяйственного участка 13.02.00.005 следует на северо-восток до т.405 схождения границ водохозяйственных участков 13.02.00.005, 13.01.05.001 (Обь от впадения р. Чулым до впадения р. Кеть) и 14.01.02.001, затем поворачивает на юг, обходит истоки рр. Каргат, Южный Чулым и Сума, проходит т.13036 схождения границ водохозяйственных участков 13.02.00.004 (Бассейн оз. Тополиное и р. Бурла), 13.02.00.005 и 13.01.02.007 (Обь от Новосибирского г/у до впадения р. Чулым без: рр. Иня и Томь), поворачивает на запад, проходит по водоразделу рр. Сума и Карасук, Чулым и Баган и достигает т.13056 примыкания к Государственной границе РФ с Казахстаном границы с водохозяйственным участком 13.02.00.004. Далее граница водохозяйственного участка следует вдоль Государственной границы, проходя т.452 примыкания к последней административной границы между Омской и Новосибирской областями, и затем до т.453 примыкания к Государственной границе РФ с Казахстаном границы с водохозяйственным участком 14.01.01.001 (Иртыш от границы с Респ. Казахстан до впадения р. Омь). От этой точки граница водохозяйственного участка поворачивает на северо-запад, проходит т.448 схождения границ водохозяйственных участков 13.02.00.005, 14.01.01.001 и 14.01.02.00.001, снова поворачивает – на восток, пересекает границу между Омской и Новосибирской областями, проходит по водоразделу р. Омь и оз. Чаны до т.13058 схождения границ водохозяйственных участков 13.02.00.005, 13.02.00.006 (Водные объекты севернее бассейна р. Каргат до границы с бассейном р. Омь) и 14.01.02.001, следует между оз. Чаны и оз. Сартлан, по водоразделу р. Каргат и оз. Убинское и замыкается в начальной точке."""
Киренга,"""Водохозяйственный участок 18.03.01.003 охватывает территорию бассейна р. Киренга от истока до устья расположен в Иркутской области и Респ. Бурятия. Площадь водохозяйственного участка составляет 46,6 тыс. км2. От т.18010 – расчетного створа, в котором сходятся границы водохозяйственных участков 18.03.01.002 (Лена от г. Усть-Кут до г. Киренск), 18.03.01.003 и 18.03.01.004 (Лена от г. Киренск до впадения р. Витим) граница следует на юго-восток, проходит через т.18011 на водоразделе рр. Подсеверная и Верх.Рассоха, пересекает р.Акиткан, далее в т.18012 пересекает административную границу между Иркутской областью и Респ. Бурятия, поворачивает на юг, выходит на водораздел водохозяйственных участков 18.03.01.002, 18.03.01.004 и 16.04.00.001 (Бассейны рек средней и северной части оз. Байкал от юго-восточной границы бассейна р. Ангара до северо-западной границы бассейна р. Баргузин) – к т.18013, поворачивает на юго-запад и подходит к т.602 на административной границе между Иркутской областью и Республикой Бурятия на границе с водохозяйственным участком 16.04.00.001. Граница разделяет верховья рек Кутима, Бол.Миня, Окунайка бассейна Киренги и рек Чечуй, Абчада, Тыя бассейна Лены. Среднегорные ландшафты характеризуются преобладанием лиственнично-кедровых и лиственнично-сосновых лесов. От т.602 граница водохозяйственного участка следует на юг по Байкальскому хр. до т.18009 схождения границ водохозяйственных участков 18.03.01.001 (Лена от истока до г. Усть-Кут), 18.03.01.002 и 16.04.00.001, поворачивает на запад, затем на север и следует по Предбайкальской впадине к т.18008 на водоразделе с водохозяйственным участком 18.03.01.001 в верховьях р. Назима. Затем, следуя в том же направлении, проходит через т.18007 - точку схождения границ водохозяйственных участков 18.03.01.001,18.03.01.002 и 18.03.01.003, поворачивает на северо- восток и замыкается в начальной т.18010. На пути следования граница разделяет верховья рек Лена, Бол.Анга, Чикан, Орлинга и рек бассейна Киренги на территории водохозяйственного участка. Абсолютные высоты местности снижаются от 2500 м (Байкальский хр.) до 400-600 м на Предбайкальской впадине. Соответственно, в горах чередуются участки редколесной растительности, горной тундры и гольцовых поверхностей, практически лишенных почвенно-растительного покрова, южный и центральный участки характеризуются господством лиственничных и лиственнично-кедровых лесов."""
"""Зея от Зейского г/у до впадения р. Селемджа""","""Водохозяйственный участок 20.03.04.002 охватывает часть бассейна р. Зея на отрезке от Зейского гидроузла до устья р. Селемджа. Ниже водохранилища до устья основного левого притока Селемджа для русла Зеи характерны выходы скальных пород, каменистые перекаты, пороги. Водохозяйственный участок целиком расположен на территории Амурской области, площадь водохозяйственного участка составляет 46 тыс. км2 . В соответствии с Реестром опорных точек описание границы водохозяйственного участка 20.03.04.002 начинается от т.20013 - места впадения р. Селемджа в р. Зея (расчетный створ) в точке схождения границ водохозяйственных участков 20.03.04.002, 20.03.04.003 (Селемджа) и 20.03.04.004 (Зея от впадения р. Селемджа до устья). От этой точки граница водохозяйственного участка проходит короткий отрезок в западном направлении, затем поворачивает на северо- запад и подходит к точке схождения границ водохозяйственных участков 20.03.03.001 (Амур от истока до впадения р. Зея), 20.03.04.002 и 20.03.04.004 (Зея от впадения р. Селемджа до устья) – т.20009. Далее граница продолжается в том же направлении по западной части Амурско-Зейской равнины до т.20011 схождения границ водохозяйственных участков 20.03.04.001 (Зея от истока до Зейского г/у), 20.03.04.002 и 20.03.03.001. Здесь граница, огибая верховья р. Уркан, резко поворачивает на восток, поднимается на хребет Тукурингра, плавно поворачивает на юго-восток и идет по водоразделу рек Гилюй (20.03.04.001) и Уркан (20.03.04.002) до т.20010, расположенной у Зейского г/у на р. Зея на границе с водохозяйственным участком 20.03.04.001. Отсюда граница следует в восточном направлении по хребту Соктахан до водораздельной т.20012 схождения границ водохозяйственных участков 20.03.04.001, 20.03.04.002 и 20.03.04.003. Далее граница водохозяйственного участка идет на юго-восток по западным отрогам хребта Джагды, спускается на Амурско-Зейскую равнину, делает петлю, огибая верховья бассейна р. Гарь (20.03.04.003), вновь поворачивает на юго-восток и замыкается в исходной т.20013. В растительном покрове преобладают лиственничные травяно-кустарничковые южнотаежные леса дальневосточного типа из лиственницы даурской. В юго-восточной части территории встречаются массивы сосновых лесов с примесью лиственницы."""
"""Урал от Верхнеуральского г/у до Магнитогорского г/у""","""Водохозяйственный участок 12.01.00.002 охватывает бассейн р. Урал от Верхнеуральского до Магнитогорского г/у. Площадь участка составляет 2,16 тыс км2. От замыкающего створа Магнитогорского г/у (т.12016) граница участка проходит на запад, пересекает границу между Челябинской обл. и Респ. Башкортостан в т.12015 и выходит на поверхность водораздела – Южный Урал, где в т.12014 сходятся границы водохозяйственных участков 12.01.00.002, 12.01.00.003 (Урал от Магнитогорского г/у до Ириклинского г/у) и 10.01.02.002 (Белая от в/п Арский Камень до Юмагузинского г/у). Далее граница проходит в северном направлении по водоразделу через точку схождения границ водохозяйственных участков 12.01.00.002, 10.01.02.001 (Урал от истока до Верхнеуральского г/у) и 10.01.02.002 (т.10047), точку схождения водохозяйственных участков 12.01.00.001, 12.01.00.002 и 10.01.02.001 и поворачивает на юго-восток, вновь пересекая границу между Челябинской обл. и Респ. Башкортостан в т12020. Далее граница проходит по створу Верхнеуральского гидроузла (т.12019) и в точке схождения границ водохозяйственных участков 12.01.00.001, 12.01.00.002 и 12.01.00.003 (Урал от Магнитогорского г/у Ириклинского г/у) (т.12017) поворачивает на юг, после чего замыкается в начальной точке."""
"""Сейм от истока до г. Курск""","""Водохозяйственный участок 04.01.00.012 включает верховья бассейна р. Сейм до замыкающего створа на р. Сейм ниже г. Курск (т.4051). Площадь водохозяйственного участка составляет 7.46 тыс. км2. От расчетного створа участка граница следует на север по водоразделу бассейнов рек Бол. Курица и Тускарь до т.4052, в которой сходятся границы водохозяйственных участков 04.01.00.012, 04.01.00.013 (Российская часть бассейна р. Сейм ниже г. Курск) и 09.01.01.001 (Ока от истока до г. Орел). От этой точки, следуя в восточном направлении, граница участка приходит в т.165 - узел схождения границ водохозяйственных участков 04.01.00.012, 05.01.01.002 (Сосна), 09.01.01.001 и 09.01.01.002 (Ока от г. Орел до г. Белев). Отсюда граница вновь уходит на юго-восток, пересекает границу Орловской и Курской областей (т.5014) и по водоразделу рр. Тим и Сейм приходит в т.166 – точку схождения границ водохозяйственных участков 04.01.00.012, 05.01.01.002 (Оскол до Старооскольского г/у) и 05.01.04.00. Затем граница пересекает административную границу Курской и Белгородской областей и у истока р. Сейм в точках 4041 и 4042 проходит схождение границ различных водохозяйственных участков: в т.4041 – участков 04.01.00.012, 05.01.04.003 (Оскол ниже Старооскольского г/у до границы РФ с Украиной)и 05.01.04.002, а в т.4042 – участков 04.01.00.012, 05.01.04.003 и 05.01.04.001 (Северский Донец от истока до границы РФ с Украиной без бассейнов рек Оскол и Айдар). Здесь следует поворот границы на запад до т.4043, в которой сходятся границы водохозяйственных участков 04.01.00.012, 04.01.00.015 (Псел) и 05.01.04.001, потом поворот на север и после пересечения границы Курской и Белгородской областей (т.4044) граница участка начинает плавно уходить на северо-запад и запад по водоразделу рр. Сейм и Псел к т.4053 - точке схождения границ водохозяйственных участков 04.01.00.012, 04.01.00.015 и 04.01.00.013. Отсюда в северном направлении граница замыкается в расчетном створе (т.4051)."""
"""Реки бассейна Таганрогского залива от бассейна р. Кальмиус до западной границы бассейна р.Дон""","""Водохозяйственный участок 05.01.05.010 включает реки бассейна Таганрогского залива от бассенйна реки Кальмиус до западной границы бассейна р. Дон. Наиболее крупной рекой на этом участке является р. Миус (устье - т.208). Площадь водохозяйственного участка составляет 11.38 тыс. км2. От точки т.208 граница участка идет на запад вдоль береговой линии Азовского моря до т.209 Впадение р.Грузский Еланчик в Азовское море. Далее проходит по границе с водохозяйственным участком 05.01.05.012 до т.5143 – точки схождения границы водохозяйственных участков 05.01.04.008, 05.01.05.012 и 05.01.05.010 и поворачивает на север к точке т.5142 схождения границы водохозяйственных участков 05.01.04.008, 05.01.04.011 и 05.01.05.010. Потом идет на юг и юго-восток к точке т.5104 схождения границ водохозяйственных участков 05.01.04.005, 05.01.04.007 и 05.01.05.010 от которой следует на юг по водоразделу рр. Тузлов и Миус на границе водохозяйственного участка 05.01.05.009 до т.5132 на северном краю дельты р. Дон. Затем по морскому берегу, огибая г. Таганрог, граница замыкается в расчетном створе – т.208."""
"""Нижний Выг от Выгозерского г/у до устья""","""Водохозяйственный участок 02.02.00.013 охватывает бассейн р. Нижний Выг от Выгозерского гидроузла до устья. Участок расположен в Республике Карелия, его площадь составляет 9,1 тыс. км2.От т.2065 впадения р. Нижний Выг в Белое море граница водохозяйственного участка 02.02.00.013 следует в южном направлении до т.2061 схождения границ водохозяйственных участков 02.02.00.012 (Нижний Выг от истока до Выгозерского г/у, вкл. оз. Выг-озеро без р. Сегежа до Сегозерского г/у), 02.02.00.013 и 02.02.00.014 (Реки бассейна Онежской губы от южной границы бассейна р. Кемь до западной границы бассейна р. Унежма без р. Нижний Выг), затем поворачивает на запад, проходит створ Выгозерского гидроузла (т.2060) и достигает т.2053 схождения границ водохозяйственных участков 02.02.00.013, 02.02.00.012 и 02.02.00.011 (Сегежа до Сегозерского г/у, вкл. оз. Сег-озеро), затем поворачивает на северо-запад и, огибая бассейн р. Онда, проходит т.2054 схождения границ водохозяйственных участков 02.02.00.009 (Кемь от Юшкозерского г/у до Кривопорожского г/у), 02.02.00.013 и 02.02.00.011, далее в северном направлении по верховьям бассейна р Онда следует к т.2052 схождения границ участков 02.02.00.009, 02.02.00.010 (Кемь от Кривопорожского г/у до устья) и 02.02.00.013, затем на восток к т.2068 схождения границ водохозяйственных участков 02.02.00.010, 02.02.00.013 и 02.02.00.014 и выходит на побережье Белого моря в т.2066 примыкания к береговой линии границы с водохозяйственным участком 02.02.00.014, после чего, следуя по береговой линии граница замыкается в расчетном створе."""
"""Северский Донец от впадения р.Калитва до устья""","""Водохозяйственный участок 05.01.04.007 включает нижнюю часть бассейна р. Северский Донец до расчетного створа в месте впадения в р. Северский Донец в р. Дон (т.223). Площадь водохозяйственного участка составляет 8.41 тыс. км2. От точки замыкающего створа, в которой сходятся границы водохозяйственных участков 05.01.03.010 (Дон от Цимлянского г/у до впадения р. Северский Донец), 05.01.04.007 и 05.01.05.009 (Дон от впадения р. Северский Донец до устья без рр. Сал и Маныч), граница участка идет на север, плавно отклоняясь на северо-запад и затем на запад вдоль бассейнов р. Кундрючья и бассейнов правых притоков р. Дон до т.5133, где сходятся границы водохозяйственных участков 05.01.05.009, 05.01.05.010 и 05.01.04.007. По этой границе, простираясь на север, граница участка приходит в т.5154, от которой поворачивает на восток и идет до т.5103, где р. Калитва впадает в р. Северский Донец и сходятся границы водохозяйственных участков 05.01.04.005 (Северский Донец от границы РФ с Украиной до впадения р. Калитва), 05.01.04.006 и 05.01.04.007. Далее граница отклоняется на северо-восток, идет по водоразделу рр. Гнилая и Березовая до т.5090, в которой сходятся границы водохозяйственных участков 05.01.03.008, 05.01.04.007 и 05.01.04.006, затем, повернув на юг, у истока р. Гнилая до т.5089 – точки схождения границ водохозяйственных участков 05.01.03.008, 05.01.04.007 и 05.01.03.009 (Дон от г. Калач-на-Дону до Цимлянского г/у (Цимлянское в-ще) без р. Чир). Затем у истока р. Быстрая граница в т.224 приближается к границе Волгоградской и Ростовской областей, отклоняется на юго-запад и, проходя т.5092 – точку схождения границ водохозяйственных участков 05.01.04.007, 05.01.03.009 и 05.01.03.010, достигает замыкающего створа – т.223."""
Ворскла,"""Водохозяйственный участок 04.01.00.016 включает российскую часть бассейна р. Ворскла до Государственной границы РФ с Украиной. Площадь водохозяйственного участка составляет 2.5 тыс. км2. Р. Ворскла пересекает границу с Украиной в т.4050. От этой точки граница участка идет по Государственной границе с Украиной на север до т.4049, в которой стыкуется с участком 04.01.00.015 (Псел) и уходит по территории РФ на восток по водоразделу рр. Ворскла и Псел до т.4048 у истока р. Ворскла – точки схождения границ водохозяйственных участков 04.01.00.015, 04.01.00.016 и 05.01.04.001 (Северский Донец от истока до границы РФ с Украиной без бассейнов рек Оскол и Айдар). Обогнув исток р. Ворскла, и развернувшись на юг, граница участка по водоразделу бассейнов рек Ворскла и Северский Донец достигает Государственной границы РФ с Украиной и замыкает участок в расчетном створе – т.4050."""
"""Индигирка от впадения Момы до в/п Белая Гора""","""Водохозяйственный участок 18.05.00.003 охватывает территорию бассейна р. Индигирка от впадения р. Мома до в/п Белая Гора, расположен целиком в Респ. Саха (Якутия). Площадь водохозяйственного участка составляет 130,0 тыс. км2. От т.18100, расположенной на расчетном створе у в/п п. Белая Гора, граница участка следует в северо-восточном направлении, проходит через т.18101 схождения границ водохозяйственных участков 18.05.00.003, 18.05.00.004 (Индигирка от в/п п. Белая Гора до устья) и 18.06.00.001 (Реки бассейна Восточно-Сибирского моря (вкл. р. Алазея) от границы бассейна р. Индигирка на западе до границы бассейна р. Колыма на востоке), поворачивает на юго-восток, проходит через т.775 схождения границ водохозяйственных участков 18.05.00.003, 18.06.00.001 и19.01.00.004 (Колыма от в/п ГМС. Коркодон до в/п г. Среднеколымск), поворачивает на юг, проходит по северному склону Момского хребта, разделяющего бассейны рек Бадяриха и Ожогина (т.776), затем меняет направление на юго-запад, проходит через т.18098 впадения р. Мома в р. Индигрка, т.18099 схождения границ водохозяйственных участков 18.05.00.002, 18.05.00.003 и 18.04.02.001 (Адыча), поворачивает на северо-запад следует через т.762 схождения границ водохозяйственных участков 18.04.02.001, 18.04.03.002 (Яна от впадения р. Адыча до устья без р. Бытантай) и 18.05.00.003, поворачивает на северо-запад по хребту Хадарання, огибает верховья р. Селеннях (т.761) в точке схождения границ водохозяйственных участков 18.05.00.003, 18.04.03.002 и 18.04.03.004 (Реки бассейна моря Лаптевых от границы бассейна р. Яна на западе до границы бассейна Восточно- Сибирского моря (мыс Святой Нос) на востоке), поворачивает на северо-восток, пересекая хребты Иргичинский, Селенняхский, Нэмкучэнский и Кюн-Тас и, проходя по водоразделам бассейнов рек Чондон, Нучча и Иргичан, Бакы, в т.760 поворачивает на восток к т.18102 схождения границ водохозяйственных участков 18.05.00.003, 18.05.00.004 и 18.05.00.005 (Реки бассейна Восточно- Сибирского моря от мыса Святой Нос на западе до границы бассейна р. Индигирка на востоке) и замыкается в исходной т.18100. Ландшафты высоких хребтов представлены в основном горной и арктической тундрой или лишены растительности. На равнине при движении с юга на север ландшафты меняются от лесотундровых заболоченных редколесий до лишайниково-моховых и кустарничково- травянистых арктических тундр."""
"""Волга от Иваньковского г/у до Угличского г/у (Угличское в-ще)""","""Водохозяйственный участок 08.01.01.008 охватывает Угличское водохранилище с бассейнами его боковых притоков створа у Угличского г/у – т.8021. Площадь водохозяйственного участка составляет 10,0 тыс. км2. От точки замыкающего створа граница участков 08.01.01.008 и 08.01.01.009 (ВолгаотУгличского г/у до начала Рыбинского в-ща) направляется на юг, делает резкую петлю по узкому водоразделу рр. Жабня и Улейма и приходит в т.8022 - точку схождения границ водохозяйственных участков 08.01.01.008, 08.01.01.009 и 08.01.03.002 (Волга от Рыбинского г/у до г. Кострома без р. Кострома от истока до в/п д.Исады). Далее граница делает еще одну резкую петлю и в ее вершине - т.297 наблюдается схождение разнонаправленных участков границы с водохозяйственным участком 08.01.03.002 в верховье р. Которосль. В направлении на югу у истоков рр. Нерль и Сольба граница участков 08.01.01.008 и 08.01.03.002 приходит в т.282 – точку схождения границ водохозяйственных участков 08.01.01.008, 08.01.03.002 и 09.01.03.008 (Нерль). Затем по водораздел у рр. Нерль и Трубеж, оставляя к западу оз. Плещеево, граница участков 08.01.01.008 и 09.01.03.008 достигает т.9113, в которой сходятся границы водохозяйственных участков 09.01.03.007 (Клязьма от г. Орехово-Зуево до г. Владимир), 09.01.03.008 и 08.01.01.008. Здесь граница поворачивает на запад, в т.283 пересекает административную границу Ярославской и Владимирской областей вблизи схождения границ водохозяйственных участков 09.01.03.006 (Клязьма от г. Ногинск до г. Орехово- Зуево), 09.01.03.007.и 08.01.01.008 и простирается на запад, разделяя верховья рр. Кубрь, Шерна, Молокча. В т.284 граница участков пересекает границу Московской и Владимирской областей, а в т.9108 сходятся границы водохозяйственных участков 09.01.03.005 (Клязьма от Пироговского г/у до г. Ногинск без р. Уча (от истока до Акуловского г/у), 09.01.03.006.и 08.01.01.008. Обогнув верховья р. Воря, граница участка приходит в т.9106 - точку схождения границ водохозяйственных участков 09.01.03.004 (Уча от истока до Акуловского г/у), 09.01.03.005и 08.01.01.008. От этой точки граница участков 08.01.01.008 и 09.01.03.004 следует на запад, пересекает канал им.Москвы в т.285 и повернув вновь к югу приходит в т.9005 – точку схождения границ водохозяйственных участков 09.01.03.003 (Клязьма от истока до Пироговского г/у), 09.01.03.004 и 08.01.01.008. Далее граница идет на северо-запад до истока р. Сестры, где в т.286 сходятся границы водохозяйственных участков 09.01.01.014 (Истра от истока до Истринского г/у), 09.01.03.003 и 08.01.00.008, а еще севернее в т.9056 сходятся границы водохозяйственных участков 08.01.01.007 (Волга от г. Тверь до Иваньковского г/у (Иваньковское в-ще), 08.01.01.008 и 09.01.01.014 на водоразделе рр. Черная и Липня. Здесь граница уходит на северо-восток, затем плавно поворачивает на восток и достигает т.8020 у г. Дубна - Иваньковский гидроузел на р. Волга. От этой точки граница участков 08.01.01.008 и 08.01.01.007 следует на запад по водоразделу Иваньковского в-ща и р. Медведица, плавно огибает бассейн оз. Великое в болотных массивах левой части бассейна Иваньковского в-ща и доходит до т.8016 – точки схождение границ водохозяйственных участков 08.01.01.005 (Тверца от истока (Вышневолоцкий г/у) до г. Тверь), 08.01.01.007 и 08.01.01.008. Здесь граница вновь принимает северо-западное направление и по водоразделу бассейнов рр. Кава, Бол. Тигма и Медведица достигает самой северной точки участка т.8017, в которой сходятся границы водохозяйственных участков 08.01.01.005, 08.01.02.001 (Молога) и 08.01.01.008. Далее граница участков 08.01.01.008 и 08.01.02.001 круто разворачивается на юго-восток, плавно уходя на восток по водоразделу бассейнов рр. Медведица и Молога, и приходит к т.8023 – точке схождения границ водохозяйственных участков 08.01.01.008, 08.01.01.009 и 08.01.02.001. От этой точки граница пересекает границу областей Ярославская и Тверская и направляется к замыкающему створу - Угличскому г/у по водоразделу рр. Кашинка и Корожечна."""
"""Алдан от впадения р.Учур до впадения р.Мая""","""Водохозяйственный участок 18.03.06.004 охватывает территорию бассейна р. Алдан от впадения р. Учур (в/п Чагда) до впадение р. Мая (в/п Чаран), расположен в Респ. Саха (Якутия). Площадь водохозяйственного участка составляет 48,0 тыс. км2. От т.18072 на расчетном створе ниже с. Чаран (точка схождения границ водохозяйственных участков 18.03.06.004, 18.03.06.006 (Мая от в/п с. Аим до устья), и 18.03.06.007 (Алдан от впадения р. Мая до впадения р. Амга)) граница следует в юго-западном направлении, проходит через точку схождения границ водохозяйственных участков 18.03.06.004, 18.03.06.005 (Мая от истока до в/п с. Аим) и 18.03.06.006 на западной оконечности хр. Дыгды-Сисе (т.18067), далее следует вблизи административной границы между Хабаровским краем и Республикой Саха (Якутия) до водораздела водохозяйственных участков 18.03.06.003 (Учур), 18.03.06.004 и 18.03.06.005 - т.18060, поворачивает на северо-восток, проходит точку впадения р. Учур в р. Алдан - т.18054, затем следует через точку схождения границ водохозяйственных участков 18.03.06.002 (Алдан от в/п г. Томмот до впадения р. Учур), 18.03.06.004 и 18.03.06.008 (Амга) - т.18058, поворачивает на северо-восток, проходит по водоразделу водохозяйственных участков (т.18073) 18.03.06.004, 18.03.06.007 и 18.03.06.008, поворачивает на восток и замыкается в начальной т.18072. Абсолютные высоты местности повышаются от 350 м на северной и западной границе водохозяйственного участка до 1200 м на юго-востоке. Зональным типом ландшафтов здесь являются ландшафты возвышенных платформенных равнин с преобладанием лиственничных среднетаежных лесов. Склоны хребтов покрыты редкостойными лиственничными лесами."""
"""Колыма от Колымской ГЭС до впадения р.Сеймчан""","""Водохозяйственный участок 19.01.01.002 охватывает территорию от Колымской ГЭС до в/п Сеймчан, расположенную в Магаданской области. Площадь водохозяйственного участка составляет 67,5 тыс. км2. От т.19004, расположенной на расчетном створе выше впадения р.Сеймчан, граница следует в юго-восточном направлении до т.19005 – точки схождения границ водохозяйственных участков 19.01.01.002, 19.01.01.003 (Колыма от впадения р. Сеймчан до в/п ГМС Коркодон) и 19.10.00.001 (Бассейны рек Охотского моря от западной границы бассейна р. Пенжина до южной границы бассейна р. Тахтаяма). Граница разделяет бассейны рек Буюнда и Балыгычан. Затем граница поворачивает на юг вдоль Туманского хребта и подходит к т.795 на водоразделе бассейнов р. Угулан и Бол.Купка. Далее граница поворачивает на юго-запад, пересекает Килганский массив, проходит через т.19006 - точку схождения границ водохозяйственных участков 19.01.01.002, 19.10.00.001 и 19.10.00.002 (Бассейны рек Охотского моря от южной границы бассейна р. Тахтаяма до северо-восточной границы бассейна р. Иня), поворачивает на запад и проходит по Ольскому плато до т.19002 схождения границ водохозяйственных участков 19.01.01.001 (Колыма от истока до Колымской ГЭС), 19.01.01.002 и 19.10.00.002. Далее граница поворачивает на север и следует вдоль хр. Больших порогов до т.19001 в створе гидроузла Колымской ГЭС на р. Колыма. Граница разделяет бассейны рек Бахапча и Детрин. От этой точки граница следует в северо-западном направлении по гребню хр. Черге до т.19003 – точки схождения границ водохозяйственных участков 19.01.01.001, 19.01.01.002 и 19.01.01.004 (Колыма от в/п ГМС. Коркодон до в/п г. Среднеколымск). Граница разделяет бассейны рек Дебин и Бёрёлёх. Затем граница поворачивает на юго-восток, делает петлю в северном направлении, проходит через точку схождения границ водохозяйственных участков 19.01.01.002, 19.01.01.003 и 19.01.01.004 - т.19028 и, простираясь в том же направлении, замыкается в расчетном створе водохозяйственного участка (т.19004). На этом отрезке граница разделяет бассейны рек Тоскан и Сеймчан. Территория водохозяйственного участка расположена в гористой местности с преобладающими абсолютными высотами от 500 до 2000 м. Здесь произрастают редкостойные северотаежные лиственничные леса, в наземном покрове преобладают кустарнички (брусника, вороника, багульник)."""
"""Десна от истока до г/у Смоленской АЭС""","""Водохозяйственный участок 04.01.00.008 включает верхнюю часть бассейна р. Десна от истока до г/у водохранилища-охладителя Смоленской АЭС в расчетном створе - т.4028. Площадь водохозяйственного участка составляет 1.25 тыс. км2. От расчетного створа участка граница следует на запад до т.4013, в которой сходятся границы водохозяйственных участков 04.01.00.008, 04.01.00.005 (Остер) и 04.01.00.010 (Десна от г/у Смоленской АЭС до г. Брянск без р. Болва), далее поворачивает на северо-запад и идет сначала до т.4010 – точки схождения границ водохозяйственных участков 04.01.00.004 (Сож), 04.01.00.008 и 04.01.00.005, затем до т.4005, где сходятся границы водохозяйственных участков 04.01.00.002 (Днепр от г. Дрогобуж до г. Смоленск), 04.01.00.008 и 04.01.00.004. Здесь следует поворот границы на восток, у истоков р. Десна, проходится т.4029 – точка схождения границ водохозяйственных участков 04.01.00.002, 04.01.00.008 и 09.01.01.004 (Угра), от которой граница поворачивает на юг по водоразделу рр. Десна и Угра достигаят.4030 – точки схождения границ водохозяйственных участков 04.01.00.010, 04.01.00.008 и 09.01.01.004. Здесь граница уходит на запад и замыкает участок в точке расчетного створа – т.4028."""
"""Волга от г.Зубцов до г. Тверь без р.Тверца""","""Водохозяйственный участок 08.01.01.006 охватывает верхнюю часть бассейн р. Волга до расчетного замыкающего створа ниже г. Тверь – т.8017. Площадь водохозяйственного участка составляет 4,9 тыс. км2. От точки замыкающего створа граница участков 08.01.01.006и 08.01.01.007 (Волга от г. Тверь до Иваньковского г/у (Иваньковское в-ще) простирается на запад по водоразделу рр. Вязьма и Тьмака и, огибая верхнюю часть бассейна р. Шоша, по водоразделу рр. Шоша и Держа плавно уходит на юг к точке пересечения границ Московской и Тверской (т.8018) областей и далее к т.8019 – точке схождение границ водохозяйственных участков 08.01.01.006, 08.01.01.007 и 09.01.01.011 (Руза от истока до Рузского г/у). Отсюда граница вновь идет на запад до т.8005, в которой сходятся границы водохозяйственных участков 08.01.01.002 (Яуза от истока до Кармановского г/у), 08.01.01.006 и 09.01.01.011, затем поворачивает на северо-запад вновь пересекает границу Московской и Смоленской областей, приходит в т.8004 – точку схождения границ водохозяйственных участков 08.01.01.002, 08.01.01.003 (Вазуза от истока до Зубцовского г/у без р. Яуза до Кармановского г/у) и 08.01.01.006 и немного западнее в т.8008 – точку схождения границ водохозяйственных участков 08.01.01.003, 08.01.01.004 (Волга от Верхневолжского бейшлота до г. Зубцов без р. Вазуза от истока до Зубцовского г/у) и 08.01.01.006. Далее граница участков 08.01.01.006 и 08.01.01.004, петляя по водоразделам притоков Волги рр. Бойна, Держа, Холохольня, пересекает р. Волга в т.8010 и у истока р.Тьма поворачивает на восток после чего приходит в т.8013, в которой сходятся границы водохозяйственных участков 08.01.01.004, 08.01.01.005 (Тверца от истока (Вышневолоцкий г/у) до г. Тверь) и 08.01.01.006. Затем граница круто поворачивает на восток, идет по водоразделу рр. Тверца и Тьма, в г. Тверь проходит точку 8014 – точку схождения границ участков 08.01.01.006, 08.01.01.007, 08.01.01.005 и замыкается в расчетном створе ниже г. Тверь – т.8017."""
Подгорная,"""Водохозяйственный участок 05.01.01.011 включает бассейн р. Подгорная на территории Воронежской и Волгоградской областей с замыкающим створом в месте впадения р. Подгорная в р. Дон (т.5047). Площадь водохозяйственного участка составляет 5.1 тыс. км2. От точки замыкающего створа граница участка следует на север до т.5046, где сходятся границы водохозяйственных участков 05.01.01.010 (Дон от г. Лиски до г. Павловск без р. Битюг), 05.01.01.011 и 05.01.01.012 (Дон от г. Павловск до устья р. Хопер без р. Подгорная) и далее до т.5045 – точки схождения границ водохозяйственных участков 05.01.01.010, 05.01.01.011 и 05.01.02.003 (Савала). Отсюда, обогнув исток р. Толучеевка, граница участка поворачивает вначале на юг до пересечения административных границ Воронежской и Волгоградской областей (т.215), затем на восток до т.5038, в которой сходятся границы водохозяйственных участков 05.01.02.005 (Хопер от впадения р. Ворона до устья без рр. Ворона, Савала и Бузулук), 05.01.01.011 и 05.01.02.003. Затем граница вновь идет на юг, пересекает административные границы Воронежской и Волгоградской областей (т.5049) и Воронежской и Ростовской областей (т.5051), между которыми проходит т.5050, где сходятся границы водохозяйственных участков 05.01.01.011, 05.01.02.005 и 05.01.01.012. Далее в юго-западном направлении вдоль бассейна р. Криуша граница достигает замыкающего створа – т.5047."""
"""Миасс от г. Челябинск до устья""","""Водохозяйственный участок 14.01.05.010 охватывает бассейн р. Миасс от г. Челябинск до устья. Участок расположен в Челябинской и Курганской областях, его площадь составляет 16,2 тыс. км2. От т.14036 впадения р. Миасс в р. Исеть граница водохозяйственного участка 14.01.05.010 следует в южном направлении до т.14019 схождения границ водохозяйственных участков 14.01.05.003 (Тобол от впадения р. Уй до г. Курган), 14.01.05.004 (Тобол от г. Курган до впадения р. Исеть), 14.01.05.010 и 14.01.05.011 (Исеть от впадения р. Теча до устья без р. Миасс), затем меняет свое направление на юго-западное, проходит по водоразделу рр. Падь и Юргамыш, меж оз. Седящево, Алаколь, Айтабан и Буретшкен, пересекает границу между Челябинской и Курганской областями вблизи точки схождения границ водохозяйственных участков 14.01.05.002 (Тобол от истока до впадения р. Уй без р. Увелька), 14.01.05.003 и 14.01.05.010 (т.14016), поворачивает на запад, проходит меж оз. Штанное и Кара-Тибис, достигает т.14012 схождения границ водохозяйственных участков 14.01.05.001 (Увелька), 14.01.05.002 и 14.01.05.010, сворачивает на северо-запад, проходит мимо оз. Дуванкуль, достигает т.14011 схождения границ водохозяйственных участков 14.01.05.001, 14.01.05.009 и 14.01.05.010, сворачивает на северо-восток, проходит меж оз. Курлады и Синаглазово, далее делает петлю в северо-западном направлении, пересекает в т.14035 р. Миасс ниже г. Челябинск, проходит по водоразделу рр. Миасс и Зюзелга, в т.14032 схождения границ водохозяйственных участков 14.01.05.007 (Теча), 14.01.05.008 (Миасс от истока до Аргазинского г/у), 14.01.05.009 и 14.01.05.010 поворачивает на восток, проходит по водоразделу рр. Миасс и Теча, меж оз. Урефты и Тишки, пересекает границу между Челябинской и Курганской областью в т.14031 схождения границ водохозяйственных участков 14.01.05.007, 14.01.05.010 и 14.01.05.011, проходит в верховьях рр. Барнева и Солодянка мимо оз. Таволжанное и Корабельное и замыкается в начальной точке."""
"""Бассейн оз. Кулундинского""","""Водохозяйственный участок 13.02.00.002 охватывает бассейны рек, впадающих в оз. Кулундинское. Участок расположен в Алтайском крае, его площадь составляет 12,8 тыс. км2. От начальной т.13030 схождения границ водохозяйственных участков 13.01.02.002, 13.02.00.004 (Бассейн оз. Тополиное и р. Бурла) и 13.01.02.005 (Обь от г. Барнаул до Новосибирского г/у без р. Чумыш) граница водохозяйственного участка 13.02.00.002 следует на юго-восток, обходя оз. Горькое и Тараторино, поворачивает на юго-восток к т.13029 схождения границ водохозяйственных участков 13.02.00.001 (Бассейн оз. Кучукского), 13.02.00.002 и 13.01.02.005, поворачивает на северо-запад, обходит оз. Бакланье и Мостовое, поворачивает на запад, проходит водораздел оз. Кучукское и Кулундинское, в т.13053 схождения границ водохозяйственных участков 13.02.00.001, 13.02.00.002 и 13.02.00.003 (Водные объекты южнее бассейна р. Бурла без бассейнов озер Кучукского и Кулундинского) поворачивает на север, проходит по водоразделу оз. Мал. Яровое и Кулундинское к т.13054 схождения границ водохозяйственных участков 13.02.00.002, 13.02.00.003 и 13.02.00.004, в которой поворачивает на восток, следует по водоразделу рр. Бурла и Чуман, и замыкается в начальной точке."""
"""Сосьва от истока до в/п д. Морозково""","""Водохозяйственный участок 14.01.05.024 охватывает бассейн р. Сосьва от истока до в/п д. Морозково. Участок расположен в Свердловской области, его площадь составляет 11,5 тыс. км2. От расчетного створа т.14075 в/п д. Морозково на р. Сосьва граница водохозяйственного участка 14.01.05.024 следует на северо-запад по водоразделу рр. Сосьва, Каква и Лобва до т.14076 схождения границ водохозяйственных участков 14.01.05.024, 14.01.05.025 (Тавда от истока до устья без р. Сосьва от истока до в/п д. Морозково) и 10.01.01.003 (Косьва от истока до Широковского г/у). От этой точки граница следует до на север по водоразделу рр Пожва и Каква до т.10006 схождения границ водохозяйственных участков 14.01.05.024, 10.01.01.003 и 10.01.01.002 (Кама от в/п с. Бондюг до г. Березники), продолжается в том же направлении по водоразделу рр. Вагран и Бол. Лямпа, Шегультан и Кутим до т.14077 схождения границ водохозяйственных участков 14.01.05.024, 14.01.05.025 и 10.01.01.002. В этой точке граница поворачивает на юго-восток и до замыкания в начальной точке следует по водоразделу рр. Сосьва и Тавда, обходя истоки их притоков Шегультана, Ленгура и Ивдели, Ваткуля, Ликины."""
Учур,"""Водохозяйственный участок 18.03.06.003 охватывает территорию бассейна р. Учур, расположен в Респ. Саха (Якутия) и Хабаровском крае. Площадь водохозяйственного участка составляет 113,0 тыс. км2. От т.18054 впадения р. Учур в р. Алдан в месте схождения границ водохозяйственных участков 18.03.06.002 (Алдан от в/п г. Томмот до впадения р. Учур), 18.03.06.003 и 18.03.06.004 (Алдан от впадения р. Учур до впадения р. Мая) граница участка следует на юго-восток, проходит через т.18160 схождения границ водохозяйственных участков 18.03.06.003, 18.03.06.004 и 18.03.06.005 (Мая от истока до в/п с. Аим), затем пересекает административную границу между Хабаровским краем и Республикой Саха (Якутия) в т.18061, пересекает хр. Кет-Кап и проходит по водоразделу рр. Хоюнда и Чумикан через т.18062, далее через т.18063 схождения границ водохозяйственных участков 18.03.06.003, 18.03.06.005 и 20.02.00.001 (Уда), плавно поворачивает на юго-запад, пересекает Улканский хр. и хр. Геран, выходит на Становой хр. к административной границе между Амурской обл. и Хабаровским краем в т.715 и далее следует по административной границе, проходя через т.716 схождения границ водохозяйственных участков 20.02.00.001, 20.03.04.001 (Зея от истока до Зейского г/у) и 18.03.06.003, до т.18057. На отрезке от т.18063 до т.18057 граница разделяет водосборные площади правых притоков р. Алдан разного порядка (рек Маймакан, Учур, Уян, Тыркан, Бол.Тыркан, Алгама, Сутам, Нуян, Гонам, Тимптон) и множество более мелких рек, стекающих с северных склонов Станового хребта, верховья притоков различного порядка в бассейне р. Зея (рр. Купури, Ток, Мульмуга, Утугай, Брянта, Унаха, Гилюй и др.), которые стекают с южных склонов Станового хребта, и рек бассейна р. Уда (Джана, Лимну, Сура, Аюмкан). Становой хребет имеет почти широтное простирание, обрывистые южные склоны; типичны куполовидные и плосковершинные водоразделы, местами в гребневой зоне имеются кары, цирки, троги. На склонах распространена горная лиственничная тайга; встречаются леса из аянской ели. Выше 1200 м тайга сменяется поясом кедрового стланика, верхние части заняты горными тундрами, гольцовыми поверхностями. От т.18057 схождения границ водохозяйственных участков 18.03.06.002, 18.03.06.003 и 20.03.04.001 граница поворачивает на северо-восток, выходит на Алдано-Учурский хр., проходит через точку т.18056 на водоразделе рр. Ломам и Сеймде и замыкается в исходной т.18054. На этом отрезке граница разделяет верховья рек Улахан-Селигир, Улахан Дюнюкян, Дялтулах, Улахан Тораканда, Мамулай, Сеймде, Нельгюу, Аччыгый, Улахан Мёлёнкён, Горбыллах бассейна р. Тимитон и рек Мёгюскян, Сеймде, Ыалбын, Лапу, Или, Мусс-Оннюе, Гыным, Усмун, Гувилгра, Токорикан бассейна Учура. Абсолютные высоты составляют 1600-2700 м. В горах преобладает однообразная тайга из даурской лиственницы, наиболее высокие склоны покрыты подгольцовым редколесьем, а местами и каменистой тундрой."""
"""Ока от г. Серпухов до г. Кашира""","""Водохозяйственный участок 09.01.01.009 включает часть бассейна р. Ока и замыкается в расчетном створе г. Кашира (т.9040). Площадь водохозяйственного участка составляет 2,7 тыс. км2. От т.9040 граница между водохозяйственными участками 09.01.01.009 и 09.01.01.019 (Ока от г. Кашира до г. Коломна без р. Москва) направляется на юго-запад, проходит через т.9041, в которой граница пересекает административную границу Московской и Тульской областей и, огибая верховья бассейна р. Беспута, достигает точки 9012, в которой сходятся границы четырех водохозяйственных участков 09.01.01.009, 09.01.01.019, 09.01.01.003 (Упа) и 09.01.01.008 (Ока от г. Калуга до г. Серпухов без рр. Протва и Нара). От этой точки граница между водохозяйственными участками 09.01.01.009 и 09.01.01.008 поворачивает на север и проходит по водоразделу рр. Беспута и Скнига, вновь пересекая административную границу Московской и Тульской областей в т.9039. Р. Ока пересекается границей водохозяйственных участков немного ниже г. Серпухов в т.9038 а севернее города граница приходит в т.9037, где сходятся границы трех водохозяйственных участков 09.01.01.009, 09.01.01.008 и 09.01.01.007 (Нара). Далее граница простирается в северном направлении, разделяя бассейны р. Нара и Лопасня, и в самом северном пункте участка приходит в т.9036 – точку схождения границ трех водохозяйственных участков 09.01.01.009, 09.01.01.007 и 09.01.01.016 (Пахра). От этой точки граница между участками 09.01.01.009 и 09.01.01.016 идет в юго-восточном направлении по водоразделу между рр. Пахра и Лопасня до т.9042, где сходятся границы участков 09.01.01.009, 09.01.01.016 и 09.01.01.018 (Москва от в/п Заозерье до г. Коломна). Юго-восточное направление границы сохраняется по водоразделу рр. Каширка и Северка до т.9043 – точки схождения границ участков 09.01.01.009, 09.01.01.018 и 09.01.01.019. После этого граница участка поворачивает на юго-запад и замыкается в расчетном створе – т .9040."""
Бытантай,"""Водохозяйственный участок 18.04.03.001 охватывает территорию бассейна р. Бытантай от истока до устья и расположен целиком в Респ. Саха (Якутия). Площадь водохозяйственного участка составляет 40,2 тыс. км2. От т.18092 впадения р. Бытантай в р. Яна граница следует на юг к т.18091 схождения границ водохозяйственных участков 18.04.01.001 (Яна от истока до впадения р. Адыча), 18.04.03.001 и 18.04.03.002 (Яна от впадения р. Адыча до устья без р. Бытантай), поворачивает на юго-запад, проходит по водоразделу в верховьях р. Тэнки (т.770), далее следует по водоразделу бассейнов рек Дулгалах и Бытынтай к т.769. Огибая верховья р. Биллях, граница поворачивает на запад к т.705 схождения границ водохозяйственных участков 18.03.09.001 (Лена от впадения р. Вилюй до в/п ГМС Джарджан), 18.04.01.001 и 18.04.03.001. От т.705 граница следует на север по хребту Орулган, проходит через т.704 на водоразделе бассейнов рек Тара-Сала и Соболох-Маян, затем через т.18088 схождения границ водохозяйственных участков 18.03.09.001, 18.03.09.002 (Лена от в/п ГМС Джарджан до в/п с. Кюсюр), 18.04.03.001 и 18.04.03.003 (Реки бассейна моря Лаптевых от границы бассейна р. Лена на западе до границы бассейна р. Яна на востоке), поворачивает на север, огибая верховья р. Омолой, выходит на водораздел водохозяйственных участков 18.04.03.001, 18.04.01.002 (Адыча) и 18.04.03.003 и замыкается в исходной т.18092. Абсолютные высоты местности составляют 1500-2400 м. Склоны хребтов покрыты редкостойными лиственничными лесами, на вершинах преобладают горно-тундровые ландшафты и арктические каменистые пустыни."""
Черек,"""Водохозяйственный участок 07.02.00.006 охватывает бассейн р. Черек – притока р. Баксан – от истока до устья. Участок расположен в Республиках Кабардино-Балкария и Северная Осетия – Алания, его площадь составляет 3,1 тыс. км2. От расчетного створа на р. Черек в месте впадения в р. Баксан (т.7044 схождения границ водохозяйственных участков 07.02.00.004 (Терек от впадения р. Урух до впадения р. Малка), 07.02.00.006 и 07.02.00.007 (Баксан без р. Черек) граница водохозяйственного участка 07.02.00.00 следует на юго-восток по водоразделу рр. Черек и Урух до т.257 примыкания к Государственной границе РФ с Грузией границы с водохозяйственным участком 07.02.00.004. От этой точки граница водохозяйственного участка следует на запад вдоль Государственной границы РФ, проходя т.7048 примыкания к ней границы с водохозяйственным участком 07.02.00.007. От этой точки граница поворачивает на север, проходит по водоразделу рр. Черек и Баксан и замыкается в начальной точке. Ниже альпийского и субальпийского пояса северные склоны Кавказского хребта, заканчивая предгорьями, покрыты лесной растительностью (лиственной и хвойной)."""
Белая,"""Водохозяйственный участок 06.02.00.011 охватывает весь бассейн левого притока р. Кубань – р. Белая. Территория водохозяйственного участка расположена в Республике Адыгея и Краснодарском крае. Площадь участка составляет 6,0 тыс. км2. Расчетный створ участка расположен в т.6042 в месте впадения р. Белая в Краснодарское водохранилище на границе с водохозяйственным участком 06.02.00.013 (Кубань от г. Усть- Лабинск до Краснодарского г/у без рр. Белая и Пшиш). От расчетного створа граница участка уходит на восток до границы с бассейном Лабы (т.6039 - схождение границ водохозяйственных участков 06.02.00.009 - Лаба от впадения р. Чамлык до устья, 06.02.00.011 и 06.02.00.013), а затем поворачивает на юго-восток и следует по водоразделу бассейнов рек Лаба и Белая в горную часть бассейна сначала до т.6035 (схождение границ водохозяйственных участков 06.02.00.007 - Лаба от истока до впадения р. Чамлык, 06.02.00.011 и 06.02.00.009), а затем до т.6033 (схождение границ водохозяйственных участков 06.02.00.007, 06.02.00.011 и 06.03.00.003 - реки бассейна Черного моря от западной границы бассейна р. Шепси до р. Псоу на границе РФ с Грузией). На этом отрезке граница участка дважды пересекает административную границу между Краснодарским краем и Республикой Адыгея в т.6038и т.6034. От т.6033 граница высокогорной части участка проходит по хребтам Кавказа, разделяющим реки бассейна Кубани и бассейна Черного моря до т.6043 с пересечение в т.236 вышеупомянутой административной границы. От т.6043 граница участка по водоразделу бассейнов притоков рек Белая и Пшиш спускается с гор в северном направлении в район Краснодарского водохранилища до опорной точки т.6044 (схождение границ водохозяйственных участков 06.02.00.012, 06.02.00.011 и 06.03.00.013), после чего замыкается в расчетном створе."""
"""реки бассейна Черного моря от южной границы бассейна р. Днепр до Крымского полуострова""","""Водохозяйственный участок 04.01.00.020 включает водные объекты бассейна Черного моря от южной границы бассейна р. Днепр до Крымского полуострова. Площадь водохозяйственного участка составляет 6.46 тыс. км2. Граница водохозяйственного участка следует в юго-западном направлении от т.4055 – точки схождения границ водохозяйственных участков 04.01.00.019, 04.01.00.018 и 04.01.00.020, затем поворачивает и следует в западном и северо-западном направлении до т.4057, расположенной вблизи Днепровского лимана. Отсюда граница участка продолжает движение в северо-западном направлении и через некоторое расстояние поворачивает на юг к Черному морю к острову Тендровская Коса, далее следует по нему, а затем огибает остров Джарылгач, проходит т.950 - точка на береговой линии Черного моря на острове Джарылгач, идет по береговой линии Джарылгачского, Каржинского, Каркинитского заливов снова поворачивает, проходит Перекопский залив и приходит в т.942, в которой пересекаются границы Херсонской области и Республики Крым (схождение гидрографических единиц 04.01.00, 05.01.05, 21.02.00). Отсюда следует в северном направлении, поворачивает и в т.4055, расположенной рядом с Каховской ГЭС, участок замыкается."""
"""Чулым от истока до г. Ачинск""","""Водохозяйственный участок 13.01.04.001 охватывает бассейн р. Чулым от истока до г. Ачинск. Участок расположен в Республике Хакасия и Красноярском крае, его площадь составляет 34,2 тыс. км2. От расчетного створа на р. Чулым ниже г. Ачинск (т.13044) граница водохозяйственного участка 13.01.04.001 извилисто следует на юго-восток, проходя по водоразделам рр. Чулым, Бол. Черная, Балахтон, Сыр и достигает т.389 схождения границ водохозяйственных участков 13.01.04.001, 13.01.04.002 (Чулым от г. Ачинск до в/п с.Зырянское) и 17.01.03.003 (Енисей от впадения р. Абакан до Красноярского г/у). Далее граница следует в юго-западном направлении по Батеневскому кряжу по водоразделу бассейнов Оби и Енисея, пересекая границу между Красноярским краем и Республикой Хакасия (т.390), затем проходит т.17006 схождения границ водохозяйственных участков 13.01.04.001, 17.01.03.002 (Енисей от Саяно-Шушенского г/у до впадения р. Абакан) и 17.01.03.003, поднимается на хребет Кузнецкий Алатау и проходит через точку т.391 схождения границ водохозяйственных участков 13.01.03.002 (Томь от истока до г. Новокузнецк без р. Кондома), 13.01.04.001 и 17.01.03.002. Абсолютные высоты возрастают до 1400 м. Преобладают темнохвойные южнотаежные леса и сосняки. В долине р. Чулым тайга сменяется подтаежными березовыми и парковыми березово- осиновыми лесами. От этой т.391 граница следует по гребню Кузнецкого Алатау в северо-западном направлении, пересекает границу между Кемеровской областью и Республикой Хакасия (т.434), и далее, следуя по этой границе, проходит т.13039 схождения границ водохозяйственных участков 13.01.03.002, 13.01.03.003 (Томь от г. Новокузнецк до г. Кемерово) и 13.01.04.001, снова пересекает границу между Кемеровской областью и Республикой Хакасия в т.433, проходит т.13043 схождения границ водохозяйственных участков 13.01.03.003, 13.01.04.001 и 13.01.04.002, от которой по водоразделу рр. Урюп и Кия следует в северном направлении, постепенно спускается с Кузнецкого Алатау, пересекает границу между Кемеровской областью и Красноярским краем (т.13045), после чего в восточном направлении замыкается в начальной точке. Здесь развиты ландшафты южной тайги с островами лесостепей."""
"""Чулым от в/п с.Зырянское до устья""","""Водохозяйственный участок 13.01.03.004 охватывает бассейн р. Чулым от в/п с. Зырас до устья. Участок расположен в Кемеровской области, Красноярском крае и Республике Хакасия, его площадь составляет 41,5 тыс. км2. От расчетного створа впадения р. Чулым в Обь (т.425) граница водохозяйственного участка 13.01.04.003 следует на север до т.435 схождения границ водохозяйственных участков 13.01.04.003, 13.01.05.001 (Обь от впадения р. Чулым до впадения р. Кеть) и 13.01.06.001 (Кеть), затем поворачивает на восток, проходит по водоразделу рр. Улуюл и притоков р. Кеть, пересекает границу между Томской областью и Красноярским краем в т.436 схождения границ водохозяйственных участков 13.01.04.002 (Чулым от г. Ачинск до в/п с. Зырянское), 13.01.04.003 и 13.01.06.001, затем поворачивает на юго-запад, проходит по водоразделу рр. Чулым и Чичкаюл, пересекает р. Чулым в т.13046 ниже в/п с. Зырянка, затем границу между Томской и Кемеровской областями в т.13047, проходит по водоразделам рр. Алчадат, Яя, Песчанка и Туендат дот.13042 схождения границ водохозяйственных участков 13.01.03.003 (Томь от г. Новокузнецк до г. Кемерово), 13.01.04.002 и 13.01.04.003, поворачивает на северо-запад, проходит через т.13041 схождения границ водохозяйственных участков 13.01.03.003, 13.01.03.004 (Томь от г. Кемерово до устья) и 13.01.04.003, затем на водоразделе рр. Тутояковка и Китат вновь пересекает границу между Томской и Кемеровской областями в т.432, проходит по Чулымской равнине т.426 схождения границ водохозяйственных участков 13.01.02.007, 13.01.03.004 и 13.01.04.003 и замыкается в начальной точке. Рельеф обусловлен низменной слабо дренированной область Чулымской равнины. Преобладают среднетаежные ландшафты с грядово-мочажинными и древесно-травяно-моховыми болотами."""
"""Дон от г. Задонск до г. Лиски без рр. Воронеж (от истока до Воронежского г/у) и Тихая Сосна""","""Водохозяйственный участок 05.01.01.008 включает часть бассейна р. Дон на территории Воронежской и Липецкой областей с замыкающим створом на р. Дон ниже г. Лиски (т.5040). Площадь водохозяйственного участка составляет 12.6 тыс. км2. От точки замыкающего створа граница участка следует на запад до т.5034, где сходятся границы водохозяйственных участков 05.01.01.007 (Тихая Сосна), 05.01.01.008 и 05.01.01.010 (Дон от г. Лиски до г. Павловск без р. Битюг), затем к северу от этой точки проходит т.5033 – точку вместе впадения р. Тихая Сосна в р. Дон, и далее поворачивает на запад до границы Воронежской и Белгородской областей, которую пересекает в т.5039. В западном направлении граница участка продолжается по водоразделу рр. Тихая Сосна и Потудань до т.5038 – точки схождения границ водохозяйственных участков 05.01.01.007, 05.01.01.008 и 05.01.04.003 (Осколниже Старооскольского г/у до границы РФ с Украиной), после которой резко уходит на север, проходит т.219, где сходятся границы трех областей – Белгородской, Воронежской и Курской, и в т.220 на границе Курской и Воронежской областей достигает узла схождения границ водохозяйственных участков 05.01.01.008, 05.01.04.003 и 05.01.01.002 (Сосна). Далее граница идет на север по водоразделу р. Олым и правых притоков р. Дон, пересекает границу Курской и Воронежской областей (т.5009), затем Воронежской и Липецкой областей (т.5008), немного отклоняется на северо- восток и восточнее г. Елец приходит в точку 5007 – точку схождения границ водохозяйственных участков 05.01.01.002, 05.01.01.003 (Дон от истока до г. Задонск без рр. Красивая Меча и Сосна) и 05.01.01.008. Здесь граница участка резко поворачивает на юг, проходит через створ на р. Дон (т.5016) и вновь следует на северо-восток к рядом расположенным точкам 5018 и 5027, первая из которых – точка схождения границ водохозяйственных участков 05.01.01.008, 05.01.01.005 (Воронеж от истока до г. Липецк без р. Матыра) и 05.01.01.003, а вторая – точка схождения границ водохозяйственных участков 05.01.01.005, 05.01.01.006 (Воронеж отг. Липецк до Воронежского г/у) и 05.01.01.008. От этой последней точки граница участков 05.01.01.008 и 05.01.01.006 простирается в южном направлении вдоль водораздела рр. Воронеж и Дон, пересекает границу Воронежской и Липецкой областей, доходит до г. Воронеж, южнее которого проходит т.5028 (Воронежский г/у на р. Воронеж). Далее граница поворачивает на восток и у истока р. Хворостань достигает точки схождения границ водохозяйственных участков 05.01.01.006, 05.01.01.008 и 05.01.01.010 – т.5032. В точку замыкающего створа – т.5040 граница участка возвращается по водоразделу рр. Хворостань и Березовка."""
"""Волга от истока до Верхневолжского бейшлота""","""Водохозяйственный участок 08.01.01.001 охватывает самую верхнюю часть бассейна р. Волга от истока до расчетного замыкающего створа Верхневолжский бейшлот – т.8001. Площадь водохозяйственного участка составляет 3,3 тыс. км2. От точки замыкающего створа граница участков 08.01.01.001 и 08.01.01.004 (Волга от Верхневолжского бейшлота до г. Зубцов без р. Вазуза от истока до Зубцовского г/у) простирается на юг к истокам рр. Тюзьма и Тудовка до т.12 – точки схождения границ водохозяйственных участков 08.01.01.001, 08.01.01.004 и 01.02.00.003 (Межа) в верховье р. Межа. От этой точки граница огибает исток р. Жукопа, поворачивает на северо-запад до т.1010, в которой сходятся границы водохозяйственных участков 01.02.00.002 (Западная Двина от истока до впадения р. Межа), 01.02.00.003 и 08.01.01.001. Далее граница вначале вновь принимает северное направление, затем плавно поворачивает на северо-запад к т.11 у оз. Лучанского, где сходятся границы водохозяйственных участков 01.02.00.002, 01.04.02.003 (Ловать от границы с Респ. Беларусь до устья) и 08.01.01.001. В направлении на восток от этой точки граница петляет вдоль административной границы Новгородской и Тверской областей, огибая истоки притоков озерной системы Верхневолжского в-ща, и приходит в т.8002 – точку схождения границ водохозяйственных участков 08.01.01.001, 08.01.01.004 и 01.04.02.003, от которой, простираясь в южном направлении, граница по водоразделу Верхневолжского в-ща и оз. Селигер возвращается к замыкающему створу – т.8001."""
"""Хатанга от истока до устья без р. Попигай""","""Водохозяйственный участок 17.04.04.001 включает бассейн р. Хатанга от слияния Хеты и Котуя до устья (без бассейна р. Попигай). Водохозяйственный участок целиком расположен на территории Таймырского (Долгано-Ненецкого) автономного округа в широкой долине на Северо- Сибирской низменности. Площадь водохозяйственного участка составляет 37,7 тыс. км2. От т.667 в месте впадения р. Хатанга в Хатангский залив моря Лаптевых граница проходит небольшой отрезок на восток до т.17043 схождения границ водохозяйственных участков 17.04.04.002 (Реки бассейна моря Лаптевых от мыса Прончищева до границы между Таймырским (Долгано-Ненецким) а.о. и Респ. Саха (Якутия) без р. Хатанга), 17.04.03.001 (Попигай) и 17.04.04.001 (Хатанга от истока до устья без р. Попигай), затем делает петлю в юго-западном направлении до устья р. Попигай (т.668) и далее проходит при общем юго-восточном направлении по водоразделу бассейнов нижнего течения р. Хатанга и р. Попигай до т.669, следуя вначале по Северо-Сибирской низменности, затем поднимаясь на гряду Хара-Тас. От т.669 схождения границ водохозяйственных участков 17.04.02.001 (Котуй), 17.04.04.001 и 17.04.03.001 граница поворачивает на запад, спускается на Северо-Сибирскую низменность, проходит через точку впадения р. Хета и р. Котуй в р. Хатанга (т.678), одновременно являющуюся точкой схождения границ водохозяйственных участков 17.04.01.001 (Хета), 17.04.02.001 и 17.04.04.001 и подходит к водоразделу (т.662) водохозяйственных участков 17.02.00.001 (Пясина и другие реки бассейна Карского моря от восточной границы бассейна Енисейского залива до западной границы бассейна р. Каменная), 17.04.01.001 и 17.04.04.001. Следуя от т.662 в западном направлении граница участка доходит до т.661 схождения границ водохозяйственных участков 17.02.00.001, 17.03.00.001 (Нижняя Таймыра (вкл. оз. Таймыр) и другие реки бассейна Карского от западной границы бассейна р. Каменная до мыса Прончищева) и 17.04.04.001, затем поворачивает на северо-восток, следуя по Северо-Сибирской низменности, проходит через т.17042 схождения границ водохозяйственных участков 17.03.00.001, 17.04.04.001 и 17.04.04.002, после чего поворачивает на восток к исходной точке в устье р. Хатанга - т.667. Абсолютные высоты от нулевых отметок побережья возрастают до 300 м. На востоке Северо- Сибирской низменности господствует кустарничково-травяная и лишайниково-лиственничная лесотундры. Склоны Хара-Тасской гряды покрыты лиственничными рединами, сменяющимися ерниковыми, мохово-лишайниковыми и кустарничковыми тундрами. Выше 250 м междуречья покрыты горной тундрой."""
"""Анадырь от истока до впадения р.Майн""","""Водохозяйственный участок 19.01.05.001 охватывает бассейн Анадыря от истока до впадения р. Майн и целиком расположен в Чукотском а.о. Площадь водохозяйственного участка составляет 102 тыс. км2. От т.19012 на расчетном створе ниже впадения р. Майн граница простирается в южном направлении по Парапольско-Бельской низменности, проходит через Алганский кряж и поднимается на Майнское плоскогорье к т.826 - точке схождения границ водохозяйственных участков 19.05.00.001 (р. Анадырь от истока до впадения р. Майн),19.05.00.002 (р. Анадырь от впадения р. Майн до устья) и 19.06.00.001 (Бассейны рек Берингова моря от границы бассейна р. Анадырь до северной границы бассейна р. Опука) в верховьях бассейна р. Ламутская, затем по водоразделу бассейнов рек Ваеги и Великая граница подходит к т.827 (пересечение границы между Корякским и Чукотским а.о.) - точка схождения границ водохозяйственных участков 19.05.00.001, 19.06.00.001 и 19.06.00.002 (Бассейны рек Берингова моря от северной границы бассейна р. Опука до южной границы бассейна р. Вывенка) и далее проходит по этой административной границе, выходит на Корякское нагорье в т.828 - схождения границ водохозяйственных участков 19.09.00.001 (Пенжина), 19.05.00.001 и 19.06.00.002 на границе между Чукотским и Корякским а.о. Абсолютные высоты местности (за исключением Парапольско-Бельской низменности) колеблются от 500 до 1800 м. Низменные участки покрыты осоково-пушицевыми кочкарниками и участками осоково-злаковых лужаек. По мере роста абсолютных высот значительную роль играют светлохвойные горные леса, «кедротундра» (заросли кедрового стланика) и пятнистая тундра. От т.828 граница водохозяйственного участка до т.791 следует вблизи административной границы между Корякским и Чукотским автономными округами. От т.828 граница простирается в северо-западном направлении по водоразделу бассейнов рек Майн на северо-востоке и Пальматкина и Черная на юго-западе, проходит через т.19013 у истоков р. Черная и, следуя в том же направлении по водоразделу рек Травка, Еропол и Пенжина подходит к т.791 на схождении границ водохозяйственных участков 19.01.02.001 (Омолон), 19.05.00.001 и 19.09.00.001 в точке пересечения с административной границей между Корякским и Чукотским а.о. Далее граница поворачивает на север, проходит через т.790 схождения границ водохозяйственных участков 19.01.02.001, 19.01.03.001 (Анюй, включая реки Большой и Малый Анюй) и 19.05.00.001 на водоразделе р. Алучин и Яблон, поворачивает на северо-восток, разделяя бассейны рек Яблон, Мечкерева и Алучин и Бол.Анюй (т.789) - водораздел бассейнов р. Мечкерева и Бол.Анюй и следует к верховьям бассейна р. Мал.Анюй на Анадырском плоскогорье в т.788 схождения границ водохозяйственных участков 19.01.03.001, 19.05.00.001 и 19.05.00.002. От этой точки граница поворачивает на юг, следует по Анадырскому плоскогорью и замыкается в т.19012 на Парапольско-Бельской низменности."""
"""Витим от г. Бодайбо до устья без р.Мамакан (от истока до Мамаканской ГЭС)""","""Водохозяйственный участок 18.03.02.005 охватывает территорию бассейна р. Витим без р. Мамакан до Мамаканской ГЭС расположен в Иркутской области, Респ. Бурятия и Респ. Саха (Якутия). Площадь водохозяйственного участка составляет 29,7 тыс. км2. От водораздельной т.725 - точки впадения р. Витим в р. Лена на схождении границ водохозяйственных участков 18.03.01.004 (Мамакан от истока до створа Мамаканской ГЭС), 18.03.02.005 и 18.03.03.001 (Нюя) граница следует в восточном направлении, пересекает в т.729 административную границу между Иркутской областью и Республикой Саха (Якутия), поворачивает на юго-восток, выходит на Патомское нагорье к точке схождения границ водохозяйственных участков 18.03.02.003 (Витим от в/п с. Спицино до г. Бодайбо), 18.03.02.005 и 18.03.03.001 - т.18025, поворачивает на юг к т.18024 на р. Витим ниже г. Бодайбо. На этом отрезке граница разделяет бассейны рек (с запада) Витим и (с востока) Бол. Патом. От т.18024 граница водохозяйственного участка делает петлю в западном направлении, затем следует на юг к т.18028 схождения границ водохозяйственных участков 18.03.02.004, 18.03.02.005 и 16.04.00.001 на границе между Иркутской областью и Республикой Бурятия. Затем граница поворачивает на юго-запад, проходит по Верхнеангарскому хребту до водораздела (т.603) водохозяйственных участков 18.03.01.004 (Лена от г. Киренск до впадения р. Витим), 18.03.02.005 и 16.04.00.001, поворачивает на северо-восток, проходит по Северо-Байкальскому нагорью через т.727 пересечения с границей между Иркутской областью и Республикой Бурятия. на водоразделе рек Бол.Чуя и Мама, пересекает в т.726 границу между Иркутской областью и Республикой Саха (Якутия) и замыкает границу водохозяйственного участка в т.725. Граница разделяет бассейны рек (с севера и востока) Мамакан, Конкудера, Мама и (с юга и запада) Верх.Ангара, Бол.Чуя, Мал.Чуя и Чуя. На территории распространены ландшафты Северо-Байкальской провинции зоны тайги. Среднегорная лиственничная тайга на высоте 1200 1300 м сменяется лиственничным или кедровым редколесьем, далее следует гольцовый пояс с разреженным растительным покровом."""
"""Сулак от истока до Чиркейского г/у""","""Сулак образуется слиянием рек Аварское Койсу и Андийское Койсу. Сначала течёт в Главном Сулакском каньоне (глубина 700—1500 м), затем в Ахетлинском ущелье, Чиркейском расширении и Малом Сулакском каньоне, далее в широкой долине, при впадении в Каспийское море образует дельту. Водохозяйственный участок 07.03.00.001 охватывает верховья бассейна р. Сулак от истока до створа Чиркейского гидроузла. Участок расположен в Республике Дагестан, его площадь составляет 12 тыс. км2. От расчетного створа Чиркейского гидроузла (т.7066) граница водохозяйственного участка 07.03.00.001 следует на юго-восток, проходя т.7062 схождения границ водохозяйственных участков 07.03.00.001, 07.03.00.002 (Сулак от Чиркейского г/у до устья) и 07.03.00.003 (Бассейны рек Каспийского моря от границы бассейна р. Сулак до границы бассейна р. Самур), затем следует по водоразделам рр. Аварское Койсу, Шураозень, Казикумукское Койсу, Накхер, Гамриозень и Дорголакотты, Хунних и Умлучай до т.7068 схождения границ водохозяйственных участков 07.02.00.001, 07.02.00.003 и 07.02.00.004 (Самур) в верховьях р. Гюльгерычай. От этой точки граница следует на запад, обходя верховья р. Самур, до т.7069 примыкания к Государственной границе РФ с Азербайджаном границы с водохозяйственным участком 07.03.00.004. Далее граница водохозяйственного участка следует вдоль Государственной границы РФ, в верховьях р. Аварское Койсу проходит т.260 схождения Государственных границ РФ, Грузии и Азербайджана, и далее до т.254 примыкания к Государственной границе РФ с Грузией границы с водохозяйственным участком 07.02.00.012 (Сунжа от г. Грозный до впадения р. Аргун) и границы между Чеченской Республикой и Республикой Дагестан. От этой точки граница поворачивает на северо-восток и проходит по водоразделу бассейнов рек Сулак и Шароаргун к т.7059 схождения границ водохозяйственных участков 07.02.00.012, 07.02.00.013 (Сунжа от впадения р. Аргун до устья) и 07.03.00.001 по границе между Чеченской Республикой и Республикой Дагестан, затем проходит т.7062 схождения границ водохозяйственных участков 07.02.00.013, 07.03.00.001 и 07.03.00.002 и замыкается в начальной точке. Абсолютные отметки колеблются от 350 м в районе Чиркейской ГЭС до 4200 м на хребтах Большого Кавказа. Участок следования границы характеризуется большой вертикальной и горизонтальной расчлененностью территории. Здесь распространены горные ландшафты, отличающиеся сложной структурой высотной поясности, значительные площади занимают осыпные и скальные участки, практически лишенные растительного покрова, а также снежники и ледники."""
Тюнг,"""Водохозяйственный участок 18.03.08.005 охватывает территорию бассейна р. Тюнг от истока до устья, расположен целиком в Респ. Саха (Якутия). Площадь водохозяйственного участка составляет 49,8 тыс. км2. От т.18085 впадения р. Тюнг в р. Вилюй граница следует на северо-запад по Центрально якутской равнине к точке схождения границ водохозяйственных участков 18.03.08.004 (Марха), 18.03.08.005 и 18.03.08.006 (Вилюй от впадения р. Марха до устья без р. Тюнг) - т.18084, далее выходит на Среднесибирское плоскогорье, проходит через т.18083 схождения границ водохозяйственных участков 18.03.08.004, 18.03.08.005 и 18.03.09.001 (Лена от впадения р. Вилюй до в/п ГМС Джарджан), поворачивает на восток, проходит по водоразделу р. Чимкидян и Мунакан (т.754), поворачивает на юго-восток, выходит на водораздел рр. Тюнг и Линде (т.755), снова выходит на Центральноякутскую равнину, проходит через т.18086 схождения границ водохозяйственных участков 18.03.08.005, 18.03.08.006 и 18.03.09.001 и поворачивает на юг к начальной т.18085. Абсолютные высоты местности составляют 50-450 м. Растительный покров относится к подзоне северной тайги и северной полосе средней тайги. В основном это лиственничные леса, перемежающиеся с луговыми пространствами."""
"""Верховья р. Алей до Гилевского г/у""","""Водохозяйственный участок 13.01.02.001 охватывает бассейн р. Алей от истока до Гилевского гидроузла. Участок расположен в Алтайском крае на границе РФ с Казахстаном, его площадь составляет 2,8 тыс. км2. От расчетного створа Гилевского гидроузла (т.13008) граница следует на север, проходит т.13009 схождения границ водохозяйственных участков 13.01.02.001, 13.01.02.002 (Алей от Гилевского г/у до устья) и 13.01.02.003 (Обь от начала реки в месте слияния рр. Бия и Катунь до г. Барнаул без р. Алей), поворачивает на юго-восток и в т.13010 примыкает к Государственной границе РФ с Казахстаном на границе с водохозяйственным участком 13.01.02.003. От этой точки граница следует вдоль Государственной границы на запад (проходя т.401 в верховьях р. Алей) до т.13011 примыкания к ней границы с водохозяйственным участком 13.01.02.002, после чего в северном направлении замыкается в начальной точке. Преобладающие высоты местности находятся в пределах 300 – 900 м. Развиты темнохвойные горные леса южно-сибирского типа."""
"""Реки бассейна Черного моря от мыса Панагия до восточной границы р. Джанхот""","""Водохозяйственный участок 06.03.00.001 охватывает реки бассейна Черного моря от мыса Панагия до восточной границы р. Джанхот (западная граница бассейна р. Пшада). Территория водохозяйственного участка полностью расположена в Краснодарском крае. Площадь участка составляет 2,7 тыс. км2. От т.242 на мысе Панагия граница водохозяйственного участка 06.03.00.001 с водохозяйственным участком 06.02.00.021 (Кубань от Тиховского г/у до устья и другие реки бассейна Азовского моря в дельте р. Кубань) простирается на восток, огибает Кизилташский и Витязевский лиманы, проходит т.6073 (схождение границ водохозяйственных участков 06.02.00.021, 06.02.00.020 - Варнавинский сбросной канал и 06.03.00.001) и т.6071 (схождение границ водохозяйственных участков 06.02.00.019 - водные объекты бассейна Варнавинского в-ща, 06.02.00.020 и 06.03.00.001) и по отрогам хребтов Большого Кавказа выходит к т.6070 - схождение границ водохозяйственных участков 06.02.00.019, 06.03.00.002 (реки бассейна Черного моря от западной границы бассейна р. Пшададо восточной границы р. Дедеркай) и 06.03.00.001. Отсюда граница участка спускается к побережью Черного моря по водоразделу бассейнов рек Джанхот и Пшада (т.6075) и далее проходит по берегу Черного моря в северо-западном направлении до исходной точки т.242. На этом отрезке граница выходит к Таманскому полуострову, рельеф которого равнинный с заболоченными берегами, лиманами. В ландшафтной структуре территории на фоне господства степей присутствуют почти повсеместно гидроморфные комплексы."""
"""Алдан от в/п г. Томмот до впадения р.Учур""","""Водохозяйственный участок 18.03.06.002 охватывает территорию бассейна р. Алдан от г. Томмот до впадение р. Учур (в/п Чагда) и расположен в Респ. Саха (Якутия). Площадь водохозяйственного участка составляет 65,5 тыс. км2. От т.18054 в расчетном створе в месте впадения р. Учур на водоразделе водохозяйственных участков 18.03.06.002 (Чара), 18.03.06.003 (Учур) и 18.03.06.004 (Алдан от впадения р. Учур до впадения р. Мая) граница плавно поворачивает на юго-запад, поднимается на Алдано-Учурский хр. к т.18056 на водоразделе рр. Ломам и Сеймде, подходит к административной границе между Амурской обл. и Республикой Саха (Якутия), проходит через т.18057 схождения границ водохозяйственных участков 18.03.06.002, 18.03.06.003 и 20.03.04.002 (Зея от Зейского г/у до впадения р. Селемджа), затем пересекает административную границу между Амурской областью и Республикой Саха (Якутия) в т.717, где сходятся границы водохозяйственных участков 20.03.04.002, 18.03.04.001 (Олекма от истока до в/п с. Усть-Нюкжа) и 18.03.06.002. Граница разделяет верховья рек Улахан-Селигир, Улахан Дюнюкян, Дялтулах, Улахан Тораканда, Мамулай, Сеймде, Нельгюу, Аччыгый, Улахан Мёлёнкён, Горбыллах бассейна р. Тимитон и рек Мёгюскян, Сеймде, Ыалбын, Лапу, Или, Мусс-Оннюе, Гыным, Усмун, Гувилгра, Токорикан бассейна Учура. От т.717 граница следует на северо-запад вдоль административной границы между Амурской областью и Республикой Саха (Якутия) до т.18038 схождения границ водохозяйственных участков 18.03.04.001, 18.03.06.001 и 18.03.06.002, поворачивает на северо-восток, пересекает хр. Зверева, затем хр. Западные Янги, делает петлю в юго-западном направлении и выходит на водораздел рр. Большой Нимныр и Лыппахай к т.18051. Затем граница пересекает хр. Томмотская гряда и выходит на плато к точке пересечения р. Алдан границы с водохозяйственным участком 18.03.06.001 ниже г. Томмот (т.18050), поворачивает на восток, проходит через т.18053 схождения границ водохозяйственных участков 18.03.04.001, 18.03.06.002 и 18.03.06.008 (Амга), затем через т.18058 на водоразделе водохозяйственных участков 18.03.06.002, 18.03.06.004 и 18.03.06.008 и замыкается в исходной т.18054. Граница разделяет верховья рек бассейна Алдана и бассейна Тимптона. Абсолютные высоты составляют 1200-2700 м, на севере водохозяйственного участка они снижаются до 500-600 м. В горах преобладает однообразная тайга из даурской лиственницы, наиболее высокие склоны покрыты подгольцовым редколесьем, а местами и каменистой тундрой. На равнине господствуют среднетаежные ландшафты."""
"""Бессточная территория между бассейнами рек Обь, Енисей и границей РФ с Монголией""","""Водохозяйственный участок 13.01.01.200 охватывает реки российской части бассейнов озер Ачит-Нур и Урег-Нур, находящихся на территории Монголии. Участок расположен на территории Республики Тыва, его площадь составляет 3,7 тыс. км2. От т.395 схождения границ водохозяйственных участков 13.01.01.001 (Бассейн оз. Телецкое), 13.01.01.200 и 17.01.03.001 (Енисей от истока до Саяно-Шушенского г/у) в верховьях р. Чульмшан на границе между Республиками Алтай и Тыва граница водохозяйственного участка 13.01.01.200 следует на юго-восток по северо-восточному водоразделу бассейна р. Каргы до Государственной границы РФ с Монголией (т.396), затем поворачивает на юго-запад и идет по Государственной границе до т.397, где она пересекает русло р. Бух-Мурэн-Гол (бассейн оз. Ачит-Нур), и далее простирается до т.13059, где к Государственной границе примыкает административная граница между Республиками Алтай и Тыва. В этой точке граница участка отходит от Государственной границы РФ с Монголией в северном направлении и следует по этой административной границе между Республиками Алтай и Тыва до исходной точки участка, по пути проходя т.13003 схождения границ водохозяйственных участков 13.01.01.001, 13.01.01.003 (Катунь) и 13.01.01.200. Абсолютная высота местности этого горного участка местами составляет более 3000 м. Лесные сообщества представлены березовыми и парковыми березово-осиновыми лесами. В горах по мере подъема в смене ландшафтов проявляется высотная поясность. Горная тайга покрывает склоны до высоты 2000-2200 м. В расположенном выше альпийском поясе доминируют заросли низкорослых кустарников, субальпийские и альпийские луга, выше 3000 м отчетливо выражен нивальный пояс, в котором горные тундры, лишенные растительности осыпи и скалы чередуются со снежными полями и ледниками."""
"""Кубань от г.Усть-Лабинск до Краснодарского г/у без рр. Белая и Пшиш""","""Водохозяйственный участок 06.02.00.013 охватывает часть бассейна р. Кубань от г. Усть-Лабинск до гидроузла Краснодарского водохранилища без притоков рр. Белая и Пшиш. Территория водохозяйственного участка расположена в Краснодарском крае и Республике Адыгея. Площадь участка составляет 3,65 тыс. км2. Расчетный створ участка расположен в т.6048 на границе с водохозяйственным участком 06.02.00.014 (Кубань от Краснодарского г/у до впадения р. Афипс). От расчетного створа граница участка простирается на север до границы бассейна р. Понура (т.227 – схождение границ водохозяйственных участков 06.02.00.014 - Кубань от Краснодарского г/у до впадения р. Афипс, 06.02.00.013 и 06.01.00.003 – Кирпили) на водоразделе вблизи Краснодарского в-ща. Затем граница участка следует в северо-восточном направлении параллельно ложу Краснодарского водохранилища до т.6007 схождения границ водохозяйственных участков 06.02.00.013, 06.01.00.003 и 06.02.00.010 (Кубань от г. Армавир до г. Усть-Лабинск без р. Лаба). В этой точке граница участка поворачивает на юг, пересекает р. Кубань у г. Усть-Лабинск (т.6037) и следует до т.6039 схождения границ водохозяйственных участков 06.02.00.009 (Лаба от впадения р. Чамлык до устья), 06.02.00.011 (Белая) и 06.02.00.013. Далее граница оконтуривает ложе Краснодарского водохранилища, проходя устья р. Белая (т.6042) и р. Пшиш (т.6045), затем по водоразделу бассейна р. Пшиш уходит на юг в горную часть участка до т.6046 (схождение границ водохозяйственных участков 06.02.00.012 (Пшиш), 06.02.00.013 и 06.03.00.002 (Реки бассейна Черного моря от западной границы бассейна р. Пшада до восточной границы р. Дедеркай), по пути пересекая административную границу между Краснодарским краем и Республикой Адыгея (т.6047). От т.6046 граница участка следует по отрогам хребтов Кавказа на северо-запад, разделяя бассейны рек Черного моря (т.237 – р. Исекупс, т.6052 – р. Шапсухо) и бассейна Кубани (р. Псекупс), до т.6050 схождения границ водохозяйственных участков 06.02.00.015 (Афипс, в том числе Шапсугское в-ще), 06.02.00.013 и 06.03.00.002, после чего поворачивает на север и устремляется к плотине Краснодарского гидроузла (расчетный створ), на пути проходя точку границы с водохозяйственным участком 06.02.00.014 (т.6051) и пересечения с административной границей между Краснодарским краем и Республикой Адыгея (т.6053)."""
Болва,"""Водохозяйственный участок 04.01.00.009 включает бассейн р. Болва от истока до впадения в р. Десна в т.4031. Площадь водохозяйственного участка составляет 4.34 тыс. км2. От расчетного створа участка граница следует на север по водоразделу рр. Болва и Десна до т.4032, в которой пересекает административную границу Брянской и Калужской областей, затем, отклоняясь немного на северо-запад, достигает истока р. Болва в т.4033, где сходятся границы водохозяйственных участков 04.01.00.010 (Десна от г/у Смоленской АЭС до г. Брянск без р. Болва), 04.01.00.009 и 09.01.01.004 (Угра). Здесь граница поворачивает сначала на восток, а у истока р. Неручь на юго-восток и проходит в т.9018 – точку схождения границ водохозяйственных участков 09.01.01.004, 09.01.01.005 (Ока отг. Белев до г. Калуга без рр. Упа и Угра) и 04.01.00.009. От этой точки, отклонившись в южном направлении, граница участка идет по водоразделу бассейнов рек Десна и Рессета до т.4035, перед которой пересекает границу Брянской и Калужской областей в т.162.В т.4035 сходятся границы водохозяйственных участков 04.01.00.010, 04.01.00.009 и 09.01.01.005, а далее граница поворачивает на юго-запад и возвращается к замыкающему створу на р. Десне у г. Брянск в т.4031."""
"""Селенга от границы РФ с Монголией до г. Улан-Удэ без рр.Джида, Чикой, Хилок, Уда""","""Водохозяйственный участок 16.03.00.005 охватывает часть бассейна р. Селенга - главного притока оз. Байкал от границы РФ с Монголией до г. Улан-Удэ (без рр. Джида, Чикой, Хилок, Уда). Селенга берет начало в МНР, от слияния рек Идэра и Мурэн, стекающих с северного склона нагорья Хингай и восточного склона хребта Улан-Тайга. Водохозяйственный участок расположен на территории Республики Бурятия. Площадь водохозяйственного участка составляет 16 тыс. км2. В соответствии с Реестром опорных точек описание границы водохозяйственного участка 16.03.00.005 начинается от т.16061, расположенной на р. Селенге у г. Улан-Удэ. От этой точки граница проходит короткий отрезок в северо-восточном направлении к точке схождения границ водохозяйственных участков 16.03.00.004 (Уда), 16.03.00.005 и 16.03.00.006 (Селенга от г. Улан-Удэ до устья) – т.16060 на хребте Улан-Бургасы, поворачивает на юг, проходит устье р. Уда (т.16056), поднимается на гребень хребта Цаган-Дабан к водоразделу водохозяйственных участков 16.03.00.003 (Хилок), 16.03.00.004 и 16.03.00.005 – т.16054. Здесь граница поворачивает на запад-юго-запад по хребту Цаган-Дабан, далее проходит устье р. Хилок (т.16053), уходит на юго-запад к точке схождения границ (т.16048) водохозяйственных участков 16.03.00.002 (Чикой), 16.03.00.003 и 16.03.00.005, проходит устье р. Чикой (т.16047) и подходит в т.16052 к Государственной границе РФ с Монголией. Далее до т.16046 граница водохозяйственного участка идет в западном направлении, совпадая с Государственной границей РФ с Монголией и пересекая в т.600 р. Селенга (трансграничный водоток). В т.16046 граница водохозяйственного участка поворачивает на северо-восток, проходит устье р. Джида (т.16045), далее в т.16043 водораздел водохозяйственных участков 16.02.00.001 (Бассейны рек южной части оз. Байкал в междуречье рек Селенга и Ангара), 16.03.00.001 и 16.03.00.005, в т.16059 водораздел водохозяйственных участков 16.02.00.001, 16.03.00.006 и 16.03.00.005 и следует к точке замыкания - т.16061. В ландшафтной структуре территории преобладают бореальные лиственничные и лиственнично-кедровые леса, на наиболее высоких участках сменяющиеся горнолиственничными редколесьями."""
Кальмиус,"""Водохозяйственный участок 05.01.05.012 охватывает бассейн р. Кальмиус от истока до впадения в Азовское море. Площадь водохозяйственного участка составляет 5.07 тыс. км2. От т. 940, где сходятся границы водохозяйственных участков 04.01.00.017, 05.01.05.013 и 05.01.05.012, граница между Донским и Днепровским бассейновыми округами следует до точки т.5144 – границы между водохозяйственными участками 05.01.04.008 и 05.01.05.012. От этой точки граница следует на восток до схождения границы водохозяйственных участков 05.01.04.008, 05.01.05.012 и 05.01.05.010 (т.5143) и затем возвращается в точку т.940."""
"""Сызранка от истока до г.Сызрань (выше города)""","""Водохозяйственный участок 11.01.00.013 включает бассейн р. Сызранка от истока до замыкающего створа в устье (выше г. Сызрань) – т.11042. Почти вся территория участка расположена в пределах Ульяновской обл., а его площадь составляет 4,9 тыс. км2. От т.11042 граница участков 11.01.00.013 и 11.01.00.015 (Волга от Куйбышевского г/у до Саратовского г/у (Саратовское в-ще) без рр. Сок, Чапаевка, Мал.Иргиз, Самара и Сызранка) направляется к западу по водоразделу рр. Сызранка и Кубра, пересекает административную границу между Самарской и Ульяновской областями и приходит в точку (11043) пересечения границ участков 11.01.00.013, 11.01.00.015 и 11.01.00.019 (Терешка). Разделяя участки 11.01.00.013 и 11.01.00.019, граница, практически не меняя направления, достигает т.11044, где сходятся границы водохозяйственных участков 11.01.00.013, 11.01.00.019 и 08.01.05.001 (Сура от истока до Сурского г/у). Отсюда, разделяя бассейны рр. Кадада и Канадейка, граница участка идет к северо- западу, дважды (тт.269 и 268) пересекает административную границу между Ульяновской и Пензенской областями (в верховьях р. Канадейка) и направляется к истоку р. Сура в т.8066, где стыкуются территории участков 11.01.00.013, 08.01.05.001 и 08.01.05.003 (Сура от Сурского г/у до устья р. Алатырь). Огибая верховья р. Сызранки, граница проходит через точку 267 (точка схождения границ водохозяйственных участков 11.01.00.013, 08.01.05.003 и 08.01.04.005 – Свияга от истока до с. Альшеево), оставляет с севера верховья р. Свияга и продолжается к востоку до т.11017 (точка схождения границ участков 11.01.00.013, 08.01.04.005 и 11.01.00.005 – Куйбышевское в-ще от пгт. Камское устье до Куйбышевского г/у без р. Бол.Черемшан). От т.11017 граница уходит на юго- восток по водоразделу р. Томышевка (левый приток р. Сызранка) и рр. Уса и Тишерек (притоки Волги выше г. Сызрань). Этот участок границы пересекает в т.11045 (верховья р. Уса) административную границу Ульяновской и Самарской обл. и, не меняя направления, достигает т.11016, где сходятся границы водохозяйственных участков 11.01.00.013, 11.01.00.005 и 11.01.00.015. Далее граница, плавно огибая бассейн р. Крымза, замыкается в расчетном створе в устье (т.11042)."""
"""Дон от истока до г. Задонск без рр. Красивая Меча и Сосна""","""Водохозяйственный участок 05.01.01.003 включает часть бассейна р. Дон с замыкающим расчетным створом у г. Задонск (т.5016). Площадь водохозяйственного участка составляет 7.7 тыс. км2. От точки замыкающего створа граница участка следует сначала на север дот.5007, в которой сходятся границы водохозяйственных участков 05.01.01.002 (Сосна), 05.01.01.003 и 05.01.01.008 (Дон от г. Задонск до г. Лиски без рр. Воронеж (от истока до Воронежского г/у) и Тихая Сосна), затем на восток до т.5006, которой отмечено впадение р. Сосна в р. Дон. От этой точки граница участка идет вновь на север, а в т.5002 – точке схождения границ водохозяйственных участков 05.01.01.001 (Красивая Меча), 05.01.01.002 и 05.01.01.003, опять поворачивает на восток до устья р. Красивая Меча (т.5001). Затем следует очередной поворот границы на север, далее по водоразделу рр. Птань и Вязовка и плавном отклонении на северо-запад граница участка пересекает административную границу Тульской и Липецкой областей (т.5005) и теперь уже в западном направлении достигает т.5004 – точки схождения границ водохозяйственных участков 05.01.01.001, 05.01.01.003 и 09.01.01.003 (Упа). Здесь граница уходит сначала на северо-восток до т.9015 на водоразделе рр. Уперта и Дон, затем на север до г. Новомосковск, вблизи которого в т.9014 сходятся границы водохозяйственных участков 09.01.01.003, 09.01.01.021 (Проня) и 05.01.01.003. Затем граница меняет направление на юго-западное, пересекает административную границу сначала Тульской и Рязанской областей (т.178), потом Рязанской и Липецкой областей (т.179) и в верховьях р. Ранова приходит в т.5017 – точку схождения границ водохозяйственных участков 09.01.01.021, 05.01.01.005 (Воронеж от истока до г. Липецк без р. Матыра) и 05.01.01.003. От этой точки граница следует на юг по водоразделу рр. Дон и Воронеж до т.5018 – точки схождения границ водохозяйственных участков 05.01.01.008, 05.01.01.005 и 05.01.01.003, и, отклонившись на юго-запад, достигает замыкающего створа в т.5016."""
"""Ангара от Усть-Илимского г/у до Богучанского г/у""","""Водохозяйственный участок 16.01.03.002 охватывает бассейн Ангары между створами Усть- Илимского и Богучанского гидроузлов. На этом участке Ангара меняет направление течения с меридионального на широтное. Здесь Ангара принимает крупный левый приток – р. Кова. Водохозяйственный участок расположен на территории Иркутской области, Красноярского края и Эвенкийского автономного округа. Площадь водохозяйственного участка составляет 51 тыс. км2. В соответствии с Реестром опорных точек описание границы водохозяйственного участка 16.01.03.002 начинается с т.16039, расположенной в створе Богучанского гидроузла на р. Ангара на границе с водохозяйственным участком 16.01.03.003 (Ангара от Богучанского г/у до устья без р. Тасеева). Отсюда граница идет в северо-восточном направлении по южной части Центрально-Тунгусского плато до точки схождения границ водохозяйственных участков 16.01.03.002, 16.01.03.003 и 17.01.05.001 (Подкаменная Тунгуска от истока до впадения р. Чуня) – т.16040 на границе Красноярского края и Эвенкийского автономного округа. Здесь граница водохозяйственного участка поворачивает на юго-восток и до т.563 практически совпадает с административной границей Эвенкийского автономного округа и Красноярского края, далее пересекает эту административную границу в т.564, .опять идет близко к административной границе Эвенкийского автономного округа и Красноярского края до т.565, пересекает ее в т.566, поворачивает на юг и выходит на Ангарский кряж к водоразделу водохозяйственных участков 16.01.03.001 (Ангара от Братского г/у до Усть-Илимского г/у), 16.01.03.002 и 17.01.05.001 (т.16038). Отсюда граница поворачивает на запад, спускается с Ангарского кряжа, пересекает Ангару в створе Усть-Илимского гидроузла на р. Ангара (т.16037), огибая верховья р. Бадарма (16.01.03.001), поворачивает на юго-запад и по Ковинскому кряжу идет до точки схождения границ водохозяйственных участков 16.01.02.001 (Чуна), 16.01.03.002 и 16.01.03.001 – т.16032. Далее граница поворачивает на север, выходит на Бирюсинское плато, проходит близ истока р. Кова (т.590) к водоразделу водохозяйственных участков 16.01.02.001, 16.01.03.002 и 16.01.03.003 (т.16031), пересекает в т.16041 административную границу между Красноярским краем и Иркутской областью, далее до т.16042 идет близ этой административной границы по восточной части Приангарского плато и замыкается в исходной т.16039. В ландшафтной структуре территории преобладают средне- и южнотаежные сосновые леса с лиственницей, на юге на водоразделах Ковинского хребта в сочетании с темнохвойными горными лесами."""
"""Мокрая Буйвола""","""Водохозяйственный участок 07.01.00.009 полностью охватывает бассейн р. Мокрая Буйвола – левобережного притока р. Кума. Участок расположен в Ставропольском крае, его площадь составляет 2,5 тыс. км2. От расчетного створа на р. Мокрая Буйвола в месте ее впадения в р. Кума (т.7021), где сходятся границы водохозяйственных участков 07.01.00.008 (Кума от г. Зеленокумск до впадения р. Мокрая Буйвола), 07.01.00.009 и 07.01.00.010 (Кума от впадения р. Мокрая Буйвола до устья) граница водохозяйственного участка 07.01.00.009 следует на северо-запад, поднимаясь от Прикумской низменности на северную часть Ставропольской возвышенности, по водоразделу рр. Мокрая Буйвола и Грязнушка до т.7023 схождения границ водохозяйственных участков 07.01.00.008, 07.01.00.009 и 05.01.05.002 (Калаус). От этой точки граница следует на северо-восток по водоразделу рр. Калаус и Сухая Буйвола до т.7005 схождения границ водохозяйственных участков 07.01.00.001 (Восточный Маныч от истока до Чограйского г/у), 07.01.00.009 и 05.01.05.002, далее поворачивает на юго-восток, проходит т.7004 схождения границ водохозяйственных участков 07.01.00.001, 07.01.00.002 (Восточный Маныч от Чограйского г/у до устья), 07.01.00.009 и 07.01.00.010, выходит на Прикумскую низменность, после чего замыкается в начальной точке. На всей территории водохозяйственного участка коренные ландшафты степей в значительной степени распаханы."""
"""Пышма от истока до Белоярского г/у""","""Водохозяйственный участок 14.01.05.020 охватывает бассейн р.Пышма от истока до Белоярского гидроузла. Участок расположен в Свердловской области, его площадь составляет 1,4 тыс. км2. От расчетного створа Белоярского гидроузла (т.14067) граница водохозяйственного участка 14.01.05.020 следует на северо-запад через т.14028 схождения границ водохозяйственных участков 14.01.05.005 (Исеть от истока до г. Екатеринбург), 14.01.05.022 (Пышма от Белоярского г/у до устья без р. Рефт от истока до Рефтинского г/у) и 14.01.05.20, проходит т.14024 схождения границ водохозяйственных участков 14.01.05.005, 14.01.05.006 (Исеть от г. Екатеринбург до впадения р. Теча) и 14.01.05.020, проходит по водоразделу рр. Исеть и Пышма, обходит оз. Исетское и достигает т.14023 схождения границ водохозяйственных участков 14.01.05.005, 14.01.05.020 и 10.01.01.006 (Чусовая от г. Ревда до в/п пгт. Кын). От этой точки граница поворачивает на север и придерживается этого направления движения до т.14058 схождения границ водохозяйственных участков 14.01.05.016 (Нейва от истока до Невьянского г/у), 14.01.05.020 и 10.01.01.006, затем проходит т.14057 схождения границ водохозяйственных участков 14.01.05.016, 14.01.05.017 (Нейва от истока до Невьянского г/у) и 14.01.05.020, делает петлю к т.14060 схождения границ водохозяйственных участков 14.01.05.017, 14.01.05.018 (Реж (без р. Аять от истока до Аятского г/у) и Нейва (от Невьянского г/у) до их слияния) и 14.01.05.020, далее огибает верховья р. Адуй, проходит через т.14063 схождения границ водохозяйственных участков 14.01.05.018, 14.01.05.020 и 14.01.05.021 (Рефт от истока до Рефтинского г/у) и т.14068 схождения границ водохозяйственных участков 14.01.05.020, 14.01.05.012 и 14.01.05.022, после чего замыкается в начальной точке."""
"""Острова в пределах внутренних морских вод и территориального моря РФ, прилегающего к береговой линии гидрографической единицы 17.03.00 (вкл. о-ва архипелага Северная Земля)""","""Водохозяйственный участок 17.03.00.100 включает водные объекты островов в пределах внутренних морских вод и территориального моря РФ, прилегающего к береговой линии гидрографической единицы 17.03.00. Наиболее крупными из островов являются острова архипелага Новая Земля. Площадь островов составляет 39 тыс. км2. Граница водохозяйственного участка проходит по береговой линии островов."""
"""Северский Донец от впадения р.Калитва до устья""","""Водохозяйственный участок 05.01.04.007 включает нижнюю часть бассейна р. Северский Донец до расчетного створа в месте впадения в р. Северский Донец в р. Дон (т.223). Площадь водохозяйственного участка составляет 8.41 тыс. км2. От точки замыкающего створа, в которой сходятся границы водохозяйственных участков 05.01.03.010 (Дон от Цимлянского г/у до впадения р. Северский Донец), 05.01.04.007 и 05.01.05.009 (Дон от впадения р. Северский Донец до устья без рр. Сал и Маныч), граница участка идет на север, плавно отклоняясь на северо-запад и затем на запад вдоль бассейнов р. Кундрючья и бассейнов правых притоков р. Дон до т.5133, где сходятся границы водохозяйственных участков 05.01.05.009, 05.01.05.010 и 05.01.04.007. По этой границе, простираясь на север, граница участка приходит в т.5154, от которой поворачивает на восток и идет до т.5103, где р. Калитва впадает в р. Северский Донец и сходятся границы водохозяйственных участков 05.01.04.005 (Северский Донец от границы РФ с Украиной до впадения р. Калитва), 05.01.04.006 и 05.01.04.007. Далее граница отклоняется на северо-восток, идет по водоразделу рр. Гнилая и Березовая до т.5090, в которой сходятся границы водохозяйственных участков 05.01.03.008, 05.01.04.007 и 05.01.04.006, затем, повернув на юг, у истока р. Гнилая до т.5089 – точки схождения границ водохозяйственных участков 05.01.03.008, 05.01.04.007 и 05.01.03.009 (Дон от г. Калач-на-Дону до Цимлянского г/у (Цимлянское в-ще) без р. Чир). Затем у истока р. Быстрая граница в т.224 приближается к границе Волгоградской и Ростовской областей, отклоняется на юго-запад и, проходя т.5092 – точку схождения границ водохозяйственных участков 05.01.04.007, 05.01.03.009 и 05.01.03.010, достигает замыкающего створа – т.223."""
"""Острова Восточно-Сибирского моря в пределах внутренних морских вод и территориального моря РФ, прилегающего к береговой линии гидрографической единицы 19.02.00 (вкл. о-в Айон)""","""Водохозяйственный участок 19.02.00.100 включает водные объекты островов Восточно- Сибирского моря в пределах внутренних морских вод и территориального моря РФ, прилегающего к береговой линии гидрографической единицы 19.02.00. Наиболее крупным из островов является о-в Айон. Площадь островов составляет 2.1 тыс. км2. Граница водохозяйственного участка проходит по береговой линии островов."""
Ипуть,"""Водохозяйственный участок 04.01.00.007 включает часть бассейна р. Ипуть в пределах Российской Федерации до пересечения р. Ипуть Государственной границы РФ с Республикой Беларусь в т.174. Площадь водохозяйственного участка составляет 9.4 тыс. км2. От расчетного створа т.174 граница участка следует на север вдоль границы с Респ. Беларусь до т.4024 (граница с бассейном р. Беседь), затем отклоняется на северо-восток и стыкуется с границей участка 04.01.00.006 (Беседь) в точках 4023, 4021, 4020, 4019. В т.4018 границей участка пересекается граница областей – Брянской и Смоленской, а в т.4015 она стыкуется с границей участка 04.01.00.005 (Остер) на границе РФ с Респ. Беларусь. Здесь граница уходит на восток по водоразделу рр. Остер и Ипуть, доходит до т.4014 –точки схождения границ водохозяйственных участков 04.01.00.007, 04.01.00.005 и 04.01.00.010 (Десна от г/у Смоленской АЭС до г. Брянск без р. Болва) и пересечения границы Смоленской и Брянской области, от которой поворачивает на юг по водоразделу бассейнов верхних притоков рек Ипуть и Десна. В этом направлении граница проходит т.4025, где сходятся границы водохозяйственных участков 04.01.00.007, 04.01.00.011 (Российская часть бассейна р. Десна ниже г. Брянск) и 04.01.00.010 и на запад от нее на водоразделе рр. Судость и Ипуть - т.4026, где сходятся границы водохозяйственных участков 04.01.00.007, 04.01.00.011 и 04.01.00.014 (Снов). Далее граница участка доходит до границы с Респ. Беларусь (т.4027) и, повернув на север, по Государственной границе РФ замыкает участок в т.174."""
"""Острова Берингова моря в пределах внутренних морских вод и территориального моря РФ, прилегающего к береговой линии гидрографической единицы 19.07.00 (вкл. Командорские о-ва)""","""Водохозяйственный участок 19.07.00.100 включает водные объекты островов Берингова моря в пределах внутренних морских вод и территориального моря РФ, прилегающего к береговой линии гидрографической единицы 19.07.00. Водохозяйственный участок включает также Командорские о-ва. Площадь островов составляет 1.9 тыс. км2. Граница водохозяйственного участка проходит по береговой линии островов."""
"""Острова Белого моря в пределах внутренних морских вод и территориального моря РФ, прилегающего к береговой линии гидрографической единицы 03.03.00""","""Водохозяйственный участок 03.03.00.101 включает водные объекты островов в пределах внутренних морских вод и территориального моря РФ, прилегающего к береговой линии гидрографической единицы 03.03.00. Площадь островов составляет около 0,06 тыс. км2. Граница водохозяйственного участка проходит по береговой линии островов."""
Калитва,"""Водохозяйственный участок 05.01.04.006 включает бассейн р. Калитва до расчетного створа в месте впадения р. Калитва в р. Северский Донец (т.5103). Площадь водохозяйственного участка составляет 10.64 тыс. км2. От точки замыкающего створа, в котором сходятся границы водохозяйственных участков 05.01.04.005 (Северский Донец от границы РФ с Украиной до впадения р. Калитва), 05.01.04.006 и 05.01.04.007 (Северский Донец от впадения р. Калитва до устья), граница участка простирается на север вдоль малоприточной правой части бассейна р. Калитва до т.5054 схождения границ водохозяйственных участков 05.01.04.005, 05.01.04.006 и 05.01.01.012. От этой точки следует резкий поворот границы на юго-восток и после пересечения границы участка с административной границей Воронежской и Ростовской областей у истока р. Чир достигается т.217 – точка схождения границ водохозяйственных участков 05.01.01.012, 05.01.03.008 (Чир) и 05.01.04.006. Вдоль верховьев левых притоков р. Калитвы граница приходит в т.5090 – точку схождения границ водохозяйственных участков 05.01.03.008, 05.01.04.007 и 05.01.04.006, от которой, повернув на юго- запад, по водоразделу рр. Гнилая и Березовая возвращается к замыкающему створу – т.5103."""
"""Острова Карского моря в пределах внутренних морских вод и территориального моря РФ, прилегающего к береговой линии гидрографической единицы 15.02.03 (вкл. о-в Белый)""","""Водохозяйственный участок 15.02.03.100 включает водные объекты островов Карского моря в пределах внутренних морских вод и территориального моря РФ, прилегающего к береговой линии гидрографической единицы 15.02.03. Наиболее крупным из островов является остров Белый. Площадь островов составляет около 1,9 тыс. км2. Граница водохозяйственного участка проходит по береговой линии островов."""
"""Сакмара от истока до впадения р. Большой Ик""","""Водохозяйственный участок 12.01.00.005 охватывает бассейн р. Скамара, стекающей с южных склонов хребта Уралтау, до впадения в нее р. Большой Ик. Территория водохозяйственного участка, площадь которого составляет 10,5 тыс. км2, расположена на поверхности хребта Уралтау и Залаирского плато. От т.12009, в которой в р. Сакмару впадает р. Большой Ик, граница водохозяйственного участка 12.01.00.005 следует в северо-восточном направлении и в т.12006 пересекает границу между Оренбургской обл. и Респ. Башкортостан. Далее, граница проходит по хребту Уралтау до т.12012, в которой сходятся границы водохозяйственных участков 12.01.00.005, 12.01.00.006 (Большой Ик) и 10.01.02.002 (Белая от в/п Арский Камень до Юмагузинского г/у). Далее граница с водохозяйственным участком 10.01.02.002 продолжается, проходя т.324 и т.323, в которой сходятся границы водохозяйственных участков 12.01.00.003 (Урал от Магнитогорского г/у Ириклинского г/у), 12.01.00.005 и 10.01.02.002. От последней точки граница водохозяйственного участка 12.01.00.005 поворачивает на юг и в т.12007 пересекает границу между Оренбургской обл. и Респ. Башкортостан. Далее, проходя точку схождения границ водохозяйственных участков 12.01.00.003, 12.01.00.004 и 12.01.00.005, граница поворачивает на запад и замыкается в начальной точке."""
"""Оскол ниже Старооскольского г/у до границы РФ с Украиной""","""Водохозяйственный участок 05.01.04.003 охватывает часть бассейна р. Оскол до расчетного створа в месте пересечения р. Оскол государственной границы РФ с Украиной (т.5099). Площадь водохозяйственного участка составляет 9,27 тыс. км2. От точки замыкающего створа граница участка идет на северо-запад по границе с Украиной до т.5096 в верховьях р. Волчья, после которой меняет направление на северное и по водоразделу рр. Оскол и Короча доходит сначала до т.4042 – точки схождения границ водохозяйственных участков 04.01.00.012 (Сейм от истока до г. Курск), 05.01.04.003 и 05.01.04.001 (Северский Донец от истока до границы РФ с Украиной без бассейнов рек Оскол и Айдар), затем в этом же направлении до т.4041 – точки схождения границ водохозяйственных участков 04.01.00.012, 05.01.04.003 и 05.01.04.002 (Оскол до Старооскольского г/у). Здесь граница поворачивает на восток, в т.5097 пересекает р. Оскол у Оскольского г/у и границу Курской и Белгородской областей, а в т.5098 проходит узел схождения границ водохозяйственных участков 05.01.01.002 (Сосна), 05.01.04.003 и 05.01.04.002. Далее граница после т.220, где участок переходит из Курской области в Воронежскую, поворачивает на юг, проходит точку 219 - точку схождения границ трех областей – Курской, Воронежской и Белгородской и простирается на юг по водоразделу рр. Оскол и верховьев р. Потудань до т.5038 – точки схождения границ водохозяйственных участков 05.01.01.007 (Тихая Сосна), 05.01.01.008 и 05.01.04.003. От этой точки граница продолжает идти на юг и, огибая верховья р. Тихая Сосна, поворачивает на восток до т.5037, в которой сходятся границы водохозяйственных участков 05.01.01.007, 05.01.01.012 (Дон от г. Павловск до устья р. Хопер без р. Подгорная) и 05.01.04.003. Отсюда в юго-западном направлении граница проходит т.5055 – точку схождения границ водохозяйственных участков 05.01.01.012, 05.01.04.003 и 05.01.04.004 (Айдар до границы РФ с Украиной), затем отклоняется на юг до т.5137 – точки схождения границ водохозяйственных участков 05.01.04.003, 05.01.04.004 и 05.01.04.009, от которой по государственной границе в западном направлении возвращается к замыкающему створу – т.5099."""
"""Ока от г. Рязань до в/п с. Копоново без р.Проня""","""Водохозяйственный участок 09.01.01.022 охватывает среднюю часть бассейна р. Ока в пределах Рязанской области от г. Рязань и замыкается в расчетном створе на р. Ока у в/п с. Копоново (т.9082). Площадь водохозяйственного участка составляет 11,1 тыс. км2. Отт.9082 граница между водохозяйственными участками 09.01.01.022 и 09.01.01.023 (Ока от в/п с. Копоново до впадения р. Мокша) простирается на восток, огибая бассейн р. Средник – приток р. Ока и направляясь на юг до т.9083, в которой сходятся границы водохозяйственных участков 09.01.01.022, 09.01.01.023 и 09.01.02.003 (Цна от г. Тамбов до устья). Далее граница между участками 09.01.01.022 и 09.01.02.003 простирается на юг по водоразделу между бассейном р. Тырница и верховьями притоков р. Ваша – рр. Вопша, Шача, Аза, Алешня. В т.308 пересекается административная граница Тамбовской и Рязанской областей, после которой по водоразделу рр. Пара и Вобша граница достигает т.182, где сходятся границы водохозяйственных участков 09.01.01.022, 09.01.02.003 и 05.01.01.005 (Воронеж от истока до г. Липецк без р. Матыра от истока до Матырского г/у) и вновь пересекается граница Тамбовской и Рязанской областей. Затем граница участков 09.01.01.022 и 05.01.01 в северном направлении делает две резкие петли вокруг истоков рр. Польной Воронеж, Лесной Воронеж и Верда, пересекая в междуречье рр. Верда и Лесной Воронеж в т.181 административную границу тех же Тамбовской и Рязанской областей, и достигая т.9081 – точки схождения границ водохозяйственных участков 05.01.01, 09.01.01.022 и 09.01.01.021 (Проня). Северное направление границы участков 09.01.01.022 и 09.01.01.021 сохраняется вдоль водораздела рр. Проня и Пара до т.9080, которая отмечает место впадения р. Проня в р. Оку. От этой точки граница поворачивает на запад, затем плавно на северо-запад по водоразделу рр. Проня и Истья до т.9076, которая обозначает точку схождения границ водохозяйственных участков 09.01.01.022, 09.01.01.021 и 09.01.01.020 (Ока от г. Коломна до г. Рязань). Далее граница участков 09.01.01.022 и 09.01.01.021 огибает исток р. Павловка и уходит на восток до г. Рязань, ниже которого граница пересекает р. Оку в т.9075. Близко к этой точке к востоку расположена т.9079 - точка схождения границ водохозяйственных участков 09.01.01.020, 09.01.01.021 и 09.01.01.022, от которой граница участков 09.01.01.022 и 09.01.01.020 поворачивает на юго-восток и по водоразделу рр. Ока и Пра достигает точки замыкающего створа – т.9082."""
Тасеева,"""Водохозяйственный участок 16.01.02.003 охватывает бассейн левого притока Ангары р. Тасеева. Тасеева образуется слиянием рек Чуна и Бирюса, берущих начало в горах Восточного Саяна. Водохозяйственный участок целиком расположен на территории Красноярского края. Площадь водохозяйственного участка составляет 15,4 тыс. км2. В соответствии с Реестром опорных точек описание границы водохозяйственного участка 16.01.02.003 начинается с т.16036, в устье р. Тасеева при ее впадении в Ангару. От этой точки граница водохозяйственного участка идет на восток по водоразделу Ангары и Тасеева к точке (т.16030) схождения границ водохозяйственных участков 16.01.02.001 (Чуна), 16.01.02.003 и 16.01.03.003 (Ангара от Богучанского г/у до устья без р. Тасеева). Здесь граница поворачивает на юг и проходит место слияния рек Чуна и Бирюса, от которого начинается р. Тасеева в точке схождения границ водохозяйственных участков 16.01.02.001, 16.01.02.002 (Бирюса) и 16.01.02.003 (т.16029). Отсюда граница, поворачивая на юго-восток по водоразделам рек Аган, Усолка (16.01.02.003) и Почет, Кайтым (16.01.02.002) следует до точки схождения границ водохозяйственных участков 16.01.02.002, 16.01.02.003 и 17.01.03.004 (Кан) - т.16035, поднимаясь на северные отроги Восточного Саяна. Здесь граница поворачивает на запад, проходит по водоразделу рек Усолка (16.01.02.003) и Кан (17.01.03.004) к точке схождения границ водохозяйственных участков 16.01.02.003, 17.01.03.004 и 17.01.03.005 (Енисей от Красноярского г/у до впадения р. Ангара без р. Кан) на южных отрогах Енисейского кряжа (т.17012). От этой водораздельной точки граница водохозяйственного участка следует в северо-западном направлении по Енисейскому кряжу к т.586, в которой на водоразделе рек Ангара и Енисей сходятся границы водохозяйственных участков 16.01.02.003, 16.01.03.003 и 17.01.03.005 и далее до точки замыкания границы – т.16036. Абсолютные высоты на Приангарском плато составляют 350-500 м, при подъеме на Енисейский кряж высоты возрастают до 700 м. В целом территория характеризуется пологоволнистым, местами гривистым рельефом. Здесь господствуют ландшафты южной тайги с лиственницей сибирской в сочетании с лиственнично-березовыми лесами."""
Битюг,"""Водохозяйственный участок 05.01.01.009 включает полностью бассейн р. Битюг с замыкающим створом в месте впадения р. Битюг в р. Дон (т.5041). Площадь водохозяйственного участка составляет 8.8 тыс. км2. От точки замыкающего створа граница между участками 05.01.01.009 и 05.01.01.010 (Дон от г. Лиски до г. Павловск без р. Битюг) следует на север по водоразделу рр. Дон и Битюг, огибает в северо-восточном направлении верховья р. Березовка и у истока р. Матреночка проходит точку схождения границ водохозяйственных участков 05.01.01.006 (Воронеж от г.Липецк до Воронежского г/у), 05.01.01.009 и 05.01.01.010 (т.5031). Далее в северном направлении граница достигает т.5024, в которой сходятся границы водохозяйственных участков 05.01.01.006, 05.01.01.009 и 05.01.01.004 (Матыра), затем, повернув на восток в т.5042 пересекает административную границу Воронежской и Липецкой областей. От этой точки граница участков 05.01.01.009 и 05.01.01.004 идет на север вдоль границы Липецкой и Тамбовской областей, которую пересекает в т.5023, затем в восточном направлении у истока р. Сух. Липовица достигает т.5022 – точки схождение границ водохозяйственных участков 09.01.02.002 (Цна от истока до г. Тамбов), 05.01.01.009 и 05.01.01.004. Здесь граница участка резко уходит на юго-восток до точки (183) схождения границ водохозяйственных участков 05.01.01.009, 05.01.02.003 (Савала) и 09.01.02.002, далее через точку пересечения границ Тамбовской и Воронежской областей (т.214) прямолинейно идет на юг по водоразделу рр. Битюг и Елань до т.5043, в которой сходятся границы водохозяйственных участков 05.01.01.010, 05.01.01.009 и 05.01.02.003. В этой точки граница поворачивает на запад и по водоразделу рр. Битюг и Осередь, уходя на юг возвращается к расчетному створу – т.5041."""
"""Уссури от впадения р. Большая Уссурка до устья без рр. Бикин и Хор""","""Водохозяйственный участок 20.03.07.006 охватывает нижнюю часть бассейна р. Уссури от впадения ее правого притока Большая Уссурка до устья (без рек Бикин и Хор). На большей части участка Уссури является равнинной рекой, только в среднем течении к долине подходят отроги гор, образующие скалистые обрывистые берега. На всем этом протяженном участке Уссури является пограничной рекой. Водохозяйственный участок расположен на территории Приморского и Хабаровского краев, площадь водохозяйственного участка составляет 11,2 тыс. км2 . В соответствии с Реестром опорных точек описание границы водохозяйственного участка 20.03.07.006 начинается от т.871, в месте впадения Уссури в р. Амурская протока (расчетный створ) в точке схождения границ водохозяйственных участков 20.03.06.001 (Амур от впадения р. Бурея до г. Хабаровск без р. Уссури) и 20.03.07.006 на Государственной границе РФ с Китаем. От этой точки граница водохозяйственного участка идет на восток по хребту Хехцир, где в т.915 сходятся границы водохозяйственных участков 20.03.06.001, 20.03.09.001 (Амур от г. Хабаровск до г. Комсомольск-на-Амуре) и 20.03.07.006 на административной границе между Приморским и Хабаровским краем и далее практически в том же направлении следует, поднимаясь на отроги Сихотэ-Алиня, к водоразделу (т.20026) водохозяйственных участков 20.03.07.006, 20.03.07.005 (Хор) и 20.03.09.001. Здесь граница водохозяйственного участка, огибая верховья р. Кия (20.03.07.006), проходит небольшой отрезок на юг, а затем резко уходит на запад, спускаясь на Нижнеамурскую низменность, к р. Уссури в месте впадения в нее р. Хор на Государственной границе РФ с Китаем (т.870). От т.870 граница водохозяйственного участка идет на восток по Нижнеамурской низменности по водоразделу рек Подхоренок и Хор, затем поворачивает на юг, поднимается на западные отроги Сихотэ-Алиня по водоразделу бассейнов рек Подхоренок (20.03.07.006) и Матай (20.03.07.005) и подходит к водораздельной т.20025, в которой на административной границе между Приморским и Хабаровским краем сходятся границы водохозяйственных участков 20.03.07.005, 20.03.07.004 (Бикин) и 20.03.07.006. Отсюда граница следует в юго-западном направлении, в т.20024 пересекает границу между Приморским и Хабаровским краем на границе с водохозяйственным участком 20.03.07.004, проходит вт.20023 устье р. Бикин, далее, двигаясь в южном направлении по водоразделу коротких правых притоков Уссури и левых притоков Бикина, подходит к точке схождения границ водохозяйственных участков 20.03.07.004, 20.03.07.003 (Большая Уссурка) и 20.03.07.006 –т.20021 и, поворачивая на юго-запад, достигает т.868 – р. Уссури в месте впадения р. Бол. Уссурка; точка схождения границ водохозяйственных участков 20.03.07.003, 20.03.07.006 и 20.03.07.002 (Уссури от истока до впадения р. Большая Уссурка без р. Сунгача). Отсюда граница по р. Уссури идет на северо-восток к точке примыкания границы между Хабаровским и Приморским краем к Государственной границе РФ с Китаем (т.869) и далее до точки замыкания – т.871. Низменный участок границы в пределах Нижнеамурской низменности характеризуется сильной заболоченностью, на возвышенных участках безраздельно господствуют елово-пихтовые леса, по долине р. Уссури распространены долинные широколиственные леса в комплексе с болотистыми лугами и болотами."""
"""Ковда от Кумского г/у до Иовского г/у""","""Водохозяйственный участок 02.02.00.005 охватывает бассейн Ковды (Иовы) между Кумским и Иовским гидроузлами. Участок расположен в Мурманской области и Республике Карелия, его площадь составляет 7,2 тыс. км2.От расчетного створа Иовского гидроузла (т.2039) граница водохозяйственного участка огибая бассейн Иовского водохранилища, следует на юг до т.2032 схождения границ водохозяйственных участков 02.02.00.005, 02.02.00.004 (Ковда от истока до Кумского г/у, вкл. оз. Пя-озеро, Топ-озеро) и 02.02.00.006 (Ковда от Иовского г/у до устья), поворачивает на юго-запад, проходит створ Кумского гидроузла (т.2031), и далее, следуя в западном направлении, достигает Государственной границы РФ с Финляндией в точке примыкания к ней границы с водохозяйственным участком 02.02.00.004 (т.2038).Вдоль государственной границы граница водохозяйственного участка следует небольшой отрезок до т.2040, в которой примыкает граница с водохозяйственным участком 02.02.00.200 (Тенниейоки), а от этой точки следует на север по водоразделу рр.Тенниейоки и Ковда сначала до т.2041, где она пересекает границу между Мурманской обл. и Респ. Карелия, а затем до т.2042, в которой она снова примыкает к Государственной границе РФ с Финляндией, и снова с водохозяйственным участком 02.02.00.200. Далее граница вновь следует по вдоль Государственной границы на коротком отрезке до т.62, в которой примыкает к ней вместе с водохозяйственным участком 02.01.00.003 (Тулома от истока до Верхнетуломского г/у, вкл. Нот-озеро). От этой точки граница поворачивает на восток, проходит т.2010 схождения границ водохозяйственных участков 02.01.00.003, 02.02.00.003 и 02.02.00.005, поворачивает на юг, проходит т.2030 схождения границ водохозяйственных участков 02.02.00.003, 02.02.00.005 и 02.02.00.006, т.2043 пересечения с границей между Республикой Карелия и Мурманской областью и замыкается в расчетной точке (т.2039)."""
"""Волга (дельта) от в/п Верхнее Лебяжье до устья""","""Водохозяйственный участок 11.01.00.025 включает дельтовый участок р Волга ниже в/п Верхнее Лебяжье. Площадь водохозяйственного участка составляет 17,0 тыс. км2. От точки т.243 граница участков 11.01.00.025 и 07.01.00.005 простирается на северо- запад до т.264 - точки схождения границ водохозяйственных участков 07.01.00.005, 07.04.00.001 (Бессточные районы междуречья Терека, Дона и Волги) и 11.01.00.025, после которой поворачивает на север, огибая дельтовую область р. Волга и пересекая административную границу Респ. Калмыкия и Астраханской области (т.263) приходит в т.11086 - точку схождения границ водохозяйственных участков 07.04.00.001, 11.01.00.025 и 11.01.00.028 (Реки бессточных областей правобережья Волги). Отсюда граница уходит на восток, отклоняясь далее на северо-восток и достигая т.11079 - точки схождения границ водохозяйственных участков 11.01.00.024 (Волга от в/п Светлый Яр до в/п Верхнее Лебяжье), 11.01.00.025 и 11.01.00.028. Р. Волгу у в/п Верхнее Лебяжье граница участка пересекает вт.11078, затем в т.11085 сходятся границы водохозяйственных участков 11.01.00.024, 11.01.00.025 и 11.01.00.027 (Реки бессточных областей левобережья Волги без бассейна оз. Эльтон), после которой граница поворачивает на юго-восток к т.11087 - точке примыкания к Государственной границе РФ с Респ. Казахстан границы с водохозяйственным участком 11.01.00.027. По границе с Респ.Казахстан граница водохозяйственного участка приходит в т.351 на береговой линии Каспийского моря, от которой идет на юго-запад, оконтуривая морской край дельты Волги до замыкающего створа - т.243."""
Хета,"""Водохозяйственный участок 17.04.01.001 полностью охватывает бассейн р. Хетта, слияние которой с Котуем образует реку Хатанга. Водохозяйственный участок расположен на Северо- Сибирской низменности на территории Таймырского (Долгано-Ненецкого) и Эвенкийского автономных округов. Площадь водохозяйственного участка составляет 100 тыс. км2. От точки слияния рек Хета и Котуй (т.678) на схождении границ водохозяйственных участков 17.04.01.001 (Хета), 17.04.02.001 (Котуй) и 17.04.04.001 (Хатанга от истока до устья без р. Попигай) граница следует на юг, поднимаясь с Северо-Сибирской низменности на западные склоны хребта Хара-Тас проходит через т.679 на границе между Эвенкийским и Таймырским (Долгано-Ненецкий) автономными округами, поворачивает на юго-запад, поднимается на плато Путорана к т.680 у истока р. Маймеча и следует в западном направлении по плато Путорана до т.611. Граница разделяет (с северо-запада) бассейны рек Бол. Романиха, Амбардах, Маймеча, Аякпи, Аян и (с востока и юга) бассейны рек Котуй, Тукалан, Чангада, Себяки, Яктали. При продвижении по Северо-Сибирской низменности ландшафты меняются от мохово-лишайниковых (типичных) тундр на севере до мохово-травяных кустарниковых тундр на юге. На плато Путорана редколесья поднимаются до высоты 550 м выше идут угнетённые мелколесья, сменяемые поясом горной лесотундры. От т.611 схождения границ водохозяйственных участков 17.04.01.001, 17.04.02.001 и 17.01.08.001 (Курейка от истока до Курейского г/у) на административной границе между Эвенкийским и Таймырским (Долгано-Ненецким) автономными округами на водоразделе р. Котуй, Яктали и Дулисмар, граница следует на запад по наиболее высокому участку плато Путорана, проходит через т.17032 схождения границ водохозяйственных участков 17.01.08.001, 17.04.01.001 и 17.01.08.003 (Хантайка от истока до Усть-Хантайского г/у), затем поворачивает на северо-запад к точке схождения границ водохозяйственных участков 17.01.08.003, 17.02.00.001 (Пясина и другие реки бассейна Карского моря от восточной границы бассейна Енисейского залива до западной границы бассейна р. Каменная) и 17.04.01.001 на плато Путорана у оз. Собачье (т.610), после чего граница, следуя по плато Путорана, делает петлю в западном направлении, разделяя бассейн р. Калтамы (с востока) и рек Бол. и Мал. Авам (с запада), проходит до т.663 у истока р. Бол. Авам, поворачивает на северо-восток, проходит водораздел водохозяйственных участков 17.02.00.001, 17.04.01.001 и 17.04.03.001 и поворачивает на восток к исходной точке в устье р. Хетта - т.678. Ландшафты склонов гордо высоты 550 м представлены редколесьями, в основном из даурской лиственницы, выше идет пояс горной лесотундры и от 750-800м господствует тундра и арктическая пустыня."""
"""Уча от истока до Акуловского г/у""","""Водохозяйственный участок 09.01.03.004 охватывает верховья бассейна р. Уча от истока до Акуловского г/у и замыкается в расчетном створе – Акуловский г/у (т.9104). Площадь водохозяйственного участка составляет 0,43 тыс. км2. От т.9104 граница между водохозяйственными участками 09.01.03.004 и 09.01.03.003 (Клязьма от истока до Пироговского г/у) идет на северо-запад, пересекая канал им.Москвы и достигает у истоков р. Болгуша т.9105, где сходятся границы водохозяйственных участков 09.01.03.004, 09.01.03.003 и08.01.01.008 (Волга от Иваньковского г/у до Угличского г/у (Угличское в-ще)). Далее граница водохозяйственного участка, огибая исток р. Уча, вновь пересекает канал им.Москвы (т.285), идет к востоку к точке 9106, расположенной у истоков трех рек Воря, Вязь и Яхрома и разделяющей три водохозяйственных участка 09.01.03.004, 09.01.03.005 (Клязьма от Пироговского г/у до г. Ногинск без р. Уча (от истока до Акуловского г/у)) и 08.01.01.008. 09.01.03.004, затем резко поворачивает на юг и замыкается в расчетном створе - т.9104."""
"""Яна от истока до впадения р.Адыча""","""Водохозяйственный участок 18.04.01.001 охватывает территорию бассейна р. Яна от истока (включая рр. Сартанг и Дулгалах) до устья р. Адыча, расположен целиком в Респ. Саха (Якутия). Площадь водохозяйственного участка составляет 54,0 тыс. км2. От т.766 впадения р. Адыча в р. Яна - точки схождения границ водохозяйственных участков 18.04.01.001, 18.04.02.001 (Адыча) и 18.04.03.002 (Яна от впадения р. Адыча до устья без р. Бытантай) граница участка простирается в южном направлении, выходит на Янское плоскогорье, проходит по водоразделу рек Борулах и Сартанг через т.767 и т.768 и тянется по водоразделу бассейнов рек Сартанг и Нельгесе до т.708 схождения границ водохозяйственных участков 18.03.06.009 (Алдан от впадения р. Амга до устья), 18.04.01.001 и 18.04.02.001, затем огибает верховья р. Сартанг и Тукулан (т.707, высота 2117 м), поворачивает на северо-запад и по Верхоянскому хребту тянется до т.706. С запада граница разделяет бассейны рек Сартанг, Дулгалах, с востока - Борулах, Нельгесе, с юга - Барайы, Тукулан, Келе, Тумара, Нуора. Склоны хребтов покрыты редкостойными лиственничными лесами, на вершинах преобладают горно-тундровые ландшафты От т.706 схождения границ водохозяйственных участков 18.03.06.009, 18.03.09.001 (Лена от впадения р. Вилюй до в/п ГМС Джарджан) и 18.04.01.001 граница поворачивает на север, затем, огибая верховья р. Эчий в т.705 схождения границ водохозяйственных участков 18.03.09.001, 18.04.01.001 и 18.04.03.001 (Бытантай), поворачивает на восток, после чего в верховьях р. Биллях (т.769) поворачивает на север и проходит по водоразделу бассейнов рек Дулгалах и Бытынтай к т.770 в верховьях р. Тэнки, затем, следуя в северо-восточном направлении по водоразделу бассейна этой реки, огибает бассейн р. Тыках (т.18091) в точке схождения границ водохозяйственных участков 18.04.01.001, 18.04.03.001 и 18.04.03.002, поворачивает на юго-восток, замыкается в т.766. Высокогорные ландшафты - редколесья с тундровыми участками, - по мере снижения высот сменяются зональными бореальными лесными ландшафтами, представленными на данном участке поясом лиственничной тайги."""
"""Исеть от г. Екатеринбург до впадения р.Теча""","""Водохозяйственный участок 14.01.05.006 охватывает бассейн р. Исеть на участке от г. Екатеринбург до впадения в нее крупного притока – р. Теча. Участок расположен в Свердловской, Челябинской и Курганской областях, его площадь составляет 11,9 тыс. км2. От расчетного створа т.14025 впадения р. Теча в р. Исеть граница водохозяйственного участка 14.01.05.006 следует в западном направлении, пересекает границу между Челябинской и Курганской областями, проходит по водоразделу рр. Теча и Караболка и достигает т.14027 схождения границ водохозяйственных участков 14.01.05.006, 14.01.05.007 - Теча и 10.01.01.005 - Чусовая от истока до г. Ревда без р. Ревда (от истока до Новомариинского г/у). От этой точки граница поворачивает на север, проходит по водоразделу рр. Полдневая Чусовая и Сев. Сысерть и в т.14022 схождения границ водохозяйственных участков 14.01.05.005 (Исеть от истока до г. Екатеринбург), 14.01.05.006 и 10.01.01.005 поворачивает на северо-восток. Далее граница пересекает р. Исеть ниже г. Екатеринбург в т.14021, проходит т.14024 схождения границ водохозяйственных участков 14.01.05.005, 14.01.05.006 и 14.01.05.020 (Пышма от истока до Белоярского г/у), затем т.14028 схождения границ водохозяйственных участков 14.01.05.006, 14.01.05.020 и 14.01.05.022 (Пышма от Белоярского г/у до устья без р. Рефт от истока до Рефтинского г/у), после чего поворачивает на юго-восток. Следуя далее по водоразделу рр. Каменка и Кунара, граница водохозяйственного участка пересекает границу между Свердловской и Курганской областями в т.14029, проходит т.14030 схождения границ водохозяйственных участков 14.01.05.006, 14.01.05.011 (Исеть от впадения р. Теча до устья без р. Миасс) и 14.01.05.020 и замыкается в начальной точке."""
"""Волжский участок Куйбышевского в-ща от г. Казань до пгт. Камское устье""","""Водохозяйственный участок 11.01.00.001 включает Волжский участок Куйбышевского водохранилища от г. Казань до расчетного створа пгт Камское устье - т.11001. Площадь водохозяйственного участка составляет 4,0 тыс. км2. От т.11001 граница участков 11.01.00.001 и 11.01.00.005 (Куйбышевское в-ще от пгт. Камское устье до Куйбышевского г/у без р. Бол.Черемшан) простирается на северо-запад до т.11002, в которой сходятся границы участков 11.01.00.001, 11.01.00.005 и 08.01.04.006 (Свияга от с.Альшеево до устья). Далее граница участков 11.01.00.001 и 08.01.01.006 продолжается на северо-запад по водоразделу бассейна р. Сухая Улема и непосредственно Куйбышевского водохранилища до т.8060 - точки схождения границ водохозяйственных участков 08.01.04.006, 08.01.04.007 (Волга от Чебоксарского г/у до г. Казань без рр. Свияга и Цивиль) и 11.01.00.001, затем поворачивает на север и следует по границе бассейна р. Сулица до т.265, которая является точкой начала Волжского участка Куйбышевского водохранилища, пересекает водохранилище, проходит по северным пригородам г. Казань и оконтуривает бассейн р. Казанка, плавно поворачивая на восток до т.294, в которой сходятся границы участков 11.01.00.001, 08.01.04.007 и 10.01.03.005 (Вятка от в/п пгт. Аркуль до г. Вятские Поляны). От нее граница участков 11.01.00.001 и 10.01.03.005 следует на юго-восток до т.11003, являющейся точкой схождения границ водохозяйственных участков 10.01.03.005, 11.01.00.001 и 11.01.00.003 (Камский участок Куйбышевского в-ща от устья р. Кама до пгт.Камское устье без р. Шешма и Волга). Далее граница участков 11.01.00.001 и 11.01.00.003 поворачивает на юго-запад и следует по водоразделу рр. Казанка и Меша, плавно поворачивая на юг к замыкающему створу – т.11001."""
Теча,"""Водохозяйственный участок 14.01.05.007 охватывает бассейн правого притока р. Исеть – р. Теча – от истока до устья. Участок расположен в Челябинской и Курганской областях, его площадь составляет 7,6 тыс. км2. Р. Теча впадает в р. Исеть в т.14025 (расчетный створ), где сходятся границы водохозяйственных участков 14.01.05.006 (Исеть от г. Екатеринбург до впадения р. Теча), 14.01.05.007 и 14.01.05.011 (Исеть от впадения р. Теча до устья без р. Миасс). От этой точки граница водохозяйственного участка 14.01.05.007 следует в юго-западном направлении, пересекая административную границу между Курганской и Челябинской областями вблизи т.14031 схождения границ водохозяйственных участков 14.01.05.007, 14.01.05.010 (Миасс от г. Челябинск до устья) и 14.01.05.011, и далее по водоразделу рр. Теча и Миасс до т.14032 схождения границ водохозяйственных участков 14.01.05.007, 14.01.05.008 (Миасс от истока до Аргазинского г/у), 14.01.05.009 (Миасс от Аргазинского г/у до г. Челябинск) и 14.01.05.010. От т.14032, проходя в северо-западном направлении по водоразделу оз. Увильды и Арагазинского водохранилища, граница следует до т.14033 схождения границ водохозяйственных участков 14.01.05.007, 14.01.05.008 и 10.01.02.008 (Уфа от истока до Долгобродского г/у). Затем граница поворачивает на север, выходит на водораздел в верховьях р. Теча (т.318), проходит т.10068 схождения границ водохозяйственных участков 14.01.05.007, 10.01.02.008 и 10.01.02.005 (Белая от г. Салават до г. Стерлитамак) и следует далее до т.317 в верховьях р. Чусовая, где сходятся границы водохозяйственных участков 14.01.05.007, 10.01.02.005 и 10.01.02.009 (Уфа от Долгобродского г/у до Нязепетровского г/у). На данном участке граница следует по Уральскому хребту. Абсолютные высоты возрастают от 400 до 900 м. Уральский хребет разделяет (с запада) бассейны рр. Чусовая, Уфа, Айс и (с востока) бассейны рек Миасс с многочисленными левыми притоками и Уй. Склоны горных хребтов до высот 600 м покрыты темнохвойной тайгой или смешанным лесом, выше располагается субальпийское редколесье из ели, пихты и субальпийские луга. От т.317 граница поворачивает на восток, проходит близ оз. Сунгуль, Уелги на водоразделе рр. Теча и Караболка, пересекает границу между Челябинской и Курганской областями (т.14026) и замыкается в начальной точке."""
Онон,"""Водохозяйственный участок 20.03.01.003 охватывает российскую часть бассейна р. Онон, правой составляющей р. Шилка. Онон берёт начало на северо-восточном склоне хр. Хэнтэй, течёт по Хэнтэй-Чикойскому нагорью, в низовьях — между Могойтуйским и Борщовочным хребтами Забайкалья. Равнинные участки реки чередуются с полугорными, перед слиянием с Ингодой проходит через ущелье, рассекающее Борщовочный хребет. Основные притоки: Хурах-Гол, Борзя, Унда (правые); Агуца, Кыра, Ага (левые). Система Онон—Шилка—Амур образует одну из десяти длиннейших рек в мире. Водохозяйственный участок расположен на территории Читинской области и Агинского Бурятского автономного округа, площадь водохозяйственного участка составляет 64,6 тыс. км2 . Расчетный створ водохозяйственного участка находится в т.20006 в месте слияния р. Ингода с р. Онон и образования р. Шилка, где сходятся границы водохозяйственных участков 20.03.01.002 (Ингода от г. Чита до устья), 20.03.01.003 и 20.03.01.004 (Шилка). От этой точки граница водохозяйственного участка идет вначале на восток-юго-восток, затем, огибая верховья правых притоков р. Шилка (20.03.01.004), поворачивает на северо-восток, поднимается на Борщовочный хребет и проходит по нему до водораздельной т.20008, где сходятся границы водохозяйственных участков 20.03.01.003, 20.03.01.004 и 20.03.02.001 (Аргунь). Здесь граница резко поворачивает на юго-запад и по водоразделу рек Унда, Борзя (20.03.01.003) и Газимор и Урулюнгуй (20.03.02.001), а затем, поднимаясь на Нерчинский хребет, подходит к т.890 - схождения границ водохозяйственных участков 20.03.01.003, 20.03.02.001 и 20.03.01.0200 (Бассейны озер Барун-Торей и Зун-Торей). Отсюда граница, спускаясь с юго-западных отрогов Нерчинского хребта, поворачивает на запад, проходит по водоразделу рек Борзя, Онон и бассейна озер Барун-Торей и Зун-Торей вначале по предгорной равнине, затем, поворачивая на юго-запад, по хр. Эрмана до т.20044 – точки примыкания границы между водохозяйственными участками 20.03.01.003 и 20.03.01.200 к государственной границе РФ с Монголией. Далее до т.598 граница водохозяйственного участка совпадает с Государственной границей РФ с Монголией. Граница пересекает обширные межгорные плоские или волнисто-увалистые равнины, над поверхностью которых поднимаются невысокие останцовые сопки, и затем поднимается на хребты Южного Забайкалья. К равнинным пространствам приурочены массивы степей и лесостепей, характерные не только для равнин, но и для низкогорных участков хребтов. Зональный тип растительности горного участка представлен горными лиственничными и лиственнично- кедровыми лесами, сменяющимися с высотой редколесьями, лугами, тундрой, гольцовыми поверхностями. Дойдя до т.598, разделяющей водохозяйственные участки 16.03.00.002 (Чикой) и 20.03.01.003, граница поворачивает на северо-восток, затем, огибая верховья р. Агуча, подходит к точке схождения границ водохозяйственных участков 16.03.00.002, 20.03.01.001 (Ингода от истока до г. Чита) и 20.03.01.003 на водоразделе бассейнов р. Агуча, Ингода и Чикой (т.597). Отсюда граница водохозяйственного участка идет в северо-восточном направлении по гольцу Сохандо и пересекает границу между Агинским Бурятским автономным округом и Читинской областью вблизи точки схождения границ водохозяйственных участков 20.03.01.001, 20.03.01.002 и 20.03.01.003 (т.20003). Затем граница водохозяйственного участка, продолжая идти в северо- восточном направлении, поднимается на Даурский хребет, и далее на отрезке до т.20007 на ряде участков близко проходит к административной границе между Читинской областью и Агинским Бурятским автономным округом. От т.20007 на пересечении границы между Читинской областью и Агинским Бурятским автономным округом граница водохозяйственного участка поворачивает на восток, затем проходит короткий участок в северо-восточном направлении и замыкается в исходной т.20006. Граница проходит по ряду вытянутых в северо-восточном направлении широких хребтов с высотами от 1200 до 1500 м, в рельефе выражены плоские или куполообразные вершины, склоны хребтов расчленены глубоко врезанными узкими речными долинами. В растительном покрове преобладает тайга из даурской лиственницы, наиболее высокие склоны и вершины покрыты подгольцовым редколесьем, а местами и каменистой тундрой; придолинные высокие участки заняты таежными лесами, в поймах развиты разнотравно-злаковые луга, к межгорным пространствам приурочены массивы степей и лесостепей,"""
Ока,"""Водохозяйственный участок 16.01.01.006 охватывает бассейн крупного левого притока Ангары – р. Ока и замыкается в расчетном створе (т.16023) в точке пересечения р. Ока границы с водохозяйственным участком 16.01.01.008 (Ангара от впадения р. Белая до Братского г/у без рр. Белая, Ока, Ия). Река Ока берёт начало из озера Окинского у подножия горного массива Мунку- Сардык в Восточном Саяне. Участок расположен на территории Республики Бурятия и Иркутская области. Площадь водохозяйственного участка составляет 34тыс. км2. От т.16023 граница водохозяйственного участка 16.01.01.006 идет на восток, затем по западному склону Лено-Ангарского плато, по водоразделу рек Ока и Залари (16.01.01.08) уходит на юго-юго- запад до точки схождения границ водохозяйственных участков 16.01.01.005 (Белая), 16.01.01.006 и 16.01.01.008 (Ангара от впадения р. Белая до Братского г/у без рр. Белая, Ока, Ия) – т.16022. Далее граница, поднимаясь на Восточный Саян, следует в юго-западном направлении, на хребте Шэлэ проходит точку пересечения границы между Иркутской областью и Республикой Бурятия (т.16021) на границе с водохозяйственным участком 16.02.00.006, затем, огибая исток р. Большая Белая (16.01.01.005), поворачивает на юго-восток, проходит по хребту Бельские гольцы, поворачивает на юг и подходит к точке схождения границ водохозяйственных участков 16.01.01.002 (Иркут), 16.01.01.005 и 16.01.01.006 – т.16008. В т.16008 граница водохозяйственного участка 16.01.01.006 поворачивает на юг и по водоразделу рек Иркут (16.01.01.02) и Ока (16.01.01.006) подходит к водораздельной т.16007 на границе между водохозяйственными участками 16.01.01.002 и 16.01.01.006, примыкающей к Государственной границе РФ с Монголией. От этой точки до т.579 граница водохозяйственного участка совпадает с Государственной границей РФ с Монголией. Граница следует в северо-западном направлении по хребту Большой Саян и подходит к западной точке примыкания границы водохозяйственного участка к Государственной границе РФ с Монголией - т.579 на границе с водохозяйственным участком 17.01.02.001 (Малый Енисей). От т.579 до т.581 граница водохозяйственного участка 16.01.01.06 близко проходит с этой административной границей. Двигаясь от т.579 в северо-западном направлении по хребту Большой Саян, граница водохозяйственного участка подходит к точке водораздела (т.580) водохозяйственных участков 16.01.01.006, 17.01.01.001 (Большой Енисей) и 17.01.02.001. В т.580 граница водохозяйственного участка 16.01.01.06 поворачивает на северо-восток и по северным отрогам хребта Большой Саян подходит к точке пересечения административных границ Иркутской области, Республик Бурятия и Тыва (т.581) и далее до т.16024 проходит близко с административной границей между Иркутской областью и Республикой Бурятия, спускаясь на Иркутско-Черемховскую равнину. От т.16024 до т.16025 (схождение границ водохозяйственных участков 16.01.01.006, 16.01.01.007 - Ия и 16.01.01.008) граница идет в северо-северо-восточном направлении по водоразделу левых притоков Оки (самый крупный из которых – р. Танга) и р. Ия (16.01.01.07). В т.16025 граница водохозяйственного участка 16.01.01.06 поворачивает на восток и замыкается в т.16023 в точке пересечения р. Ока границы с водохозяйственным участком 16.01.01.008. В ландшафтной структуре в пределах Иркутско-Черемховской равнины преобладают зональные типы лесных ландшафтов возвышенных платформенных равнин, выше абсолютной высоты 2000 м развиты альпийские луга, горные тундры и каменистые россыпи. На Мунку-Сардык имеется несколько небольших ледников (общая площадь оледенения около 1,3 км2)."""
"""Волга от Горьковского г/у до устья р.Ока""","""Водохозяйственный участок 08.01.03.005 охватывает небольшой участок бассейна р. Волга от Горьковского г/у до замыкающего расчетного створа вблизи устья р. Ока ниже г. Нижний Новгород - т.8045. Площадь водохозяйственного участка составляет 4,7 тыс. км2. Отточки замыкающего створа граница участка 08.01.03.005 идет на запад к т.277, в которой сходятся границы водохозяйственных участков 08.01.03.005, 08.01.04.003 (Волга от устья р. Ока до Чебоксарского г/у (Чебоксарское в-ще) без рр. Сура и Ветлуга) и 09.01.03.013 (Ока от г. Горбатов до в/п Новинки). От этой точки граница участков 08.01.03.005 и 09.01.03.013 уходит на запад к т.9126 – точке схождения границ водохозяйственных участков 09.01.03.011 (Клязьма от г. Ковров до устья без р. Уводь), 09.01.03.013, 08.01.03.004 (Волга от г. Кострома до Горьковского г/у (Горьковское в-ще) без р. Унжа) и 08.01.03.005. Здесь граница поворачивает на северо-восток, пересекает р. Волгу у Горьковской плотины (т.8043), плавно отклоняясь на север, идет по водоразделу Горьковского в-ща и р. Узола. Огибая верховья р. Узола, граница проходит т.8044, где сходятся границы водохозяйственных участков 08.01.03.004, 08.01.03.005 и 08.01.04.003 (Унжа), затем поворачивает и по водоразделу бассейнов рр. Керженец, Узола, Линда возвращается к замыкающему створу – т.8045."""
"""Иркутское в-ще (включая оз. Байкал и р. Ангара от истока до Иркутского г/у)""","""Водохозяйственный участок 16.01.01.001 охватывает оз. Байкал и верховья Ангары до расчетного створа Иркутского гидроузла на р. Ангара (т.16001). Участок расположен на территории Республики Бурятия и Иркутская области. Площадь водохозяйственного участка составляет 34,3 тыс. км2. От т.16001 в створе Иркутского гидроузла на р. Ангара граница между водохозяйственными участками 16.01.01.001 и 16.01.01.004 (Ангара без рр. Иркут, Китой) идет на восток до точки (т.16002) схождения границ водохозяйственных участков16.01.01.001, 16.01.01.004 в бассейне Ангары и 16.04.00.001 - бассейны рек средней и северной части оз. Байкал от истока р. Ангара до западной границы бассейна р. Баргузин. Здесь граница водохозяйственного участка поворачивает на юг и в этом направлении простирается до уреза оз. Байкал (т.574), где сходятся границы водохозяйственных участков 16.01.00.001, 16.04.00.001 и 16.02.00.001 (бассейны рек южной части оз. Байкал от устья р. Селенга до истока р. Ангара). Далее граница примыкает к береговой линии оз. Байкал и следует по ней, огибая озеро и пересекая устья многочисленных рек, впадающих в северную часть оз. Байкал (наиболее крупные из них Кичера и Верх. Ангара), до т.16003 - схождение границ водохозяйственных участков 16.01.01.001, 16.04.01.001 в бассейне Ангары и 16.04.00.002 в бассейне рек средней и северной части оз. Байкал. От т.16003, расположенной близ устья р. Баргузин, граница следует по берегу оз. Байкал до т.592, в которой сходятся границы водохозяйственных участков 16.01.01.001, 16.03.00.006 (Селенга от г. Улан-Удэ до устья) и 16.04.00.002 (бассейны рек средней части оз. Байкал от западной границы бассейна р. Баргузин до устья р. Селенга). Далее граница, примыкая к береговой линии оз. Байкал, огибает дельту р. Селенга и подходит к точке схождения границ водохозяйственных участков 16.01.01.001, 16.02.00.001 и 16.03.00.005 – т.591. От т.591 граница идет по юго-восточному берегу оз. Байкал до устья р. Снежная (т.16044), где граница между Иркутской областью и Республикой Бурятия примыкает к береговой линии оз. Байкал. Затем граница огибает южную оконечность оз. Байкал, отходя от уреза воды близ истока р. Ангара, делает резкий поворот на запад-северо-запад и достигает т.16004, в которой сходятся границы водохозяйственных участков 16.01.01.001, 16.01.01.002 (Иркут) и 16.02.00.001. В этой точке граница резко поворачивает на север, проходит точку (т.16005) схождения границ водохозяйственных участков 16.01.01.001, 16.01.01.002 и 16.01.01.004 и замыкается в расчетном створе водохозяйственного участка в створе Иркутского гидроузла на р. Ангара – т.16001. В ландшафтной структуре преобладают лиственничные леса на расчлененных склонах долины Ангары."""
Неман,"""Водохозяйственный участок 01.01.00.001 охватывает российскую часть бассейна трансграничной р. Неман. Неман берёт начало к югу от Минской возвышенности, впадает в Куршский залив Балтийского моря, образуя дельту. В бассейне Немана множество мелких озёр, озёрность составляет 2,5%. Неман имеет около 180 притоков, главные и которых — Свислочь, Мяркис, Нерис, Нявежис, Дубиса, Юра и Миния (правые), а также Щара и Шешупе (левые). Большинство из них протекает за пределами РФ. Участок, расположенный в Калининградской области, имеет площадь 1,1 тыс. км2. От расчетного створа т.1001 пересечения Государственной границы РФ с Литвой на р. Неман граница водохозяйственного участка 01.01.00.001 следует на восток вдоль Государственной границы РФ до следующей точки ее пересечения – т.6. Далее граница поворачивает на юг, пересекает трансграничный приток Немана - р. Шешупе в т.1002 и достигает т.1003 примыкания к ней границы с водохозяйственным участком 01.01.00.002 (Преголя). От этой точки граница отходит от Государственной границы РФ с Литвой и поворачивает на запад, проходит т.1004 схождения границ водохозяйственных участков 01.01.00.001, 01.01.00.002 и 01.01.00.003 (Реки бассейна Балтийского моря в Калининградской обл. без рр. Неман и Преголя), после чего замыкается в начальной точке. Территория представляет собой низменную эрозионную равнину с абсолютными высотами до 50 м, характеризующуюся высокой степенью антропогенной измененности ландшафтов. Коренные еловые и елово-широколиственные леса сохранились лишь местами. Долина р. Неман интенсивно осваивается (застраивается, распахивается и пр.), вдоль границы водохозяйственного участка расположены многочисленные населенные пункты."""
Кальмиус,"""Водохозяйственный участок 05.01.05.012 охватывает бассейн р. Кальмиус от истока до впадения в Азовское море. Площадь водохозяйственного участка составляет 5.07 тыс. км2. От т. 940, где сходятся границы водохозяйственных участков 04.01.00.017, 05.01.05.013 и 05.01.05.012, граница между Донским и Днепровским бассейновыми округами следует до точки т.5144 – границы между водохозяйственными участками 05.01.04.008 и 05.01.05.012. От этой точки граница следует на восток до схождения границы водохозяйственных участков 05.01.04.008, 05.01.05.012 и 05.01.05.010 (т.5143) и затем возвращается в точку т.940."""
"""Черная от истока до Черноисточинского г/у""","""Водохозяйственный участок 14.01.05.013 охватывает бассейн р. Черная от истока до Черноисточинского гидроузла. Участок расположен в Свердловской области, его площадь составляет 0,3 тыс. км2. От расчетного створа Черноисточинского гидроузла граница водохозяйственного участка следует на юг, достигает т.14046 схождения границ водохозяйственных участков 14.01.05.013, 14.01.05.014 (Тагил от истока до г. Нижний Тагил без р. Черная) и 10.01.01.006 (Чусовая от г. Ревда до в/п пгт. Кын), поворачивает на север, следует по водоразделу рр. Черная и Межевая Утка, доходит до т.14047 схождения границ водохозяйственных участков 14.01.05.013, 14.01.05.014 и 10.01.01.006, поворачивает на юго-восток и замыкается в начальной точке."""
Тенниё-йоки,"""Водохозяйственный участок 02.02.00.015 охватывает российскую часть бассейна трансграничной р. Тенниё-йоки (бассейн оз. Кеми-Ярви в Финляндии). Участок расположен в Мурманской области и частично в Республике Карелия, его площадь составляет 1,7 тыс. км2.Отрасчетного створа пересечения р. Тенниейоки Государственной границы РФ с Финляндией в т.2067 граница водохозяйственного участка 02.02.00.015 следует на северо-восток вдоль Государственной границы до т.2042 примыкания к ней границы с водохозяйственным участком 02.02.00.005 (Ковда от Кумского г/у до Иовского г/у), далее поворачивает на юг, пересекает границу между Мурманской областью и Республикой Карелия в т.2041, снова примыкает к Государственной границе РФ с Финляндией в т.2040 на границе с водохозяйственным участком 02.02.00.005, снова следует вдоль Государственной границы на север, проходя т.68 и замыкается в начальной точке. В рельефе выражено северо-западное простирание складчатых структур, горные массивы разбросаны по приподнятой равнине. Распространены ландшафты северной тайги, сменяющихся на высотах более 250-400 м березовым криволесьем и лесотундрой."""
"""Ока от г. Муром до г. Горбатов без рр.Клязьма и Теша""","""Водохозяйственный участок 09.01.03.012 охватывает часть бассейна р. Ока от г. Муром до замыкающего створа на р. Ока у г. Горбатов (т.9128). Площадь водохозяйственного участка составляет 5,7 тыс. км2. От т.9128 небольшой отрезок границы между водохозяйственными участками 09.01.03.012 и 09.01.03.013 (Ока от г. Горбатов до в/п Новинки (устье)) направлен на северо-восток до т.9129. В этой точке сходятся водохозяйственные участки 09.01.03.012, 09.01.03.013 и 08.01.04.003 (Волга от устья р. Ока до Чебоксарского г/у (Чебоксарское в-ще) без рр. Сура и Ветлуга). Далее граница поворачивает к юго-запад продолжается в том же направлении до водораздела между р. р. Кудьма и Кишма до т.9101, в которой сходятся границы участков 09.01.03.002 (Теша), 09.01.03.012 и 08.01.04.003. дальше идет на запад по водоразделу рр. Сережа и Бол.Кутра до т.9100 - точки схождения границ водохозяйственных участков 09.01.03.001 (Ока от впадения р. Мокша до впадения р. Теша), 09.01.03.002 и 09.01.03.012.. От т.9100 граница проходит к северо-западу по водоразделу рр. Колпь и Виля до т.9087, где сходятся водохозяйственные участки 09.01.03.12, 09.01.03.001 и 09.01.01.023 (Ока от в/п с. Копоново до впадения р. Мокша). Далее небольшой отрезок границы идет к северо-западу до т.9086 на водоразделе рр. Ушна и Судогда, где сходятся водохозяйственные участки 09.01.03.12, 09.01.01.023 и 09.01.03.009 (Клязьма от г. Владимир до г. Ковров без р. Нерль). По этому водоразделу дальше граница простирается к северу, поворачивая на восток южнее бассейна р. Нерехта и доходит до точки 9124 (схождение границ водохозяйственных участков 09.01.03.012, 09.01.03.009, 09.01.03.011), расположенной между истоками рр. Тара и Нерехта. От т.9124 граница продолжается на восток по южной границе бассейна р. Клязьма до т.9123 на водоразделе рр. Клязьма и Суворощь и далее по этому водоразделу до т.9122 – точки впадение р. Клязьма в р. Ока на границе между Владимирской и Ивановской обл. Рядом с этой точкой располагается узел схождения границ участков 09.01.03.011, 09.01.03.012 и09.01.03.013. – т.9127, от которой граница на юго-восток приходит к замыкающему створу – т.9128."""
Бирюса,"""Водохозяйственный участок 16.01.02.002 охватывает бассейн левой составляющей р. Тасеева – р. Бирюса и замыкается в расчетном створе (т.16029) в устье р Бирюса при ее слиянии с р. Чуна (Уда) на границе водохозяйственных участков 16.01.02.001 (Чуна (Уда), 16.01.02.002 (Бирюса) и 16.01.02.003 (Тасеева). Истоки Бирюсы лежат в Восточном Саяне. Водохозяйственный участок расположен на территории Иркутской областии Красноярского края. Площадь водохозяйственного участка составляет 55,8 тыс. км2. От точки расчетного створа(т.16029) в устье р. Бирюса граница водохозяйственного участка следует в юго-восточном направлении по Приангарскому плато, в т.16034 пересекает границу между Иркутской областью и Красноярским краем, далее, следуя по водоразделу рек Бирюса и Чуна, плавно поворачивает на юг, затем, обходя верховья р. Бирюса, граница водохозяйственного участка поднимается на горы Восточного Саяна, поворачивает на запад и подходит к точке (т.16033) схождения границ водохозяйственных участков 16.01.02.001, 16.01.02.002 и 17.01.03.003 (Енисей от впадения р. Абакан до Красноярского г/у) и далее, пройдя небольшой отрезок в северо-западном направлении, проходит в т.17009 водораздел водохозяйственных участков 16.01.02.002, 17.01.03.003 и 17.01.03.004 (Кан). Здесь граница поворачивает на север, проходит по хребту Малый Тагул, в т.584 вновь пересекает административную границу между Иркутской областью и Красноярским краем и далее до т.585 следует близко к этой административной границе по северным отрогам Восточного Саяна. От этой точки граница водохозяйственного участка поворачивает на запад, затем, обходя истоки левого притока Бирюсы р. Пойма, уходит на север по Приангарскому плато к точке схождения границ водохозяйственных участков 16.01.02.002, 16.01.02.003 (Тасеева) и 17.01.03.004 (т.16035), далее, поворачивая на северо-запад по водоразделам рек Аган, Усолка (16.01.02.003) и Почет, Кайтым (16.01.02.002) следует до точки замыкания – т.16029. Значительная часть границы бассейна Бирюсы проходит по горам Восточного Саяна с абсолютными отметками выше 2000 м. Здесь отчетливо проявляется в смене ландшафтов высотная поясность. До высоты 1500-1800 м преобладают ландшафты темнохвойной пихтовой и кедрово- пихтовой тайги, в высокогорном поясе наряду с каменистыми тундрами нередко встречаются субальпийские луга. При выходе на Приангарское плато абсолютные высоты снижаются до 500 м, а на заключительном отрезке – до 200 м. Здесь распространены южнотаежные ландшафты с преобладанием лиственнично-сосновых и лиственнично-березовых лесов."""
Снов,"""Водохозяйственный участок 04.01.00.014 включает часть российскую часть бассейна р. Снов до Государственной границы РФ с Белоруссией и Украиной. Площадь водохозяйственного участка составляет 3.1 тыс. км2. Р. Снов пересекает границу с Украиной в т.4046. Отт.4046 граница участка идет по Государственной границе с Украиной на запад до т.173 – точки схождения Государственных границ РФ, Белорусии и Украины, затем по границе с Белоруссией до т.4027 га границе с водохозяйственным участком 04.01.00.007 (Ипуть), после чего поворачивает на север, огибает бассейн р. Вага, и, отклоняясь на северо-восток, приходит в т.4026, где сходятся границы водохозяйственных участков 04.01.00.007, 04.01.00.011 (Российская часть бассейна р. Десна ниже г. Брянск) и 04.01.00.014. Здесь граница поворачивает на юго-восток и по водоразделу бассейнов рек Титва и Вабля доходит до Государственной границы РФ с Украиной в т.4037, от которой по ней же возвращается к расчетному створу в т.4046."""
Сосна,"""Водохозяйственный участок 05.01.01.002 включает бассейн р. Сосна с замыкающим створом в месте ее впадения в р. Дон (т.5006). Площадь водохозяйственного участка составляет 17.4 тыс. км2. От точки замыкающего створа граница участка следует в юго-западном направлении до т.5007, в которой сходятся границы водохозяйственных участков 05.01.01.002, 05.01.01.003 (Дон от истока до г. Задонск без рр. Красивая Меча и Сосна) и 05.01.01.008 (Дон от г. Задонск до г. Лиски без рр. Воронеж (от истока до Воронежского г/у) и Тихая Сосна) и далее до истока р. Снова, у которого поворачивает на юг до административных границ Липецкой и Воронежской областей (т.5008) и Воронежской и Орловской областей (т.5009). В т.220 граница участка проходит схождение границ водохозяйственных участков 05.01.01.002, 05.01.01.008 и 05.01.04.003 (Оскол от Старооскольского г/у и его притоки до границы РФ с Украиной ), пересекает границу Воронежской и Курской областей и поворачивает на запад до т.5098 – точки схождения границ водохозяйственных участков 05.01.01.002, 05.01.04.002 (Оскол до Старооскольского г/у) и 05.01.04.003. От этой точки граница продолжается на запад, огибая верховья р. Оскол, до т.166 – точки схождения границ водохозяйственных участков 04.01.00.012 (Сейм от истока до г. Курск), 05.01.01.002 и 05.01.04.002, затем уходит на северо-запад, в т.5014 пересекает границу Курской и Орловской областей, а в т.165 у истока р. Снова приходит к схождению границ водохозяйственных участков 04.01.00.012, 05.01.01.002 и 09.01.01.001 (р. Ока от истока до г. Орел). Здесь граница резко поворачивает на северо-восток, идет по водоразделу бассейнов рр. Неручь, Зуша и Любовша и после т.5015, где сходятся границы водохозяйственных участков 05.01.01.001 (Красивая Меча), 05.01.01.002 и 09.01.01.002, отклоняется на юг до границы Липецкой и Орловской областей (т.5003), после пересечения которой уже в восточном направлении достигает т.5002 – точки схождения границ водохозяйственных участков 05.01.01.001, 05.01.01.002 и 05.01.01.003. Замыкается участок в т.5006 на юг от т.5002."""
"""Руза от истока до Рузского г/у""","""Водохозяйственный участок 09.01.01.011 охватывает верхнюю часть бассейна р. Руза и замыкается в расчетном створе Рузского г/у (т.9046). Площадь водохозяйственного участка составляет 1,2 тыс. км2. От т.9046 граница между водохозяйственными участками 09.01.01.011 и 09.01.01.013 (Москва от Можайского г/у до г. Звенигород без р. Руза (от истока до Рузского г/у) и р. Озерна (от истока до Озернинского г/у)) делает плавный изгиб к югу, направляется на северо-запад и в верховьях р. Исконы достигает т.9045, где сходятся границы водохозяйственных участков 09.01.01.011, 09.01.01.013 и 09.01.01.010 (Москва от истока до Можайского г/у). От этой точки граница продолжается на северо-запад, и в вблизи административной границы Московской и Смоленской областей в т.8005 сходятся участки 09.01.01.011, 08.01.01.003 (Вазуза от истока до Зубцовского г/у без р. Яуза до Кармановского г/у) и 08.01.01.006 (Волга от г. Зубцов до г. Тверь без р. Тверца). К востоку от этой точки снова на небольшом расстоянии граница достигает еще одной точки (8019) схождения границ водохозяйственных участков 09.01.01.011, 08.01.01.006 и 08.01.01.007 (Волга от г. Тверь до Иваньковского г/у (Иваньковское в-ще)). В юго-восточном направлении, разделяя бассейны рр. Руза и Лама, граница делает изгиб в точке 681 в верховьях р. Лобь. В точке 9048, где сходятся границы участков 08.01.01.007, 09.01.01.011 и 09.01.01.012 (Озерна от истока до Озернинского г/у), граница поворачивает на юго-запад и приходит в замыкающий створ (т.9046) в непосредственной близости от которой расположена точка схождения границ трех водохозяйственных участков 09.01.01.011, 09.01.01.012 и 09.01.01.013."""
"""Камский участок Куйбышевского в-ща от устья р. Кама до пгт. Камское устье без р.Шешма и Волга""","""Водохозяйственный участок 11.01.00.003 включает Камский участок Куйбышевского водохранилища от устья р. Кама до расчетного створа пгт Камское устье т.11001. Площадь водохозяйственного участка составляет 13,0 тыс. км2. От т.11001 – граница участков 11.01.00.003 и 11.01.00.001 (Волжский участок Куйбышевского в-ща от г. Казань до пгт. Камское устье) простирается на север, плавно поворачивает на северо-восток по водоразделу рр. Меша и Казанка и доходит до т.11003 являющейся точкой схождения границ водохозяйственных участков 10.01.03.005 (Вятка от в/п пгт. Аркуль до г. Вятские Поляны), 11.01.00.001 и 11.01.00.003. Далее граница участков 11.01.00.003 и 10.01.03.005 идет на юго-восток вдоль верхней границы бассейна р. Меша до т.10103, в которой сходятся границы участков 11.01.00.003, 10.01.03.005 и 10.01.03.006 (Вятка от г. Вятские Поляны до устья). Юго- восточное направление границы участков 11.01.00.003 и 10.01.03.006 сохраняется по водоразделу правых притоков Камского участка Куйбышевского водохранилища и рр. Шия и Ошма. В следующей точке 312 сходятся границы водохозяйственных участков 11.01.00.003, 10.01.03.006 и 10.01.01.015 (Кама от Нижнекамского г/у до устья без р. Вятка). От нее граница участков 11.01.00.001 и 10.01.01.015 идет по водоразделу рр. Уратыма и Зай до т.11005 – точки схождения границ водохозяйственных участков 10.01.01.015, 11.01.00.002 (Шешма) и 11.01.00.003. Затем, резко повернув на северо-запад, граница участков 11.01.00.003 и 11.01.00.002 идет по водоразделу р. Уратымы с рекой Оша до т.11004, обозначающей место впадения р. Шешмы в р. Каму. Здесь граница поворачивает на юго-запад и по границе бассейна р. Толкишки достигает т.11008, где сходятся границы водохозяйственных участков 11.01.00.002, 11.01.00.003 и 11.01.00.004 (Большой Черемшан). Юго-западное направление границы участков 11.01.00.003 и 11.01.00.004 сохраняется по водоразделу р. Мал.Черемшан и притоков Камского участка Куйбышевского в-ща – рр. Шентала, Курлянка, Салманка до т.11009 – точки схождения границ водохозяйственных участков 11.01.00.003, 11.01.00.004 и 11.01.00.005 (Куйбышевское в-ще от пгт. Камское устье до Куйбышевского г/у без р. Бол.Черемшан). Затем граница участков 11.01.00.003 и 11.01.00.005 направляется на северо-запад до замыкающей точки расчетного створа – т.11001."""
"""Уссури от истока до впадения р. Большая Уссурка без р. Сунгача""","""Водохозяйственный участок 20.03.07.002 охватывает верхнюю часть бассейна р. Уссури от истока до впадения ее правого притока Большая Уссурка (не включая бассейн р. Сунгача). Уссури берёт начало в горах Сихотэ-Алиня; в верхнем течении это горная река, далее она приобретает характер равнинной реки. Водохозяйственный участок расположен на территории Приморского края, площадь водохозяйственного участка составляет 27,5 тыс. км2 . В соответствии с Реестром опорных точек описание границы водохозяйственного участка 20.03.07.002 начинается от т.868, где в Уссури впадает р. Бол. Уссурка (расчетный створ) и сходятся границы водохозяйственных участков 20.03.07.003 (Большая Уссурка), 20.03.07.006 (Уссури от впадения р. Большая Уссурка до устья без рр. Бикин и Хор) и 20.03.07.002. От устья Бол.Уссурки граница водохозяйственного участка идет на юго-восток, поднимаясь по северным отрогам хребта Синий, огибает верховья рек Тамга и Бол.Кабарга, выходит на гребень хребта Холодный и далее на Сихлтэ-Алинь к точке (т.20018) схождения границ водохозяйственных участков 20.03.07.002, 20.03.07.003 и 20.04.00.002 (Реки бассейна Японского моря от северной границы бассейна р. Самарга до восточной границы бассейна р. Партизанская). Отсюда граница поворачивает по хребту Сихотэ-Алинь на юго-запад, проходит по верховьям бассейнов рек Павловка (20.03.07.002) и Аввакумовка (20.04.00.002) и далее рек Уссури и Киевка (т.865), затем, огибая верховья Уссури и поворачивая на запад, проходит т.20045 - водораздел водохозяйственных участков 20.03.07.002, 20.04.00.002 и 20.04.00.003 (Реки бассейна Японского моря от восточной границы бассейна р. Партизанская до восточной границы бассейна р. Раздольная). Пройдя далее короткий отрезок в западном направлении, граница водохозяйственного участка поворачивает на юг, выхолит на хребет Пржевальского, огибает верховья р. Арсеньевка и подходит к точке схождения границ водохозяйственных участков 20.03.07.001 (Сунгача, вкл. оз. Ханка), 20.03.07.002 и 20.04.00.003 (т.20019). От этой точки граница водохозяйственного участка идет на север, далее обходит верховья притоков р. Арсеньевка (20.03.07.002), уходит на северо-восток по хребту Синий, огибает верховья р. Белая, вновь поворачивая на север и подходит к т.867, где в Уссури впадает левый приток - р. Сунгача на границе РФ и Китая. Далее от т.867 до замыкания в т.868 граница водохозяйственного участка 20.03.07.002 совпадает с Государственной границей РФ и Китая и проходит по р. Уссури. На большем протяжении граница водохозяйственного участка проходит по хребтам горной системы Сихотэ-Алиня, характеризующегося сложной структурой высотной поясности. Здесь произрастают в основном хвойно-широколиственные леса с грабом. С высоты 1000-1500 м господствуют охотские елово-пихтовые леса. Долины рек и поймы заняты луговой и болотно- луговой растительностью."""
"""Реки бассейна моря Лаптевых от границы бассейна р. Яна на западе до границы бассейна Восточно-Сибирского моря (мыс Святой Нос) на востоке""","""Водохозяйственный участок 18.04.03.004 бассейны рек бассейна моря Лаптевых от границы бассейна р. Яна на западе до границы бассейна Восточно-Сибирского моря (мыс Святой Нос) на востоке, расположен целиком в Респ. Саха (Якутия). Наиболее крупной рекой этого участка является р. Чондон. Площадь водохозяйственного участка составляет 18,9 тыс. км2. В т.757, расположенной на мысе Святой Нос на границе между морем Лаптевых и Восточно- Сибирским морем, граница отходит от побережья и простирается в юго-восточном направлении, огибает исток р. Архип-Юряге (т.758), поворачивает на юго-запад, огибает истоки р. Сан-Юрях (т.759) и идет по Яно-Индигирской низменности, разделяя бассейны рек Кюель-Юрях, Урюнг- Улах, Топордах, Хрома (т.760) и Муксунуоха, Сюрюктях, затем граница поворачивает на юго- запад, пересекая хребты Кюн-Тас, Нэмкучэнский, Селенняхский и Иргичинский и, проходя по водоразделам бассейнов рек Нучча, Чондон и Бакы, Иргичан, проходит через точку схождения границ водохозяйственных участков 18.04.03.002 (Яна от впадения р. Адыча до устья без р. Бытантай), 18.04.03.004 и 18.05.00.003 (Индигирка от впадения Момы до в/п Белая Гора) в верховьях р. Селеннях в (т.761), поворачивает на северо-запад, выходит к береговой линии моря Лаптевых (т.18095) – точке примыкания к береговой линии моря Лаптевых границы водохозяйственных участков 18.04.03.002 и 18.04.03.004 и вдоль береговой линии моря Лаптевых следует к начальной т.757. Ландшафты хребтов представлены в основном горной и арктической тундрой или лишены растительности. На равнине при движении с севера на юг ландшафты меняются от лишайниково- моховых и кустарничково-травянистых арктических тундр до лесотундровых заболоченных редколесий."""
Онега,"""Водохозяйственный участок 03.05.02.001 полностью охватывает бассейн р. Онега –с замыкающим расчетным створом в месте впадения р. Онега в Онежскую губу – т.69 на границе с водохозяйственным участком 03.01.00.002 (Реки бассейна Онежской губы от западной границы бассейна р. Унежма до северо-восточной границы бассейна р. Золотица без р. Онега). Водохозяйственный участок расположен на территории Архангельской и Вологодской областей. Площадь водохозяйственного участка составляет 56,9 тыс. км2.От точки замыкающего створа граница идет на север до т.3008 на водоразделе рр. Тамица и Вонгуда, затем поворачивает на восток до т.3001 – точки схождения границ водохозяйственных участков 03.01.00.001, 03.01.00.002 и 03.02.03.005 (Реки бассейна Белого моря от северо-восточной границы р. Золотица до мыса Воронов без р. Северная Двина) и далее до т.71 в верховье р. Кодина. Здесь граница поворачивает на юг, проходит т.3002, в которой сходятся границы водохозяйственных участков 03.01.00.001, 03.02.03.004 (Северная Двина от впадения р. Вага до устья без р. Пинега) и 03.02.03.005 и по водоразделу рр. Онега и Сев. Двина приходит в т.72 в междуречье рр. Моша и Ледь. Абсолютная высота от нулевой отметки побережья возрастает до 220 м, характерен холмистый моренный рельеф с камами иозами. Южнее распространены ландшафты Онежско-Двинской провинции лесной зоны Русской равнины с преобладанием еловых средне- и северотаежных лесов-зеленомошников. От т.72 граница по южной оконечности Няндомской возвышенности простирается на юг через т.3004 на водоразделе рр. Подюга и Икса, до т.73 – точки схождения границ водохозяйственных участков 03.01.00.001, 03.02.01.001 (оз. Кубенское и р. Сухона от истока до Кубенского г/у) и 03.02.03.002 и далее до пересечения административной границы Архангельской и Вологодской обл. в т.74. Здесь граница делает резкую петлю к т.3005 на водоразделе рр. Вожега и Кубена, затем поворачивает на запад до т.75, в которой сходятся границы водохозяйственных участков 03.01.00.001, 03.02.01.001 и 08.01.02.003 (Шексна от истока (вкл. оз. Белое) до череповецкого г/у). Абсолютные высоты на этом отрезке границы составляют около 200 м, снижаясь к югу от озера Воже до 170 м, рельеф холмистый, моренный. На этом участке ландшафты представлены смешанными, часто заболоченными лесами, накарбонатной морене распространены ельники с примесью широколиственных пород. От т.75 граница уходит на север, следуя по водоразделу между озерами Воже и Белое, пересекает границу Архангельской и Вологодской обл. в т.76. Далее граница, следуя по восточной оконечности Андомской возвышенности, приходит сначала в т.41 – точку схождении границ водохозяйственных участков 03.01.00.001, 01.04.01.004 (Водла от Водлозерского г/у до устья) и 08.01.02.003, затем пересекает границу Республики Карелия и Архангельской обл. в т.40 и в этом же северном направлении, следуя вдоль административной границы Респ. Карелия и Архангельской области, достигает сначала т.1041, в которой сходятся границы водохозяйственных участков 03.01.00.001, 01.04.01.004 и 01.04.01.003 (Водла включая оз. Водлозеро от истока до Водлозерского г/у), а затем т.3006, где сходятся границы водохозяйственных участков 03.01.00.001, 03.01.00.002 и 01.04.01.003. После поворота на восток граница участка выходит к побережью Онежской губы и, следуя вдоль него, замыкается в расчетном створе – т.69. На начальном отрезке этого участка границы абсолютная высота возрастает до 255 м, рельеф характеризуется наличием крупных моренных всхолмлений. Господствуют ландшафты северной подзоны хвойных лесов (сочетание ели, сосны и лиственницы) со сфагновыми болотами, по песчаным почвам аллювиально- зандровых равнин произрастают сосновые боры. На конечном отрезке - абсолютные отметки постепенно снижаются до нулевых отметок побережья Белого моря. По обе стороны границы - многочисленные озера и болота и мелкие реки, впадающие в Белое море. На каменистых участках кряжа распространены сосновые беломошные леса, на заболоченных равнинных участках – гидроморфные ландшафты в сочетании с чахлой сосной."""
"""Малка от истока до Кура-Марьинского канала""","""Водохозяйственный участок 07.02.00.005 охватывает верховья бассейна р. Малка от истока до начала Кура-Марьинского канала. Участок расположен в Республиках Кабрдино-Балкария и Карачаево-Черкессия, его площадь составляет 1,9 тыс. км2. От расчетного створа на р. Малка у начала Кура-Марьинского канала (т.7046 схождения границ водохозяйственных участков 07.02.00.005, 07.01.00.012 (Кура) и 07.02.00.008 (Малка от Кура-Марьинского канала до устья без р. Баксан) граница водохозяйственного участка 07.02.00.005 следует на юго-запад, проходит т.7047 схождения границ водохозяйственных участков 07.02.00.005, 07.02.00.007 (Баксан без р. Черек) и 07.02.00.008 на водоразделе рр. Малка и Гунделан, и далее по водоразделу рр. Шаукоп и Тызыл достигает т.6078 схождения границ водохозяйственных участков 07.02.00.005, 07.02.00.007 и 06.02.00.001 (Кубань от истока до г. Усть-Джегута). От этой точки граница поворачивает на север, проходит по водоразделу рр. Малка и Худес, достигает т.233 схождения границ водохозяйственных участков 07.01.00.004 (Подкумок от истока до г. Кисловодск), 07.02.00.005 и 06.02.00.001 у верховий рр. Хасаут и Мушга, после чего поворачивает на восток. Далее граница водохозяйственного участка пересекает на Джинальском хребте границу между Ставропольским краем и Кабардино- Балкарской Республикой (т.251), следуя по гребню хребта последовательно проходит точки схождения границ водохозяйственных участков – т.7011 схождения границ водохозяйственных участков 07.01.00.004, 07.01.00.005 (Подкумок от г. Кисловодск до устья) и 07.02.00.005, затем т.7015 схождения границ водохозяйственных участков 07.01.00.005, 07.01.00.006 (Кума от впадения р. Подкумок до Отказненского г/у) и 07.02.00.005, после чего поворачивает на северо-восток, проходит по водоразделу рр. Золка и Малка, проходит т.250 схождения границ водохозяйственных участков 07.02.00.005, 07.01.00.006 и 07.01.00.012 (Кура), после чего замыкается в начальной точке. Абсолютные отметки высот достаточно резко увеличиваются по мере следования границы водохозяйственного участка от 400 до 5625 м, рельеф территории меняется от возвышенных равнин до высокогорий. Предгорная равнина Среднего Предкавказья характеризуется ландшафтами лесостепной зоны, на высокогорьях Большого Кавказа в рельефе выражены куэстовые гряды, разделенные продольными долинами. Рельеф высокогорных хребтов осложнен ледниковыми формами. Значительные площади заняты скалами, крутыми склонами, каменистыми осыпями. Местами развит карст. Здесь проявляется высотная поясность в смене ландшафтов."""
"""Лена от впадения р.Алдан до впадения р.Вилюй""","""Водохозяйственный участок 18.03.07.001 охватывает территорию бассейна р. Лена от впадения р. Алдан до впадения р. Вилюй, полностью расположен в Респ. Саха (Якутия). Площадь водохозяйственного участка составляет 46,0 тыс. км2. От т.752 впадения р. Вилюй в р. Лена на схождении границ водохозяйственных участков 18.03.07.001, 18.03.08.006 (Вилюй от впадения р. Марха до устья без р. Тюнг) и 18.03.09.001 (Лена от впадения р. Вилюй до в/п ГМС Джарджан) граница следует на северо-восток по западным отрогам Верхоянского хребта, проходит через т.751 схождения границ водохозяйственных участков 18.03.06.009 (Алдан от впадения р. Амга до устья), 18.03.07.001 и 18.03.09.001, поворачивает на юго-восток, затем, оконтуривая бассейн р. Тумара, затем поворачивает на юго-запад к т.750, спускается на равнину к устью р. Алдан, проходит через точку впадения р. Алдан в р. Лена в точке схождения (т.743) границ водохозяйственных участков 18.03.05.002 (Лена от в/п п. Покровск до впадения р. Алдан), 18.03.06.009 и 18.03.07.001. Граница разделяет бассейны рек (с юга) Герге-Тюгене, Белянка и (с севера) Ляписке, Нуора, Тумара. Склоны хребтов покрыты редкостойными лиственничными лесами, на вершинах преобладают горно-тундровые ландшафты, на равнине лиственничные леса среднетаежной тайги перемежаются с луговыми пространствами. От т.743 граница поворачивает на юг, проходит по водоразделу рек Кенкеме и Лена (т.749), далее на схождении границ водохозяйственных участков 18.03.05.001 (Лена от устья Олекмы до в/п п. Покровск), 18.03.05.002 и 18.03.07.001 (т.18048) поворачивает на запад, затем, огибая верховья р. Кенгкеме, поворачивает на северо-запад к т.748 на водоразделе р. Кенкеме и Лена, выходит на Приленское плато на водораздел рек Сите и Матта (т.747) и достигает т.746 схождения границ водохозяйственных участков 18.03.05.001, 18.03.07.001 и 18.03.08.006, затем поворачивает на север, проходит по Вилюйской низменности, оконтуривая бассейн р. Лунгъхе (т.753), поворачивает на северо-восток и подходит к исходной т.752. Граница разделяет бассейны рек (с севера) Ханчалы, Кенгкеме, Сите, Тюпоэне, Пунгха и (с юга) Буотама, Мата, Чыра, Баппагай, Вилюй. Территория водохозяйственного участка относится к подзоне северной полосы средней тайги. Господствует лиственничная тайга, как правило, кустарниково-травяная."""
"""Лена от в/п п. Покровск до впадения р.Алдан""","""Водохозяйственный участок 18.03.05.002 охватывает территорию бассейна р. Лена от в/п п. Покровск до р. Алдан и расположен целиком в Респ. Саха (Якутия). Площадь водохозяйственного участка составляет 33,0 тыс. км2. От т.743 впадения р. Алдан в р. Лена. на схождении границ водохозяйственных участков 18.03.05.002, 18.03.06.009 (Алдан от впадения р. Амга до устья) и 18.03.07.001 (Лена от впадения р. Алдан до впадения р. Вилюй) граница следует на юго-восток по восточной окраине Приленского плато, проходит через точку схождения границ водохозяйственных участков 18.03.05.002, 18.03.06.009 и 18.03.06.008 (Амга) (т.18049), затем через т.744 на границе с водохозяйственным участком 18.03.06.008, поворачивает на юго-запад в, поднимается на Приленское плато, разделяя верховья рек Тамма и Таппа, проходит через т.18045 схождения границ водохозяйственных участков 18.03.05.001, 18.03.05.002 и 18.03.06.008, пересекает р. Лена ниже п. Покровск (т.18044), делает петлю в западном направлении, проходя по водоразделу через точку схождения границ водохозяйственных участков 18.03.05.001, 18.03.05.002 и 18.03.07.001 - т.18048, выходит к т.749 на водоразделе р. Кенгкеме и Лена и замыкается в исходной т.743. Абсолютные высоты на этом отрезке составляют 300-400 м, понижаясь в устье Алдана до 100 м. Территория характеризуется пологоволнистым рельефом с отдельными небольшими повышениями. Ландшафты представлены среднетаежными сосново-лиственничными лесами, лиственничной тайгой с подлеском из ерника, в долинах рек развиты лиственничники с подлеском из кустарниковых берез и ив."""
"""Проня от истока до устья""","""Водохозяйственный участок 09.01.01.021 включает бассейн р. Проня от истока до замыкающего расчетного створа в месте впадения р. Проня в р. Оку (т.9080). Участок расположен на территории Рязанской, Тульской и Липецкой областей. Площадь водохозяйственного участка составляет 10,2 тыс. км2. От т.9080 граница направляется к югу по водоразделу рр. Ранова (правый приток Прони) и Пара (приток Оки) и, разделяя участки 09.01.01.021 и 09.01.01.022, приходит в т.9081, где пересекаются границы водохозяйственных участков 09.01.01.021, 09.01.01.022 и 05.01.01.005 (Воронеж от истока до г. Липецк без р. Матыра от истока до Матырского г/у). Отсюда граница уходит к юго- западу, отделяя верховья рек Лесной Воронеж и Становая (бассейн р. Воронеж) и в т.180 пересекает административную границу между Рязанской и Липецкой областями. От т.180 граница участка проходит к западу, сначала вдоль административной границы, затем отклоняется от нее к югу в верховьях р. Ранова и снова пересекает ее в т.179 – точке схождения границ водохозяйственных участков 05.01.01.003 (Дон от истока до г. Задонск без рр. Красивая Меча и Сосна), 05.01.01.005 и 09.01.01.021. Перемещаясь вновь по территории Рязанской области и огибая верховья р. Ранова, граница участка отклоняется к северу, затем поворачивает на северо-запад, пересекая в т.178 административную границу между Рязанской и Тульской областями. Сохраняя северо-западное направление, граница устремляется в направлении г. Новомосковск и, немного не доходя до города, попадает в т.9014, где сходятся границы водохозяйственных участков 09.01.01.021, 05.01.01.003 (Дон от истока до г. Задонск без рр. Красивая Меча и Сосна) и 09.01.01.003 (Упа). Обогнув с востока верховья р. Шат, граница участка оказывается в т.9013, где стыкуются территории участков 09.01.01.021, 09.01.01.003 и 09.01.01.019 (Ока от г. Кашира до г. Коломна без р. Москва). К северу от т.9013, рядом с точкой схождения границ Московской, Тульской и Рязанской областей, граница участка проходит через т.9074 и перемещается к востоку до т.9073 (точка схождения границ водохозяйственных участков 09.01.01.021, 09.01.01.019, 09.01.01.020 – (Ока от г. Коломна до г. Рязань). Огибая бассейн р. Проня в его верхней части, граница проходит через т.9076 (точка схождения границ водохозяйственных участков 09.01.01.020, 09.01.01.021 и 09.01.01.022), продолжается к юго-востоку по водоразделу рр. Проня и Истья и, повернув к северо-востоку, достигает замыкающего расчетного створа в месте впадения р. Проня в р. Оку (т.9080)."""
"""Индигирка от в/п Белая Гора до устья""","""Водохозяйственный участок 18.05.00.004 охватывает территорию бассейна р. Индигирка от в/п Белая Гора до устья и расположен целиком в Респ. Саха (Якутия). Площадь водохозяйственного участка составляет 73,0 тыс. км2. От т.772 в дельте р. Индигирка граница тянется на юго-восток вдоль береговой линии Восточно- Сибирского моря до т.773 примыкания к береговой линии Восточно-Сибирского моря границы между водохозяйственными участками 18.05.00.004 и 18.06.00.001 (Реки бассейна Восточно- Сибирского моря (вкл. р. Алазея) от границы бассейна р. Индигирка на западе до границы бассейна р. Колыма на востоке). Ландшафты представлены сочетанием мохово-лишайниковых и кустарничковых тундр с тундровыми травяными болотами и пятнами голого грунта. В т.773 граница отходит от береговой линии Восточно-Сибирского моря, поворачивает на юг и следует по западной окраине Колымской низменности до т.774 в верховьях рек Арга-Юрях и Илин-Юрях, а затем в южном направлении поднимается на Алазейское плоскогорье к т.18101 схождения границ водохозяйственных участков 18.05.00.003 (Индигирка от впадения Момы до в/п Белая Гора), 18.05.00.004 и 18.06.00.001. В ландшафтной структуре выражена вертикальная дифференциация. Наиболее высокие водораздельные пространства заняты каменистыми горными тундрами, ниже располагаются редкостойные северо-таежные лиственничные леса в сочетании с участками южной тундры. Прибрежная плоская равнина занята кустарничковыми и арктическими тундрами. От т.18101 граница поворачивает на запад, проходит через т.18100 – точку пересечения р. Индигирка границы с водохозяйственным участком 18.05.00.004 ниже в/п п. Белая Гора, делает петлю в северном направлении, проходит через точку схождения границ водохозяйственных участков 18.05.00.003, 18.05.00.004 и 18.05.00.005 (Реки бассейна Восточно-Сибирского моря от мыса Святой Нос на западе до границы бассейна р. Индигирка на востоке) - т.18102, поворачивает на северо-восток и выходит к т.18103 примыкания к береговой линии Восточно- Сибирского моря границы между водохозяйственными участками 18.05.00.004 и 18.05.00.005 и замыкается в исходной т.772. Ландшафты высоких хребтов представлены в основном горной и арктической тундрой или лишены растительности. На равнине при движении с юга на север ландшафты меняются от лесотундровых заболоченных редколесий до лишайниково-моховых и кустарничково-травянистых арктических тундр."""
"""Водные объекты бассейна Черного моря от границы РФ с Украиной на Перекопском перешейке до северной границы бассейна р. Западный Булганак""","""Водохозяйственный участок 21.01.00.001 охватывает водосборы водных объектов западного Крыма, относящихся к бассейну Черного моря. С севера ВХУ ограничен государственной границей РФ с Украиной, с юга - северной границей бассейна р. Зап. Булганак, с востока – водоразделом Черного и Азовского моря, с запада – береговой линией Черного моря. Водохозяйственный участок расположен в равнинной части Крымского полуострова, на западе участка имеется поднятие – Тарханкутская возвышенность. Территория участка представлена ландшафтами степей: на севере – пустынных, в центре и на юге - типичных. Естественная гидрографическая сеть участка представлена в основном немногочисленными и неглубокими реками (сухоречьями) и балками, многие из которые путем спрямления были преобразованы в искусственные водные объекты – коллекторы. Наиболее крупные водотоки – р. Чатырлык, впадающая в Каркинитский залив, и ее приток р. Воронцовка. Наиболее густая сеть балок и сухоречий – на Тарханкутском полуострове: балки Самарчик, Агарсу, Бакальская, Донузлавская. Самая большая река участка – Чатырлык, протекающая в северо-западной части участка и впадающая в Каркинитский залив. На территории участка есть несколько крупных озер – Сасык, Сакское, Донузлав. Значительную долю водных объектов составляют искусственные водные объекты, которые представлены системой каналов: Раздольнеский, Соединительный и Сакский, – последовательно передающих воду от Северо-Крымского канала в Межгорное водохранилище, расположенное на юге водохозяйственного участка и использующееся для целей водоснабжения г. Симферополя. В административном отношении водохозяйственный участок полностью расположен в пределах Республики Крым. Площадь участка составляет 8,42 тыс. км2. От т. 919 на берегу Перекопского залива Черного моря на государственной границе РФ с Украиной граница водохозяйственного участка проходит в северо-восточном направлении вдоль государственной границы до водораздела с бассейнами рек Азовского моря (т. 920 – граница с гидрографической единицей 21.02.00, ВХУ 21.02.00.001 – Водные объекты бассейна зал. Сиваш Азовского моря от границы РФ с Украиной на Перекопском перешейке до северной границы бассейна р. Салгир). В т. 920 граница поворачивает на юго-восток и идет вдоль водораздела между бассейнами Черного и Азовского морей, плавно заворачивая сначала на юг, юго-восток, потом – на юго-запад. В т. 21001 сходятся границы трех ВХУ: 21.01.00.001, 21.02.00.001 и 21.02.00.002 (Бассейн р. Салгир). От т. 21001 до т. 921 граница следует в юго-юго-западном направлении, затем в т. 921 делает плавный поворот на юго-юго-восток и идет в этом направлении вплоть до т. 21002 (схождение границ трех водохозяйственных участков 21.01.00.001, 21.01.00.002 (Реки бассейна Черного моря от северной границы бассейна р. Западный Булганак до северной границы бассейна р. Черная) и 21.02.00.002), после чего делает резкий поворот на запад и спускается к побережью Черного моря вдоль северной границы бассейна р. Зап. Булганак. От т. 21003 (примыкание границы между водохозяйственными участками 21.01.00.001 и 21.01.00.002 к берегу моря) граница идет сначала в северном, потом в северо-западном направлении вдоль побережья, проходит по косам, отделяющим озера Кизыл-Яр, Сакское и Сасык от морской акватории, затем, после г. Евпатории, делает поворот и выходит на мыс Евпаторийский (т. 932). От т. 932 граница идет вдоль побережья в северо-западном направлении, минует оз. Донузлав, затем идет вдоль берега полуострова Тарханкут, выходит на его крайнюю западную точку – м. Прибойный (т. 933), затем делает поворот на северо-восток и следует дальше вдоль побережья, минует Ярылгачскую бухту, идет вдоль берега Каркинитского залива, выходит на мыс Бакал (т. 934). От т. 934 граница и далее следует вдоль берега моря преимущественно в северо-восточном направлении, затем поворачивая на север и смыкаясь с государственной границей РФ в т. 919. На этом отрезке границы в море впадает р. Чатырлык."""
"""Урал от истока до Верхнеуральского г/у""","""Водохозяйственный участок 12.01.00.001 охватывает верховья р.Урал от истока, расположенного на южных отрогах хребта Уралтау, до замыкающего створа Верхнеуральского гидроузла (т.12019). Площадь водохозяйственного участка составляет 4,28 тыс. км2. От т.12019 граница участка следует в субмеридиональном направлении до т.12020, в которой пересекает границу между Челябинской обл. и Респ. Башкортостан. Далее, огибая оз. Узинкуль, граница выходит на поверхность водораздела – Южный Урал, где в т.12021 сходятся границы водохозяйственных участков 12.01.00.001, 12.01.00.002 (Урал от Верхнеуральского г/у до Магнитогорского г/у) и 10.01.02.001 (Белая от истока до в/п Арский Камень). Далее граница поворачивает на северо-восток и проходит по водоразделу через т.322 в верховьях р. Белая, т.10046, в которой сходятся границы водохозяйственных участков 12.01.00.001, 10.01.02.001 и 10.01.02.011 (Буй от истока до Кармановоского г/у), пересекает границу между Челябинской обл. и Респ. Башкортостан в т.321 и продолжается вдоль этой границы до точки (т.320) схождения границ водохозяйственных участков 12.01.00.001, 10.01.02.010 (Ай от истока до устья) и 14.01.05.002 (Тобол от истока до впадения р. Уй без р. Увелька). Отсюда граница поворачивает на юг, пересекает границу между Челябинской обл. и Респ. Башкортостан в т.352, проходит т.14014 – точку схождения границ водохозяйственных участков 12.01.00.001, 14.01.05.002 и 12.01.00.003 (Урал от Магнитогорского г/у Ириклинского г/у), т.12017 – точку схождения границ водохозяйственных участков 12.01.00.001, 12.01.00.002 и 12.01.00.003 и замыкается в т.12019."""
"""Северский Донец, от в/п г. Лисичанск до границы ЛНР с Ростовской областью (без рек Айдар и Лугань)""","""Водохозяйственный участок 05.01.04.010 включает часть бассейна р. Северский Донец от в/п г. Лисичанск (т.5139)до границы ЛНР с Ростовской областью (без рек Айдар и Лугань). Площадь водохозяйственного участка составляет 4.25 тыс. км2. От точки замыкающего створ а(т.5139), в которой сходятся границы водохозяйственных участков 05.01.04.009, 05.01.04.004 и 05.01.04.008 на пересечении границ ЛНР и ДНР, граница участка идет на восток к точке т.5138 , в которой сходятся границы водохозяйственных участков 05.01.04.009, 05.01.04.004 и 05.01.04.010, затем огибает водохозяйственный участок 05.01.04.004 и в точке схождения границ водохозяйственных участков 05.01.04.004, 05.01.04.005 и 05.01.04.010 (т.5101) резко меняет направление на юг и юго-запад вдоль водохозяйственного участка 05.01.04.005 до точки т.5102 – точки схождения границ водохозяйственных участков 05.01.04.010, 05.01.04.005 и 05.01.05.010. Затем по водоразделу реки Лугань идет к схождению границы водохозяйственных участков 05.01.04.008, 05.01.04.010 и 05.01.04.012 в точке т.5140 и достигает замыкающего створа – т.5139."""
"""Реки бассейна Черного моря от северной границы бассейна р. Западный Булганак до северной границы бассейна р. Черная""","""Водохозяйственный участок 21.01.00.002 охватывает бассейны рек западной части северного макросклона Крымских гор, впадающих в Черное море: реки Альма, Кача, Бельбек и Западный Булганак. С севера ВХУ ограничен северной границей бассейна р. Зап. Булганак, с востока – водоразделом с реками бассейна Азовского моря (бассейн р. Садгир), с юго-востока – водоразделом с реками южного берега Крыма (главной грядой Крымских гор), с юго-запада – водоразделом с бассейном р. Черная, с запада – береговой линией Черного моря. Водохозяйственный участок находится в предгорной и горной частях Крымского полуострова. На территории участка в предгорьях представлены ландшафты лесостепного предгорного пояса (в основном северо-западная часть ВХУ), в горах - лесных поясов: дубовых, буковых и грабовых лесов (юго-восточная часть ВХУ). Основные реки водохозяйственного участка – р. Западный Булганак, р. Альма, р. Кача, р. Бельбек – берут начало на главной гряде Крымских гор, затем протекают по предгорьям и впадают в Черное море. Также на территории водохозяйственного участка имеется ряд водохранилищ, используемых для нужд водоснабжения и орошения: Партизанское (р. Альма), Загорское (р. Кача), Счастливое (р. Манготра), Бахчисарайское (р. Кача), Альминское (р.Альма), Кольчугинское (р. Зап. Булганак). В административном отношении большая часть водохозяйственного участка расположена в пределах Республики Крым, юго-западная часть участка – в пределах города федерального значения Севастополь. Площадь участка составляет 2,07 тыс. км2. От т. 21003 на берегу Черного моря граница водохозяйственного участка поднимается вверх в восточном направлении вдоль северной границы бассейна р. Зап. Булганак до т. 21002, где сходятся границы водохозяйственных участков 21.01.00.001 (Водные объекты бассейна Черного моря от границы РФ с Украиной на Перекопском перешейке до северной границы бассейна р. Западный Булганак), 21.01.00.002 и 21.02.00.002 (Бассейн р. Салгир). Далее граница следует в юго-восточном направлении вдоль водораздела между бассейнами Черного (водосборы рр. Зап. Булганак и Альма) и Азовского моря (водосбор р. Салгир) до т. 922 (схождение границ водохозяйственных участков 21.01.00.002, 21.01.00.004 (Реки западной части Южного берега Крыма от мыса Сарыч до восточной границы бассейна р. Демерджи) и 21.02.00.002), расположенной на горном массиве Чатыр-Даг. Затем граница участка поворачивает на юг, идет вдоль хребта Крымских гор, отделяющего бассейны рек Кача и Бальбек от бассейнов рек Южного берега Крыма, проходя через высшую точку Крымского полуострова – г. Роман-Кош (т. 21004). В т. 21005 граница проходит точку схождения границ водохозяйственных участков 21.01.00.002, 21.01.00.003 (Реки бассейна Черного моря от северной границы бассейна р. Черная до западной границы бассейна рек Южного берега Крыма) и 21.01.00.004 на Ай-Петринской яйле. После этого граница меняет направление с юго-западного на северо-западное. На участке до т. 21006 граница проходит по водоразделу между бассейнами р. Черная и р. Бельбек, проходя мимо г. Сары-Кая, г. Куртлер-Богаз. В т. 21006 граница между ВХУ 21.01.00.002 и ВХУ 21.01.00.003 пересекается с границей между субъектами РФ – Республикой Крым и городом федерального значения Севастополь. Далее граница идет по территории ГФЗ Севастополь, продолжая следовать в северо-западном направлении вдоль границы между бассейнами рек Бельбек и Черная. Граница проходит по Мекензиевым горам, после чего в т. 930 граница подходит к берегу моря, проходит устье р. Бельбек, и далее следует вдоль береговой линии Черного моря в северном направлении до т. 931 (примыкания границы между Республикой Крым и ГФЗ Севастополь к границе водохозяйственного участка на береговой линии Черного моря). На этом отрезке границы в море впадает р. Кача. После т. 931 граница идет и далее вдоль моря, пересекает устья рр. Альма и Зап. Булганак и в т. 21003 смыкается с границей водохозяйственного участка 21.01.00.001."""
"""Свияга от с. Альшеево до устья""","""Водохозяйственный участок 08.01.04.006 расположен на территориях Республики Татарстан, Чувашской Республики и Ульяновской области, охватывает часть бассейна р. Свияга от с. Альшеево и замыкается в расчетном створе на р. Свияга в месте ее впадения в р. Волгу (т.8059). Площадь водохозяйственного участка составляет 9,9 тыс. км2. От точки 8059 граница между участками 08.01.04.006 и 08.01.04.007 (Волга от Чебоксарского г/у до г. Казань без рр. Свияга и Цивиль) перемещается к юго-востоку, обогнув бассейн р. Сулица (приток р. Волга) и в ее верховьях попадает в т.8060, где пересекаются границы водохозяйственных участков 08.01.04.006, 08.01.04.007 и 11.01.00.001 (Волжский участок Куйбышевского в-ща от г. Казань до пгт.Камское устье). Продолжаясь в том же юго-восточном направлении вдоль бассейна р.Сухая Улема (приток Улемы), граница участка приходит в т.11002, общую для участков 08.01.04.006, 11.01.00.001 и 11.01.00.005 (Куйбышевское в-ще от пгт.Камское устье до Куйбышевского г/у без р. Бол.Черемшан). Отсюда направление границы меняется на юго-западное. Обогнув бассейн р. Кильна, граница участка пересекает административную границу между Ульяновской областью и Республикой Татарстан в т.266 и далее, перемещаясь вдоль берега Куйбышевского водохранилища, достигает т.8058 (схождение границ водохозяйственных участков 08.01.04.006, 11.01.00.005 и 08.01.04.005 –Свияга от истока до с. Альшеево). Отсюда граница участка продвигается на север, огибая верховья левых притоков р. Кильна и, возвращаясь к административной границе, приходит вт.8057 (Свияга у с. Альшеево). От т.8057 граница уходит на запад вдоль русла р. Цильна (левый приток р. Свияга) и вблизи т.306 (пересечение границы Респ. Татарстан и Ульяновской обл.) поворачивает к северу, разделяя участки 08.01.04.006 и 08.01.05.003 (Сура от Сурского г/у до устья р. Алатырь). По водоразделу рр. Сура и Свияга граница продолжает перемещение к северу и в т.305 пересекает границу между Респ. Татарстан и Чувашской Респ. Уходя к северо-западу (вдоль р. Абамза), граница приходит в т.8073, в которой сходятся границы водохозяйственных участков 08.01.04.006, 08.01.05.003 и 08.01.05.004 (Сура от устья р. Алатырь до устья). Далее граница огибает верховья рр. Була и Кубня и продолжается до истока р. Хома , где расположена т.8056 (схождение границ водохозяйственных участков, 08.01.04.006, 08.01.05.004 и 08.01.04.004 –Цивиль). От т.8056 почти по прямой на северо-восток, разделяя бассейны рр. Мал. Цивиль и Кубня, граница участка доходит до т.8055, в которой пересекаются границы водохозяйственных участков 08.01.04.006, 08.01.04.004 и 08.01.04.007. Отсюда граница уходит на восток по водоразделу рр. Бол. Аниш (приток Волги) и Кубня и в т.8061 пересекает административную границу между Чувашской Респ. и Респ. Татарстан. От т.8061 граница перемещается к востоку вдоль р. Бува и замыкается в расчетном створе на р. Свияга в месте ее впадения в р. Волгу (т.8059)."""
"""Хопер от впадения р. Ворона до устья без рр. Ворона, Савала и Бузулук""","""Водохозяйственный участок 05.01.02.005 включает часть бассейна р. Хопер с расчетным створом в месте впадения р. Хопер в р. Дон (т.216). Площадь водохозяйственного участка составляет 11.2 тыс. км2. В точке замыкающего створа сходятся границы четырех водохозяйственных участков: 05.01.01.012 (Дон от г. Павловск до устья р. Хопер без р. Подгорная), 05.01.02.005, 05.01.03.005 (Дон от впадения р. Хопер до г. Калач-на-Дону без рр. Хопер, Медведица и Иловля) и 05.01.03.003 (Медведица от впадения р. Терса до устья). От этой точки граница участка идет на северо-запад вдоль административной границы Ростовской и Волгоградской областей, которую она пересекает в т.5056, и доходит сначала до т.5050, где сходятся границы водохозяйственных участков 05.01.01.011 (Подгорная), 05.01.02.005 и 05.01.01.012, затем до т.5049, в которой пересекается граница Воронежской и Волгоградской областей. Далее граница участка поворачивает на север и по водоразделу рр. Хопер и Подгорная идет к т.5048, которая обозначает схождение границ водохозяйственных участков 05.01.02.005, 05.01.01.011 и 05.01.02.003 (Савала). После пересечения границы Воронежской и Волгоградской областей граница приходит к верхнему расчетному створу в т.5068, где р. Савала впадает в р. Хопер. Северное направление границы сохраняется вдоль р. Карачан до пересечения границы Тамбовской и Воронежской областей (т.5069) и у истока р. Карачан граница участка приходит в т.5065 – точку схождения границ водохозяйственных участков 05.01.02.002 (Ворона), 05.01.02.003 и 05.01.02.005. Здесь граница участка поворачивает на юг, пересекает границу Тамбовской и Воронежской областей (т.5064) и по водоразделу рр. Ворона и Карачан достигает т.5057, где впадает р. Ворона в р. Хопер и сходятся границы водохозяйственных участков 05.01.02.002, 05.01.02.001 (Хопер от истока до впадения р. Ворона) и 05.01.02.005. Далее, повернув на восток и пройдя т.5071, в которой сходятся границы водохозяйственных участков 05.01.02.001, 05.01.02.004 (Бузулук) и 05.01.02.005, граница участка вновь уходит на юг по водоразделу рр. Хопер и Бузулук до места впадения р. Бузулук в р. Хопер (т.5070). От этой точки граница следует на восток вокруг верховьев р. Кумылга до т.5072 – точки схождения границ водохозяйственных участков 05.01.02.004, 05.01.03.003 и 05.01.02.005, после которой в юго-западном направлении граница замыкается в расчетном створе (т.216)."""
"""оз.Эльтон и впадающие в него реки""","""Водохозяйственный участок 11.01.00.026 включает бассейн бессточного оз. Эльтон до Госудаственной границы РФ с Респ. Казахстан. Площадь водохозяйственного участка составляет 1,5 тыс. км2. От точки 11069 граница идет на юго-запад до т.11088 - точки примыкания к Государственной границе РФ к границе с водохозяйственным участком 11.01.00.027 (Реки бессточных областей левобережья Волги без бассейна оз. Эльтон). Далее граница участка поворачивает на северо-запад, огибает верховья самого крупного притока оз. Эльтон - р. Хара, в верховьях которой в т.11070 сходятся границы водохозяйственных участков 11.01.00.021 (Торгун), 11.01.00.026 и 11.01.00.027, резко разворачивается на юго-восток и приходит к замыкающему расчетному створу - т.11069."""
"""Дон от Цимлянского г/у до впадения р.Северский Донец""","""Водохозяйственный участок 05.01.03.010 включает часть бассейна нижнего течения р. Дон до расчетного створа в месте впадения р. Северский Донец в р. Дон (т.223). Площадь водохозяйственного участка составляет 5.3 тыс. км2. От точки замыкающего створа, в которой сходятся границы водохозяйственных участков 05.01.03.010, 05.01.04.007 (Северский Донец от впадения р. Калитва до устья) и 05.01.05.009 (Дон от впадения р. Северский Донец до устья без рр. Сал и Маныч) граница участка следует на восток, затем на север и снова на восток, огибая верховья бассейна р. Кагальник, до т.5092, в которой сходятся границы водохозяйственных участков 05.01.04.007, 05.01.03.009 (Дон от г. Калач-на-Дону до Цимлянского г/у (Цимлянское в-ще) без р. Чир) и 05.01.03.010. От этой точки граница уходит на юг, проходит по створу Цимлянского г/у (т.5091) южнее которого достигает т.5098 – точки схождения границ водохозяйственных участков 05.01.03.009, 05.01.05.001 (Сал) и 05.01.03.010. Здесь граница поворачивает на запад, простирается по водоразделу рр. Дон и Сал, пересекает Донской магистральный канал и приходит к т.5094, где сходятся границы водохозяйственных участков 05.01.05.001, 05.01.05.009 и 05.01.03.010. Немного севернее этой точки граница замыкается в расчетном створе – т.223."""
"""Белая от г. Уфа до г. Бирск""","""Водохозяйственный участок 10.01.02.015 включает часть бассейна р. Белая и полностью бассейн ее крупнейшего притока на этом участке - р. Черемсан - с замыкающим створом на р. Белая ниже г. Бирск в т.10088. Площадь водохозяйственного участка составляет 8,2 тыс. км2. От точки замыкающего створа граница участков 10.01.02.015 и 10.01.02.016 (Белая от г. Бирск до устья) направляется на юго-восток вдоль водораздела рр. Белая и Бирь до т.10084 - точки схождения границ водохозяйственных участков 10.01.02.012 (Уфа от Павловского г/у до в/п пгт. Шакша), 10.01.02.015 и 10.01.02.016 - и далее по водоразделу рр. Белая и Изяк до т.10083 - точки схождения границ водохозяйственных участков 10.01.02.012, 10.01.02.014 (Белая от в/п с. Охлебино до г. Уфа без рр. Уфа (от истока до пгт. Шакша) и Дема (от истока до в/п д. Бочкарева)) и 10.01.02.015. Здесь граница принимает юго-западное направление и через небольшое расстояние пересекает р. Белая севернее г. Уфа в т.10087, продолжается до т.10086, где сходятся границы водохозяйственных участков 10.01.01.013 (Ик), 10.01.02.014 и 10.01.02.015. От этой точки граница участков 10.01.02.015 и 10.01.02.013 идет на юго-запад, огибая истоки правых притоков р. Дема, до истоков р. Черемсан вблизи оз. Аспикуль. От т.10039, в которой сходятся границы водохозяйственных участков 10.01.01.013 (Ик), 10.01.02.013 и 10.01.02.015, граница поворачивает на северо-запад и по водоразделу бассейнов рр. Усень и Черемсан доходит до т.10038 - точки схождения границ водохозяйственных участков 10.01.01.013, 10.01.02.015 и 10.01.02.016. Далее граница участков 10.01.02.015 и 10.01.02.016, отделяя бассейн р. Черемсан от верховьев бассейнов рр. Сюнь, База, Куваш, плавно поворачивает на северо-восток, замыкаясь в расчетном створе - т.10088."""
"""Острова Каспийского моря в пределах внутренних морских вод и территориального моря РФ, прилегающего к береговой линии гидрографической единицы 07.03.00 (вкл. о-ва Чечень и Тюлений)""","""Водохозяйственный участок 07.02.00.100 охватывает водные объекты островов Каспийского моря в пределах внутренних морских вод и территориального моря РФ, прилегающего к береговой линии гидрографической единицы 07.03.00 (вкл. о-ва Чечень и Тюлений)"""
"""Иртыш от впадения р. Омь до впадения р. Ишим без р. Оша""","""Водохозяйственный участок 14.01.01.003 охватывает бассейн р. Иртыш от впадения р. Омь до впадения р. Ишим без бассейна р. Оша. Участок расположен в Омской и Новосибирской областях, его площадь составляет 87,1 тыс. км2. От расчетного створа выше впадения в р. Иртыш р. Ишим (т.478) граница водохозяйственного участка 14.01.01.003 следует на восток, проходя т.479 схождения границ водохозяйственных участков 14.01.01.003, 14.01.04.001 (Иртыш от впадения р. Ишим до впадения р. Тобол) и 14.01.07.001 (Иртыш от впадения р. Тобол до г. Ханты-Мансийск (выше) без р. Конда), пересекает границу между Тюменской и Омской областями (т.480), следует по водоразделу рек Тегус, Демьянка и Туй и достигает т.415 схождения границ водохозяйственных участков 14.01.01.003, 14.01.07.001 и 13.01.08.001 (Васюган). От т.415 граница поворачивает на юг, пересекает границу между Томской и Тюменской областями в т.414, проходит т.413 схождения границ Омской, Томской и Новосибирской областей, проходя по водоразделу рек Тара, Чека, Чижапка, Васюган и Чузик, пересекает границу между Новосибирской и Томской областями в т.412, проходит т.411 схождения границ водохозяйственных участков 14.01.01.003, 13.01.08.001 и 13.01.07.001 (Обь от впадения р. Кеть до впадения р. Васюган) и т.410 схождения границ водохозяйственных участков 14.01.01.003, 14.01.02.001 (Омь) и 13.01.07.001. Граница следует по плоской, слаборасчлененной, сильно заболоченной и заозеренной Васюганской равнине (абсолютные высоты 125-150 м). Ландшафты представлены болотно- озерными комплексами, заболоченными березняками, приречные склоны занимают лесные массивы южной темнохвойной тайги. От т.410 граница поворачивает на запад, проходит т.481 на водоразделе рр. Тара и Тартас, пересекает в т.482 границу между Новосибирской и Томской областями, пересекает р. Иртыш в месте впадения в него р. Омь в т.483 – точке схождения границ водохозяйственных участков 14.01.01.001, 14.01.01.003 и 14.01.02.001, а затем достигает Государственной границы РФ с Казахстаном в точке примыкания к ней границы с водохозяйственным участком 14.01.01.001. На данном участке граница проходит по северной окраине Барабинской низменности - волнисто-грядовой равнине (высота до 140 м) с невысокими параллельными гривами. Березовые колки перемежаются с болотами и лугово-степной растительностью. Далее граница на коротком отрезке следует вдоль Государственной границы РФ с Казахстаном, до т.456 примыкания к ней границы с водохозяйственным участком 14.01.03.002 и границы между Тюменской и Омской областями. От т.456 граница поворачивает на север, пересекает границу между Тюменской и Омской областями в т.484 и т.485, где сходятся границы водохозяйственных участков 14.01.01.002 (Оша), 14.01.01.003 и 14.01.03.002, снова пересекает границу между Тюменской и Омской областями в т.486, проходит т.14004 схождения границ водохозяйственных участков 14.01.01.002, 14.01.01.003 и 14.01.03.002, т.487 и замыкается в начальной точке. На Ишимской равнине абсолютные высоты колеблются от 110 до 120 м, рельеф осложнен ложбинами и гривами. На плоском междуречном пространстве Ишима и Иртыша абсолютные высоты снижаются до 70 м. Луговые степи с берёзовыми колками на протяжении участка границы сменяются лиственными (березово-осиновыми) и смешанными лесами, на северном участке распространены ландшафты южной темнохвойной елово-кедрово-пихтовой тайги в сочетании с болотами."""
"""Терек от впадения р Сунжа до Каргалинского г/у""","""Водохозяйственный участок 07.02.00.015 охватывает часть бассейна р. Терек от впадения в него р. Сунжа до Каргалинского гидроузла. Участок расположен в Чеченской Республике и Республике Дагестан, его площадь составляет 2 тыс. км2. От расчетного створа Каргалинского гидроузла (т.7063) граница водохозяйственного участка 07.02.00.015 следует на юго-восток до т.7064 схождения границ водохозяйственных участков 07.02.00.015, 07.02.00.016 (Дельта р. Терек) и 07.03.00.002 (Сулак от Чиркейского г/у до устья), в которой поворачивает на юго-запад, пересекает границу между Каспийского моря в т.253, проходит т.7061 схождения границ водохозяйственных участков 07.02.00.013 (Сунжа от впадения р. Аргун до устья), 07.02.00.015 и 07.03.00.002, затем поворачивает на север, пересекает р. Терек выше впадения р. Сунжа в т.7052 схождения границ водохозяйственных участков 07.02.00.010 (Терек от г. Моздок до впадения р Сунжа), 07.02.00.013 и 07.02.00.015, следует далее на север до т.246 пересечения границы между Чеченской Республикой и Республикой Дагестан и схождения границ водохозяйственных участков 07.02.00.010, 07.02.00.015, 07.02.00.016 и 07.01.00.013 (Водные объекты междуречья Терека и Сухой Кумы), после которой поворачивает на юг и замыкается в начальной точке."""
"""Лаба от впадения р.Чамлык до устья""","""Водохозяйственный участок 06.02.00.009 охватывает часть бассейна левого притока р. Кубань – р. Лаба от впадения в нее р. Чамлык до устья. Территория водохозяйственного участка расположена в Республике Адыгея и Краснодарском крае. Площадь участка составляет 3,1 тыс. км2. Расчетный створ участка расположен в т.6037 в месте впадения р. Лаба в реку Кубань на границе с водохозяйственными участками 06.02.00.010 (Кубань от г. Армавир до г. Усть-Лабинск без р. Лаба) и 06.02.00.013 (Кубань от г. Усть-Лабинск до Краснодарского г/у без рр. Белая и Пшиш). От расчетного створа граница участка простирается на восток по северному склону бассейн Лабы до т.6041 схождения границ водохозяйственных участков 06.02.00.008 (Чамлык), 06.02.00.009 и 06.02.00.0010, затем поворачивает на юг, проходит место впадения в Лабу р. Чамлык (т.6032) и по водоразделу бассейнов притоков рек Фарс и Чехрак следует до т.6035 схождения границ водохозяйственных участков 06.02.00.007 (Лаба от истока до впадения р. Чамлык), 06.02.00.011 (Белая) и 06.02.00.009, по пути пересекая административную границу между Краснодарским краем и Республикой Адыгея (т.6036). От верховий р. Фарс граница участка поворачивает на северо-запад и, разделяя бассейны рек Белая и Лаба, движется в сторону Краснодарского водохранилища (т.6039 - схождение границ водохозяйственных участков 06.02.00.009, 06.02.00.011 и 06.02.00.013) по пути дважды пересекая административную границу между Краснодарским краем и Республикой Адыгея (т.6038), после чего замыкается в расчетном створе."""
"""Кама от Нижнекамского г/у до устья без р.Вятка""","""Водохозяйственный участок 10.01.01.015 включает нижнюю часть бассейна р. Камы с расчетным замыкающим створом в т.312, в которой сходятся границы водохозяйственных участков 10.01.01.013, 10.01.01.014 и 10.01.01.015. Площадь водохозяйственного участка составляет 8,0 тыс. км2. От точки замыкающего створа граница участков 10.01.01.014 (Кама от Воткинского г/у до Нижнекамского г/у без рр. Буй (от истока до Кармановского г/у), Иж, Ик и Белая) и 10.01.01.015 простирается на северо-восток и идет по водоразделу бассейнов рр. Тойма и Вятка, пересекая в т.341 границу между Республикой Татарстан и Удмуртской Республикой. В этом же направлении в т.10042 сходятся границы водохозяйственных участков 10.01.01.015, 10.01.03.005 (Вятка от в/п пгт. Аркуль до г. Вятские Поляны) и 10.01.03.006 (Вятка от г. Вятские Поляны до устья), а в т.10034 границы участков 10.01.01.012 (Иж), 10.01.01.015 и 10.01.03.005. После этой точки граница участков 10.01.01.015 и 10.01.01.012 резко уходит на юго-восток до т.10033 - точки схождения границ водохозяйственных участков 10.01.01.012, 10.01.01.014 и 10.01.01.015 - и затем поворачивает на юго-запад по водоразделу р. Тойма и Нижнекамского в-ща. В т.10041 граница участка пересекает Нижнекамское в-ще в створе гидроузла у г. Набережные Челны и идет на юг по водоразделу р. Зай и р. Мензеля до т.10040, где сходятся границы водохозяйственных участков 10.01.01.013 (Ик), 10.01.01.014 и 10.01.01.015. Далее в южном направлении граница участков 10.01.01.015 и 10.01.01.013 достигает верховьев бассейна р. Зай, огибает истоки этой реки и приходит в т.330 точку пересечения границ Республики Татарстан, Оренбургской и Самарской обл. и схождения границ водохозяйственных участков 10.01.01.013, 10.01.01.015 и 11.01.00.002 (Шешма). От точки 330 граница участка принимает северо-западное направление и по водоразделу бассейна р. Зай и рр. Куван, Кучуй замыкается в расчетном створе - т.312."""
"""Нижняя Тунгуска от в/п п.Кислокан до в/п пгт.Тура""","""Водохозяйственный участок 17.01.07.002 включает часть бассейна р. Нижняя Тунгуска от в/п п. Кислокан до в/п пгт. Тура. Водохозяйственный участок целиком расположен на территории Эвенкийского автономного округа. Площадь водохозяйственного участка составляет 113 тыс. км2. От т.17025 у в/п пгт Тура на р. Нижняя Тунгуска граница следует на северо-запад вначале по плато Сыверма, затем выходит на хр. Гугда, проходит через т.17026 схождения границ водохозяйственных участков 17.01.07.002 (Нижняя Тунгуска от в/п п. Кислокан до в/п пгт. Тура), 17.01.07.003 (Нижняя Тунгуска от в/п пгт. Тура до в/п п. Учами) и 17.01.07.004 (Нижняя Тунгуска от в/п п. Учами до устья), поворачивает на северо-восток, проходит точку схождения границ водохозяйственных участков 17.01.07.002, 17.01.07.004 и 17.01.08.001 (Курейка от истока до Курейского г/у) - (т.17027), делает петлю в южном направлении, огибая исток р. Курейка (т.654) на водоразделе рр. Курейка и Эмбенчимэ и следует в северном направлении до т.612 на плато Янг. Абсолютные высоты возрастают от 150 до 1024 м. Территория расчленена на широкие гряды и отдельные останцовые плато. Склоны холмов до высоты 550-600м покрыты лиственничным и елово-лиственничным редколесьем. Выше идет пояс ольхового стланика, затем – ивняково- ерниковая тундра, кустарниково-лишайниковая и горная арктическая пустыня. От т.612схождения границ водохозяйственных участков 17.01.08.001, 17.01.07.002 и 17.04.02.001 (Котуй) на водоразделе р. Кочечум на плато Путорана граница следует на юго-восток по плато Яктали с плавно понижающимися высотами 600 -700 м, проходит через т.613 на водоразделе р. Воеволихан, делает петлю в северном направлении и подходит к т.614. Граница разделяет бассейны рек Яктали, Бельдунчан, Кочечум, Корбунчана (с юго-запада)и рек Себяки, Котуй, Котуйкан, Воеволихан (с северо-востока). В связи с удаленностью от океана и большими абсолютными высотами климат становится более континентальным, соответственно меняются и ландшафты. Восточнее озера Аян уже не встречаются ни ель, ни береза, ни другие древесные породы, кроме даурской лиственницы. Редколесья поднимаются до 550 м, выше идет пояс горной лесотундры и от 750-800 м господствует тундра и арктическая пустыня. От точки схождения границ (т.614) водохозяйственных участков 17.01.07.002, 17.04.02.001 и 18.03.08.001 (Вилюй от истока до в/п Усть-Амбардах) граница идет в юго-восточном направлении по уступу Сурингдаурэн (880 м), затем поворачивает на восток, огибая истоки р. Туру, подходит в т.615 к административной границе между Эвенкийским автономным округом и Республикой Саха (Якутия) на водоразделе р. Туру и Улахан-Вава, затем поворачивает на север, проходит т.17023 схождения границ водохозяйственных участков 17.01.07.001 (Нижняя Тунгуска от истока до в/п п. Кислокан), 17.01.07.002 и 18.03.08.001на пересечении административной границы Эвенкийского автономного округа и Республики Саха (Якутия), проходит через в/п Кислокан на р. Нижняя Тунгуска (т.17022), выходит на водораздел – т.17024 водохозяйственных участков 17.01.07.001, 17.01.07.002 и 17.01.07.003, поворачивает на северо-запад к исходной т.17025. Граница разделяет (с востока и юга) реки Пирда, Иритка, Нидым и (с запада) реки Курбунчана и Туру. Абсолютная высота местности колеблется преимущественно в пределах 350-600 м. Зональным типом ландшафтов здесь являются ландшафты возвышенных платформенных равнин с преобладанием лиственничных среднетаежных лесов."""
"""Оленек от в/п ГМС Сухана до устья""","""Водохозяйственный участок 18.02.00.002 охватывает территорию от в/п ГМС Сухана до устья р. Оленек и целиком расположен в Респ. Саха (Якутия) в Эвенкийском а.о. Площадь водохозяйственного участка составляет 92,0 тыс. км2. От т.692 – точки расчетного створа в месте впадения р. Оленек в Оленекский залив моря Лаптевых граница следует на восток вдоль береговой линии Оленекского залива до точки примыкания к ней границы с водохозяйственным участком 18.03.09.003 - Лена от в/п с. Кюсюр до устья (т.693). На прибрежной территории распространены тундровые ландшафты. Изредка встречаются полигональные болота. От т.693 граница отходит от береговой линии моря Лаптевых в юго-восточном направлении, поднимается на кряж Чакановского (387-524 м), проходит в верховьях р. Келимяр через т.694, поворачивает на юго-запад, выходит на плато Кыстык в верховьях р. Хорбусуонка к водораздельной т.695. Далее граница следует по плато с высотами 443-351 м, проходит через точку схождения границ водохозяйственных участков 18.02.00.002, 18.03.09.002 (Лена от в/п ГМС Джарджан до в/п с. Кюсюр) и 18.03.09.003 (Лена от в/п с. Кюсюр до устья) - т.18004, поворачивает на запад по возвышенности Бырая-Тас, затем поворачивает на юг, проходит через точку схождения границ водохозяйственных участков 18.02.00.002, 18.03.09.001 (Лена от впадения р. Вилюй до в/п ГМС Джарджан) и 18.03.09.002 - т.18005, поворачивает на юго-запад, пересекает р. Оленек в т.18002 и следует до т.18001. При движении с севера на юг представлены ландшафты типичной тундры с разрозненными куртинками лишайников, трав, и кустарничков сменяются редкостойными лиственничными лесами из даурской лиственницы с примесью ели. От т.18001 схождения границ водохозяйственных участков 18.01.00.001 (Реки бассейна моря Лаптевых (включая р. Анабар) от восточной границы бассейна р. Тикян-Юрях на западе до границы бассейна р. Оленек на востоке), 18.02.00.001 и 18.02.00.002 граница водохозяйственного участка, поворачивает на север, огибает бассейны рек Мал. Куонамка, Жилинда и Удя (т.688) и по Северо- Сибирской низменности, пересекая кряж Прончищева (315 м), по водоразделу бассейнов рек Хатыгын-Уэлете и Буолкалах выходит на береговую линию моря Лаптевых в т.687. Ландшафты возвышенных платформенных равнин представлены в южной части территории северо-таежными лиственничными редкостойными лесами, а на наиболее высоких участках – горнолиственничным редколесьем и горной тундрой. Для ландшафтов кряжа Прончищева характерна арктическая тундра, окружающая арктическую горную пустыню на вершинах куэстовых гряд. В нижней части склонов встречаются немногочисленные цветковые растения. От т.687 примыкания к береговой линии моря Лаптевых граница тянется по берегу в восточном направлении и замыкается в расчетной точке в устье р. Оленек. Ландшафты представлены типичной тундрой с разрозненными куртинками лишайников, трав, и кустарничков."""
Иж,"""Водохозяйственный участок 10.01.01.012 охватывает бассейн р. Иж - притока Нижнекамского в-ща от истока до расчетного замыкающего створа в устье реки - т.10032. Площадь водохозяйственного участка составляет 8,5 тыс. км2. От точки замыкающего створа граница участков 10.01.01.012 и 10.01.01.014 (Кама от Воткинского г/у до Нижнекамского г/у без рр. Буй (от истока до Кармановского г/у), Иж, Ик и Белая) простирается на северо-запад до т.10033 - точки схождения границ водохозяйственных участков 10.01.01.012, 10.01.01.014 и 10.01.02.015 (Белая от г. Уфа до г. Бирск), и далее до т.10034, где сходятся границы водохозяйственных участков 10.01.01.012, 10.01.01.015 и 10.01.03.005 (Вятка от в/п пгт. Аркуль до г. Вятские Поляны). После этой точки граница участков 10.01.01.012 и 10.01.03.005 идет на север по водоразделу бассейнов рр. Иж и Вала до т.10035, в которой сходятся границы водохозяйственных участков 10.01.01.012, 10.01.03.001 (Чепца) и 10.01.03.005, затем поворачивает на северо-восток, огибает верховья р. Иж и ее притоки и в т.332, где сходятся границы водохозяйственных участков 10.01.01.012, 10.01.01.014. и 10.01.03.001, поворачивает на юго-восток. Далее граница участков 10.01.01.012 и 10.01.01.014, сложным образом петляя по водоразделу бассейнов рр. Иж и Кама и огибая истоки левых притоков р. Иж, приходит к точке замыкающего створа - т.10032."""
"""Кама от истока до в/п с. Бондюг""","""Водохозяйственный участок 10.01.01.001 охватывает верхнюю часть бассейна р. Кама с замыкающим створом у с. Бондюг в т.10001. Площадь водохозяйственного участка составляет 46,3 тыс. км2. От точки замыкающего створа граница участков 10.01.01.001 и 10.01.01.002 (Кама от в/п с. Бондюг до г. Березники) направляется на юг по водоразделу двух крупных на этом участке притоков Камы - рр. Лопва и Уролка. В истоке Уролки граница приходит в т.10002 - точку схождения границ водохозяйственных участков 10.01.01.001, 10.01.01.002 и 10.01.01.009 (Кама от г. Березники до Камского г/у без р. Косьва (от истока до Широковского г/у), Чусовая и Сылва). Далее граница участков 10.01.01.001 и 10.01.01.009 поворачивает на запад и идет до т.10003, в которой пересекается граница между Кировской обл. и Пермским краем, и затем плавно поворачивает на юг к истоку Камы. Самой южной точки участка граница достигает в т.334, которая является точкой пересечения границ Пермского края и Удмуртской Республики и точкой схождения границ водохозяйственных участков 10.01.01.001, 10.01.01.009 и 10.01.03.001 (Чепца). Далее граница участков 10.01.01.001 и 10.01.03.001 простирается на северо-запад по водоразделу бассейнов рр. Кама и Вятка, проходя в т.335 узел схождения границ водохозяйственных участков 10.01.01.001, 10.01.03.001 и 10.01.03.002 (Вятка от истока до г. Киров без р. Чепца) и в этой же точке пересекая границу Пермского края и Удмуртской Республики. Дальше граница отклоняется на север, идет по тому же водоразделу рр. Кама и Вятка и после небольшой петли вокруг истока р. Нырмыч граница достигает т.92 - точки схождения границ водохозяйственных участков 03.02.02.001 (Вычегда от истока до г. Сыктывкар), 10.01.01.001 и 10.01.03.002. Отсюда граница участков 10.01.01.001 и 03.02.02.001 продолжается на север, в т.91 пересекает точку границ Республики Коми, Пермского края и Кировской обл. и следует сначала на северо-запад, затем, огибая обширную, гидрографически разветвленную территорию верхней части бассейна р. Весляна, уходит на восток, в т.90 вновь пересекая административную границу Республики Коми и Пермского края. По водоразделу Камы и Вычегды граница водохозяйственного участка 10.01.01.001 в т.10004 приходит к узлу схождения границ водохозяйственных участков 03.02.02.001, 10.01.01.001 и 10.01.01.002, после которого, резко повернув на юг вдоль водораздела рр. Пильва и Колва, граница замыкается в створе р. Камы у с. Бондюг (т.10001)."""
"""Белая от г. Салават до г. Стерлитамак""","""Водохозяйственный участок 10.01.02.005 включает часть бассейна р. Белая и полностью бассейн ее крупнейшего притока на этом участке - р. Ашкадар с замыкающим створом на р. Белая у г. Стерлитамак в т.10058. Площадь водохозяйственного участка составляет 4,3 тыс. км2. От точки замыкающего створа граница участков 10.01.02.005 и 10.01.02.007 (Белая от г. Стерлитамак до в/п с. Охлебино без р. Сим) простирается на юго-восток до верховьев р. Тор, где в т.10056 сходятся границы водохозяйственных участков 10.01.02.004 (Белая от Юмагузинского г/у до г. Салават без р. Нугуш (от истока до Нугушского г/у)), 10.01.02.005 и 10.01.02.007. Здесь граница участков 10.01.02.005 и 10.01.02.004 резко поворачивает в обратном направлении и идет до т.10055 у г. Салават, пересекает створ р. Белой и далее резко поворачивает на юг по водоразделу рр. Белая и Сухайля до т.10057 - точки схождения границ водохозяйственных участков 10.01.02.004, 10.01.02.005 и 12.01.00.006 (Сакмара без р. Большой Ик). Недалеко от этой точки на запад в т.326 происходит пересечение границы между Оренбургской обл. и Республикой Башкортостан. Огибая верховья р. Ашкадар, граница участков 10.01.02.005 и 12.01.00.006 в северо-западном направлении достигает т.327 - точки пересечения границы между Оренбургской обл. и Республикой Башкортостан вблизи точки схождения границ водохозяйственных участков 10.01.02.005, 10.01.02.013 (Дема от истока до в/п д. Бочкарева) и 12.01.00.006. Далее граница идет на север вдоль бассейна р. Ашкадар до верховьев р. Уршак, где в тт.10059 и 10060 сходятся границы водохозяйственных участков: в т.10059 - участков 10.01.02.005, 10.01.02.013 и 10.01.02.014 (Белая от в/п с. Охлебино до г. Уфа без рр. Уфа (от истока до пгт. Шакша) и Дема (от истока до в/п д. Бочкарева)), а в т.10060 - участков 10.01.02.005, 10.01.02.007 и 10.01.02.014. От последней точки граница участков 10.01.02.005 и 10.01.02.007 по водоразделу рр. Куганак и Стерля идет на восток до замыкающего створа - т.10058."""
"""Белая от Юмагузинского г/у до г. Салават без р.Нугуш (от истока до Нугушского г/у)""","""Водохозяйственный участок 10.01.02.004 включает часть бассейна р. Белая с замыкающим створом на р. Белая у г. Салават в т.10055. Площадь водохозяйственного участка составляет 3,7 тыс. км2. От точки замыкающего створа граница участков 10.01.02.004 и 10.01.02.005 (Белая от г. Салават до г. Стерлитамак) следует на юго-восток до т.10056 - точки схождения границ водохозяйственных участков 10.01.02.004, 10.01.02.005 и 10.01.02.007 (Белая от г. Стерлитамак до в/п с. Охлебино без р. Сим) - и затем в верховьях рр. Тор и Селеук достигает т.10054 - точки схождения границ водохозяйственных участков 10.01.02.003 (Нугуш от истока до Нугушского г/у), 10.01.02.004 и 10.01.02.005. От этой точки граница участков 10.01.02.004 и 10.01.02.003 резко разворачивается на юг до створа Нугушского г/у в т.10053 и идет к востоку в т.10049, где пересекаются границы водохозяйственных участков 10.01.02.004, 10.01.02.003 и 10.01.02.002 (Белая от в/п Арский Камень до Юмагузинского г/у). Затем, поворачивая к юго-западу, граница пересекает р. Белую в т.10048 створе Юмагузинского г/у. Далее граница огибает с востока бассейн небольшого притока р. Белой - р. Иртюбяк и проходит через т.10052 - точку схождения границ водохозяйственных участков 10.01.02.002, 10.01.02.003 и 12.01.00.005 (Большой Ик). Извиваясь между истоками притоков р. Белой, граница участков 10.01.02.004 и 12.01.00.005 в западном направлении проходит т.12011 - точку схождения границ водохозяйственных участков 10.01.02.004, 12.01.00.005 и 12.01.00.006. (Сакмара без р. Большой Ик). Затем эта граница подходит к административной границе между Оренбургской обл. и Республикой Башкортостан (т.325) и, не пересекая ее, достигает т.10057, где сходятся границы водохозяйственных участков 10.01.02.004, 10.01.02.005 и 12.01.00.007. От этой точки, повернув на север, граница участка 10.01.02.004 по водоразделу бассейнов рр. Сухайля и Белая возвращается к замыкающему створу - т.10056."""
"""Белая от истока до в/п Арский Камень""","""Водохозяйственный участок 10.01.02.001 включает небольшую территорию бассейна р. Белая от истока до замыкающего створа в т.10043 (ниже в/п Арский Камень). Площадь водохозяйственного участка составляет 2,3 тыс. км2. От т.10043 граница между водохозяйственными участками 10.01.02.001 и 10.01.02.002 (Белая от в/п Арский Камень до Юмагузинского г/у) направляется к северу между соседними правыми притоками р. Белой, устья которых разделены точкой 10043. К востоку от верховьев р. Нура в т.10044 встречаются границы участков 10.01.02.001, 10.01.02.002 и 10.01.02.006 (Сим). Повернув от этой точки на север, граница достигает т.10045, в которой сходятся границы водохозяйственных участков 10.01.02.001, 10.01.02.006 и 10.01.02.011 (Уфа от Нязепетровского г/у до Павловского г/у без р. Ай). Простираясь далее вдоль русла р. Юрюзань (в ее верхнем течении), граница участка пересекает административную границу Республики Башкортостан с Челябинской областью и, поворачивая на восток, возвращается на территорию Республики Башкортостан в т.10046, где сходятся границы водохозяйственных участков 10.01.02.001, 10.01.02.011 и 12.01.00.001 (Урал от истока до Верхнеуральского г/у). От этой точки граница следует на юг, через т.322 (водораздел в верховьях р. Белая) приходит в т.12021 - точку схождения границ водохозяйственных участков 10.01.02.001, 12.01.00.001 и 12.01.00.002 (Урал от Верхнеуральского г/у до Магнитогорского г/у), затем в т.10047 - точку схождения границ водохозяйственных участков 10.01.02.001, 10.01.02.002 и 12.01.00.002, и, повернув на запад, возвращается к замыкающему створу - т.10043."""
"""Подкумок от г. Кисловодск до устья""","""Водохозяйственный участок 07.01.00.005 охватывает бассейн р. Подкумок от г. Кисловодск до впадения в р. Кума. Участок расположен в Ставропольском крае, Кабардино-Балкарской и Карачаево-Черкесской Республиках, его площадь составляет 1,1 тыс. км2. От расчетного створа впадения р. Подкумок в р. Кума (т.7007) граница водохозяйственного участка следует на юго-запад, поднимаясь от предгорных равнин Ставропольской возвышенности на хребты Северного Кавказа по водоразделу рр. Подкумок и Золка, Этока и Юца, пересекает в т.7012 границу между Ставропольским краем и Республикой Кабардино-Балкария, проходит т.7015 схождения границ водохозяйственных участков 07.01.00.005, 07.01.00.006 (Кума от впадения р. Подкумок до Отказненского г/у) и 07.02.00.005 (Малка от истока до Кура- Марьинского канала), затем на гребне Джинальского хребта достигает т.7011 схождения границ водохозяйственных участков 07.01.00.005, 07.01.00.004 (Подкумок от истока до г. Кисловодск) и 07.02.00.005, поворачивает на северо-запад по Джинальскому хребту, пересекает р. Подкумок ниже г. Кисловодск в т.7010 и достигает т.7008 схождения границ водохозяйственных участков 07.01.00.004, 07.01.00.005 и 07.01.00.003 (Кума от истока до впадения р. Подкумок) на границе между Ставропольским краем и Республикой Карачаево-Черкессия. Отсюда, следуя в северо- восточном направлении по водоразделу бассейнов рек Кума и Подкумок, граница замыкается в исходной точке. Абсолютные высоты от Ставропольской возвышенности к хребтам Северного Кавказа быстро нарастают от 230 до1300-1400 м, пересеченный овражно-балочный рельеф сменяется среднегорным, степные ландшафты уступают место широколиственным лесам."""
"""Нева от истока до в/п Новосаратовка""","""Водохозяйственный участок 01.04.03.003 охватывает бассейн р. Нева от ее истока из Ладожского озера до в/п Новосаратовка. Река Нева вытекает из Ладожского озера у г. Шлиссельбург, впадает в Финский залив Балтийского моря, образуя дельту, на 42 о-вах которой расположен Санкт- Петербург. Наиболее значительны рукава дельты: — Большая и Малая Нева, Большая, Средняя и Малая Невки, Фонтанка, Мойка, Екатерингофка, Крестовка, Карповка, Ждановка, Смоленка, Пряжка, Кронверкский пролив; каналы — Морской канал, Обводный канал, Канал Грибоедова, Крюков канал. В Неву впадает 26 рек и речек. Основные притоки: слева — Мга, Тосна, Ижора, справа — Охта. Нева входит в состав Беломорско-Балтийского и Волго-Балтийского водных путей. Участок расположен в Ленинградской области, его площадь составляет 5 тыс. км2. От расчетного створа на р. Нева у в/п д. Новосаратовка (т.1070) граница водохозяйственного участка 01.04.03.003 следует на север до т.1067 схождения границ водохозяйственных участков 01.04.03.002 (Бассейн оз. Ладожское без рр. Волхов, Свирь и Сясь), 01.04.03.003 и 01.04.03.004 (Нева от в/п Новосаратовка до устья), затем поворачивает на юго-восток, пересекает исток р. Нева из Ладожского озера в т.1066, далее по водоразделу рр. Мга и Назия следует до т.1063 схождения границ водохозяйственных участков 01.04.02.006 (Волхов), 01.04.03.002 и 01.04.03.003. От этой точки граница водохозяйственного участка 01.04.03.003 поворачивает на юго-восток, обходит исток р. Чудля и достигает т.24 схождения границ водохозяйственных участков 01.03.00.005 (Луга от истока до в/п Толмачево), 01.04.02.006 и 01.04.03.003, затем поворачивает на север проходит по водоразделу рр. Оредеж, Суйда и Ижора до т.1029 схождения границ водохозяйственных участков 01.03.00.005, 01.03.00.007 (Реки бассейна Финского залива от северной границы бассейна р. Луга до южной границы дельты р. Нева) и 01.04.03.003. От этой точки граница следует в северо-восточном направлении по Ижорской возвышенности через т.1034 схождения границ водохозяйственных участков 01.03.00.007, 01.04.03.003 и 01.04.03.004, затем делает петлю в южном направлении, обходя небольшие правые притоки р. Невы и замыкается в начальной точке. В геоморфологическом отношении территория представляет собой низменность с абсолютными высотами менее 70 м, с широким распространением гидроморфных ландшафтов, лишь на Ижорской возвышенности с абсолютными высотами около 150 м преимущественное распространение получают лесные ландшафты."""
"""Вычегда от истока до г.Сыктывкар""","""Водохозяйственный участок 03.02.02.001 охватывает верхнюю часть бассейна р. Вычегда с замыкающим расчетным створом у г. Сыктывкар в т.3016. Водохозяйственный участок расположен на территории Республики Коми. Площадь водохозяйственного участка составляет 66,9 тыс. км2. От точки замыкающего створа граница идет на север по водоразделу рр. Вымь и Вишера, огибает исток р. Вишера, поворачивает на восток и в т.86 на водоразделе бассейнов рек Весляна и Седью проходит схождение границ водохозяйственных участков 03.02.02.001, 03.02.02.002 (Вычегда от г. Сыктывкар до устья) и 03.05.03.001 (Печора от впадения р. Уса до в/п Усть-Цильма). Далее в т.87, где сходятся границы водохозяйственных участков 03.02.02.001, 03.05.01.001 (Печора от истока до в/п п. Шердино) и 03.05.03.001, граница отклоняется на юго-восток, в т.88 проходит схождение границ водохозяйственных участков 03.02.02.001, 03.05.01.001 и 10.01.01.002 (Кама от в/п с. Бондюг до г. Березники), а южнее этой точки в т.89 – пересекает границу Республики Коми и Пермского края. Еще немного южнее в т.10004 сходятся границ водохозяйственных участков 03.02.02.001, 10.01.01.001 (Кама от истока до в/п с. Бондюг) и 10.01.01.002. Отсюда граница уходит на запад, в т.90 пересекает границу Республики Коми и Пермского края. От т.90 граница проходит через поднятия восточной части возвышенности Северные Увалы по водоразделу бассейнов рек Сев.Кельтма, Прупт, Лонью (бассейн р. Вычегда) и рек Юж.Кельтма, Тимшер, Весляна, черная (бассейн р. Камы) до пересечения границ Республики Коми, Пермского края и Кировской области (т.91), делая петлю при огибании бассейнов рек Весляна и черная Камского бассейна. Затем граница уходит на юго-запад к т.92 (схождение границ водохозяйственных участков 03.02.02,001, 10.01.01.001 и 10.01.03.002 - Вяткаот истока до г. Вятка без р. чепца), расположенной в верховьях р. Сысола бассейна Вычегды. Рельеф представляет собой невысокие увалистые возвышенности с отметками около 200 м. Распространены таежные ландшафты, а присутствие пихты, лиственницы и кедра сближает печорскую тайгу с западно-сибирской.От т.92 граница уходит в северо-западном направлении по возвышенности Северные Увалы, пересекает в т.93 административную границу Республики Коми и Кировской области и подходит в т.94, где сходятся границы водохозяйственных участков 03.02.01.002 (Юг), 03.02.02.001 и 10.01.03.002, а после отклонения границы на северо-запад в т.3012 сходятся границы водохозяйственных участков 03.02.01.002, 03.02.02.001 и 03.02.02.002 (Вычегда от г. Сыктывкар до устья). Здесь граница уходит на север, в т.3015 пересекает границу Архангельской области и Республики Коми, поворачивает на восток и замыкает участок в т.3016. Господствуют ландшафты среднетаежных еловых лесов с примесью пихты, плоские междуречья сильно заболочены."""
"""Северная Двина от впадения р. Вычегда до впадения р. Вага""","""Водохозяйственный участок 03.02.03.001 охватывает среднюю часть бассейна р. Северная Двина с замыкающим расчетным створом в месте впадения реки Вага в р. Северная Двина в т.3017, в которой сходятся границы водохозяйственных участков 03.02.03.001, 03.02.03.002 (Вага) и 03.02.03.004 (Северная Двина от впадения р. Вага до устья без р. Пинега). Водохозяйственный участок расположен на территории Архангельской области. Площадь водохозяйственного участка составляет 27,0 тыс. км2.От точки замыкающего створа граница следует на восток до т.3026, в которой сходятся границы водохозяйственных участков 03.02.03.001, 03.02.03.004 и 03.02.03.003 (Пинега) и после истока р. Юла проходит т.3021 на водоразделе рр. Выя и Ниж. Тойма. Здесь граница уходит на юго-восток к истокам р. Пинега в т.3020, где сходятся границы водохозяйственных участков 03.02.03.001, 03.02.03.003 и 03.03.00.001 (Мезень от истока до в/п д. Малонисогорская) и далее на восток по границе между Архангельской областью и Республикой Коми в т.82, в которой сходятся границы водохозяйственных участков 03.03.00.001, 03.02.02.002 (Вычегда от г. Сыктывкар до устья) и 03.02.03.001. От этой точки граница уходит на юг и юго-запад по водоразделу Вычегды до т.107, в которой пересекает р. Сев.Двину и обозначается схождение границ водохозяйственных участков 03.02.01.003 (Малая Северная Двина от начала реки до впадения р. Вычегда без рр. Юг и Сухона (от истока до Кубенского г/у), 03.02.02.002 и 03.02.03.001. На запад от этой точки в т.3014 сходятся границы водохозяйственных участков 03.02.01.003, 03.02.03.001 и 03.02.03.002, а после поворота на северо-запад граница по водоразделу бассейнов рек Вага и Сев. Двина замыкается в т.3017. Абсолютные отметки местности колеблются от 15-45 м в долинах Северной Двины до 200 м на водоразделах, рельеф водораздельной поверхности характеризуется значительным разнообразием: от плоской междуречной равнины до моренных возвышенных равнин с холмами и грядами. В растительном покрове преобладают среднетаежные темнохвойные леса в сочетании с болотами различного типа."""
"""Селенга от г. Улан-Удэ до устья""","""Водохозяйственный участок 16.03.00.006 охватывает нижнюю часть бассейна р. Селенга от г. Улан-Удэ до устья. Впадая в озеро Байкал, Селенга образует обширную дельту. Водохозяйственный участок расположен на территории Республики Бурятия. Площадь водохозяйственного участка составляет 7 тыс. км2. В соответствии с Реестром опорных точек описание границы водохозяйственного участка 16.03.00.006 начинается от т.592, расположенной в устье Селенги на береговой линии оз. Байкал на водоразделе водохозяйственных участков 16.01.01.001 (Иркутское в-ще, включая оз. Байкал и р. Ангара от истока до Иркутского г/у), 16.03.00.006 и 16.04.00.002 (Бассейны рек средней части оз. Байкал от северо-западной границы бассейна р. Баргузин до северной границы бассейна р. Селенга). Отсюда граница идет на северо-восток к водоразделу водохозяйственных участков 16.03.00.004 (Уда), 16.03.00.006 и 16.04.00.002 в т.16057 на отрогах хребта Улан-Бургасы, огибая верховья р. Ангир, поворачивает на юго-запад, выходит на гребень хребта Улан-Бургасы и следует по нему до долины р. Селенга, пересекает ее у г. Улан-Удэ (т.16061), поднимается на хребет Хамар- Дабан к точке схождения границ водохозяйственных участков 16.02.00.001 (Бассейны рек южной части оз. Байкал в междуречье рек Селенга и Ангара), 16.03.00.006 и 16.03.00.005 (т.16059). Здесь граница поворачивает на север, обходит с запада дельту р. Селенга и подходит к точке схождения границ водохозяйственных участков 16.01.01.001, 16.02.00.001 и 16.03.00.006 на береговой линии оз. Байкал (т.591), огибает дельту Селенги и подходит к исходной точке – т.592. Замыкающий отрезок границы водохозяйственного участка проходит по береговой линии оз. Байкал, оконтуривая обширную разветвленную дельту Селенги. Прибрежная территория на этом участке границы представляет собой плоскую заболоченную дельтовую равнину, на относительно дренированных более высоких участках которой произрастают лиственнично- березовые леса. Высокие водораздельные пространства заняты лиственничными и лиственнично- кедровыми лесами."""
"""Бурея от истока до Бурейского г/у""","""Водохозяйственный участок 20.03.05.001 охватывает бассейн р. Бурея на участке от истока до Бурейского гидроузла. Бурея образуется слиянием Правой и Левой Буреи. Правая Бурея берёт начало на южных склонах хребта Эзоп, левая Бурея — на западных склонах хребта Дуссе- Алинь. В верховьях Бурея является горной рекой со скоростями течения 3-4 м/сек; ниже долина расширяется. В среднем течении прорезает отроги хребта Турана и течёт в узкой долине. Главные притоки: Ниман, Туюн справа; Ургал, Тырма слева. Водохозяйственный участок расположен на территории Амурской области и Хабаровского края, площадь водохозяйственного участка составляет 65,2 тыс. км2 . В соответствии с Реестром опорных точек описание границы водохозяйственного участка начинается от т.20016, расположенной у Бурейского гидроузла на р. Бурея (расчетный створ) на границе с водохозяйственным участком 20.03.05.002 (Амур от впадения р. Зея до впадения р. Бурея без р. Бурея до Бурейского г/у). От этой точки граница водохозяйственного участка проходит короткий отрезок в северо-западном направлении по южным отрогам хребта Турана до точки схождения границ водохозяйственных участков 20.03.04.004 (Зея от впадения р. Селемджа до устья), 20.03.05.001 и 20.03.05.002 – т.20015. Здесь граница поворачивает на северо-восток и следует по западной части хребта Турана, пересекая в т.894 у истоков р. Ташина административную границу между Амурской областью и Хабаровским краем на границе с водохозяйственным участком 20.03.04.004, проходит водораздел водохозяйственных участков 20.03.04.003 (Селемджа), 20.03.04.004 и 20.03.05.001, вновь пересекает административную границу между Амурской областью и Хабаровским краем в т.893 на водоразделе бассейнов р. Ига и Туюн и в т.892. На этом участке границы она разделяет верховья бассейнов рек Томь, Ульма, Ига, Бысса, и Хэргу (бассейн Зеи) и Верх. Мельгин, Туюн, Ниман, Акишма в бассейне Буреи. Дойдя до т.892, граница поворачивает на восток и идет по хребту Эзоп вблизи границы между Амурской областью и Хабаровским краем по водоразделу р.Хэргу (20.03.04.003) и рр. Акишма и Бурея до т.891 – точке схождения границ водохозяйственных участков 20.03.04.003, 20.03.05.001 и 20.03.08.001 (Амгунь) на границе между Амурской областью и Хабаровским краем. Абсолютная высота местности возрастает от отметок 300-700 м на начальном участке границы до 2000 м на хребте Эзоп. Низкогорья сменяются среднегорным рельефом. Южная, наиболее пониженная часть территории занята в основном светлохвойными лесами. В северной части этого участка границы достаточно отчетливо выражена структура высотной зональности: выделяются зоны лесная с поясами темнохвойных лесов и светлохвойных лесов, подгольцовая и гольцовая. От т.891 граница следует в южном направлении по южным отрогам хребта Ям-Алинь, разделяя водосборы рр. Бурея и Керби (20.03.08.001), затем делает петлю, огибая верховья р. Лев.Бурея, поворачивает на юго-запад, выходит на гребень Буреинского хребта, который в этой части является водоразделом рр. Ургал (20.03.05.001) и Амгунь (20.03.08.001). Затем, граница, огибая верховья Амгуни, поворачивает на юго-восток и подходит к т.895 (схождение границ водохозяйственных участков 20.03.05.001, 20.03.08.001 и 20.03.09.001 - Амур от г. Хабаровск до г. Комсомольск-на- Амуре), откуда, следуя вновь в юго-западном направлении по водоразделу рр. Гуджал (20.03.05.001) и Урми (20.03.09.001), выходит к т.896 – точке схождения границ водохозяйственных участков 20.03.05.001, 20.03.06.001 (Амур от впадения р. Бурея до г. Хабаровск без р. Уссури) и 20.03.09.001 на границе между Еврейской автономной областью и Хабаровским краем. Абсолютные высоты на этом отрезке снижаются до 600 м, среднегорный рельеф уступает место возвышенным всхолмленным равнинам. В ландшафтной структуре прослеживается широтная и высотная (на северном участке) зональность. Горы северного отрезка границы характеризуются сменой пояса лиственничной тайги с даурским рододендроном выше отметок 800-900 м редколесьем, в привершинных частях – субальпийские луга, на склонах северной экспозиции – тундра. Южнее плоские водораздельные пространства сильно заболочены и покрыты разреженным березово-лиственничным редколесьем и болотами; на более дренированных участках произрастают сосняки и широколиственные леса. От т.896 граница идет на запад, близко повторяя очертания границы между Еврейской автономной областью и Хабаровским краем, и, по водоразделам рр. Бира (20.03.06.001), Тырма и Яурин (20.03.05.001) выходит к т.897 - точке пересечения с границей между Еврейской автономной областью и Хабаровским краем. Далее граница поворачивает на север и следует близко к административной границе между Амурской областью и Хабаровским краем до т.898, где, огибая верховья р. Архара (20.03.06.001), уходит в западном направлении, проходит по водоразделу р. Бурея и р. Архара через точку схождения границ водохозяйственных участков 20.03.05.001, 20.03.05.002 и 20.03.06.001 (т.899) и замыкается в т. 20016. Абсолютные отметки на участке границе составляют порядка 400-600 м. Территория характеризуется волнистым низкогорным рельефом. Господствуют ландшафты светлохвойных лесов с участками широколиственных лесов."""
Чепца,"""Водохозяйственный участок 10.01.03.001 включает полностью бассейн р. Чепца (левого притока р. Вятка) и замыкается в расчетном створе в месте впадения р Чепца в р. Вятка (т.10089). Участок вытянут с северо-запада на юго-восток вдоль бассейна реки и его площадь составляет 20,4 тыс. км2. От т.10089 граница между водохозяйственными участками 10.01.03.001 и 10.01.03.002 (Вятка от истока до г. Киров без р. Чепца) простирается на юго-восток по горному хребту Вятский Увал, с которого берут начало все небольшие правые притоки р. Чепца. Не меняя направления, граница водохозяйственного участка доходит до административной границы между Кировской областью и Удмуртской Республикой и пересекает ее в т.10090. Огибая верховья р. Вятка и бассейн ее правого притока (р. Белая), граница участка вновь пересекает ту же административную границу и в районе истока р. Белая достигает т.335 (пересечение границы Пермского края и Удмуртской Республики). Точка 335 является также точкой схождения границ водохозяйственных участков 10.01.03.001, 10.01.03.002 и 10.01.01.001 (Кама от истока до в/п с. Бондюг). От т.335 в том же юго-восточном направлении граница проходит до истока р. Кама, рядом с которым находится т.334 (пересечение границы Пермского края и Удмуртской Республики). В этой точке сходятся границы водохозяйственных участков 10.01.03.001, 10.01.01.001 и 10.01.01.009 (Кама от г. Березники до Камского г/у без р. Косьва (от истока до Широковского г/у), Чусовая и Сылва). От этой точки граница участка отклоняется на юго-юго-восток и перемещается вдоль административной границы до т.10025, где сходятся границы водохозяйственных участков 10.01.03.001, 10.01.01.009 и 10.01.01.010 (Кама от Камского г/у до Воткинского г/у). Недалеко на юг в верховьях р. Очер (правого притока р. Кама) расположена т.10027, в которой пересекаются границы участков 10.01.03.001, 10.01.01.010 и 10.01.01.014. Далее граница рассматриваемого участка опускается к югу в направлении административной границы (правее от нее) и пересекает ее в т.333, расположенной рядом с истоком р. Ита. От т.333 граница уходит на запад к т.332 (точка схождения границ водохозяйственных участков 10.01.01.012, 10.01.01.014. и 10.01.03.001 в верховьях р. Иж) и дальше к истоку р. Ува в т.10035 (точка схождения границ водохозяйственных участков 10.01.01.012, 10.01.03.001 и 10.01.03.005 (р. Вятка от в/п пгт. Аркуль до г. Вятские Поляны)). От т.10035 граница резко поворачивает на север, затем примерно через 50 км отклоняется к северо-западу до т.10091, в которой пересекает административную границу между Республикой Удмуртия и Кировской областью. Продолжаясь к западу, граница огибает верховья р. Лумпун с севера и верховья р. Коса (левый приток р. Чепца) с юга и затем уходит на северо-запад к верховьям р. Лобань в точку 10092 (точка схождения границ водохозяйственных участков 10.01.03.001, 10.01.03.005 и 10.01.03.004 (р. Вятка от г. Котельнич до в/п пгт. Аркуль)). Далее к северо-западу, затем от истока р. Ошлань (правого притока р. Воя) к западу, граница приходит в т.10093, где стыкуются участки 10.01.03.001, 10.01.03.004 и 10.01.03.003 (Вятка от г. Киров до г. Котельнич). Небольшой участок границы на север по водоразделу верховьев рр. Быстрица и Филипповка (левый приток р. Чепца) приводит к т.10094, где сходятся границы водохозяйственных участков 10.01.03.001, 10.01.03.003 и 10.01.03.002. Продолжаясь в северном направлении, граница водохозяйственного участка 10.01.03.001 повторяет очертания русла р. Просница, проходя восточнее ее бассейна, и достигает замыкающего створа в т.10089 в устье р. Чепца."""
"""Бассейны рек средней части оз.Байкал от северо-западной границы бассейна р.Баргузин до северной границы бассейна р.Селенга""","""Водохозяйственный участок 16.04.00.002 охватывает бассейны рек средней части оз. Байкал от северо-западной границы бассейна р. Баргузин до северной границы бассейна р. Селенга. Наиболее крупными реками, впадающими в Байкал на этом участке, являются Баргузин и Турка. Водохозяйственный участок расположен на территории Республики Бурятия. Площадь водохозяйственного участка составляет 32 тыс. км2. В соответствии с Реестром опорных точек описание границы водохозяйственного участка 16.04.00.002 начинается от т.16003, расположенной на береговой линии оз. Байкал в точке схождения границ водохозяйственных участков 16.01.01.001 (Иркутское в-ще (включая оз. Байкал и р. Ангара от истока до Иркутского г/у), 16.04.00.001 (Бассейны рек средней и северной части оз. Байкал от восточной границы бассейна р. Ангара до северо-западной границы бассейна р. Баргузин) и 16.04.00.002. От этой точки граница идет в северо-восточном направлении, поднимаясь по Баргузинскому хребту, огибает верховья р. Баргузин и подходит к водоразделу водохозяйственных участков 18.03.02.002 (Витим от в/п с. Калакан до в/п с. Спицино), 16.04.00.001 и 16.04.00.002 - т.16058. Здесь граница поворачивает на юго-запад и идет по Икатскому хребту через водораздельную точку (т.18017), разделяющую водохозяйственные участки 18.03.02.001 (Витим от истока до в/п с. Калакан), 18.03.02.002 и 16.04.00.002, далее переходит на хребет Улан- Бургасы, в северной части которого проходит точку (т.593) схождения границ водохозяйственных участков 18.03.02.001, 16.03.00.004 (Уда) и 16.04.00.001 и в южной части – водораздел (т.16057) водохозяйственных участков 16.03.00.004, 16.03.00.006 (Селенга от г.Улан-Удэ до устья) и 16.04.00.002, спускается к береговой линии оз. Байкал в точке (т.592) схождения границ водохозяйственных участков 16.01.01.001, 16.03.00.006 и 16.04.00.002. . От этой точки граница водохозяйственного участка (ее внутренняя часть) идет по береговой линии оз. Байкал и замыкается в исходной т.16003. На протяжении границы господствуют зональные ландшафты, но, поскольку водораздельные хребты характеризуются значительными абсолютными высотами, здесь преобладают горнолиственничные редколесья, а на самых высоких участках – горная тундра и гольцовые вершины. Береговой участок границы расчленен многочисленными долинами коротких рек, впадающих в Байкал, долины и устьевые участки наиболее крупных из них часто заболочены."""
"""Мая от в/п с. Аим до устья""","""Водохозяйственный участок 18.03.06.006 охватывает территорию бассейна р. Мая от впадения р. Аим (в/п с. Аим) до устья, расположен в Респ. Саха (Якутия) и Хабаровском крае. Площадь водохозяйственного участка составляет 63,0 тыс. км2. От т.18072 впадения р.Мая в р. Алдан граница участка следует в юго-восточном направлении, пересекает Горностахский хр. и выходит на хр. Улахан-Бом к т.18069 на водоразделе рр. Ытыга и Бас-Дюкат, затем поворачивает на северо-восток, проходит через т.18070 на водоразделе рр. Эльгандя и Мунду, пересекает административную границу между Республикой Саха (Якутия) и Хабаровским краем в точке схождения границ водохозяйственных участков 18.03.06.006, 18.03.06.007 (Алдан от впадения р. Мая до впадения р. Амга) и 18.05.00.001 (Индигирка от истока до впадения р. Нера) (т.711), поворачивает на восток, следуя по административной границе к т.712, где сходятся границы водохозяйственных участков 20.01.00.001 (Бассейны рек Охотского моря от северо-восточной границы бассейна р. Иня до границы бассейна р. Уда), 18.05.00.001 и 18.03.06.006. Далее граница поворачивает на юг и по Юдомскому хребту следует к т.18071 на водоразделе рр. Бургали и Нивандя, проходит через т.713 на водоразделе рр. Амка и Мая вблизи точки схождения границ водохозяйственных участков 18.03.06.005 (Мая от истока до в/п с. Аим), 18.03.06.006 и 20.01.00.001. От этой точки граница поворачивает на юго-запад, выходит на Юдомо-Майское нагорье, пересекает хр. Челат в т.18065 на водоразделе рр. Диктанда и Тайма, поворачивает на запад, пересекает р. Мая ниже устья р. Аим и в/п с. Аим (т.18067) и замыкается в начальной т.18072. Абсолютные высоты местности повышаются от 300 м в устье Маи до 2800 м на Юдомском хр. С повышением абсолютных высот среднегорная лиственничная тайга восточносибирского типа сменяется высокогорными ландшафтами - редколесьями с тундровыми участками, а местами – гольцами."""
"""Москва от Рублевского г/у до в/п с. Заозерье без р.Пахра""","""Водохозяйственный участок 09.01.01.017 включает часть бассейна р. Москва непосредственно в г. Москва от Рублевского г/у до замыкающего расчетного створа у в/п с.Заозерье (т.9064). Площадь водохозяйственного участка составляет 1,6 тыс. км2. В непосредственной близости от замыкающего створа расположена т.9062, в которой сходятся границы водохозяйственных участков 09.01.01.017, 09.01.01.018 (Москва от в/п Заозерье до г. Коломна) и 09.01.01.016 (Пахра). От этой точки граница участка направлена на северо-запад, пересекает р. Москву в т.9061 и идет по водоразделу бассейнов рр. Пахра и Москва. Севернее г. Одинцово в т.9035 сходятся границы участков 09.01.01.017, 09.01.01.015 (Москва от г. Звенигород до Рублевского г/у без р. Истра (от истока до Истринского г/у) и 09.01.01.016, после этой точки граница поворачивает на север и в т.9059 пересекает р. Москву у Рублевского г/у. Далее граница участка простирается на северо-запад по водоразделу рр. Истра и Сходня до т.9058 – точки схождения границ участков 09.01.01.017, 09.01.01.015 и 09.01.01.014 (Истра от истока до Истринского г/у), затем после поворота на восток до т.9057 – точки схождения границ участков 09.01.01.017. 09.01.01.014 и 09.01.03.003 (Клязьма от истока до Пироговского г/у). От этой точки граница участка идет в юго-восточном направлении по водоразделу между бассейнами рр. Сходня и Клязьма до т.9131, где сходятся границы участков 09.01.01.017, 09.01.03.003 и 09.01.01.006 (Протва). В продолжении этого направления граница пересекает города Мытищи и Королеви в г. Щелково достигает т.9065 – точки схождения границ водохозяйственных участков 09.01.01.017, 09.01.01.018 и 09.01.03.005 (Клязьма от Пироговского г/у до г. Ногинск без р. Уча (от истока до Акуловского г/у). Далее, огибая юго-восточные окраины г. Москвы и пересекая г. Люберцы, граница приходит в замыкающий створ – т.9064."""
Матыра,"""Водохозяйственный участок 05.01.01.004 охватывает бассейн р. Матыра с замыкающим створом у Матырского г/у у г. Липецк (т.5019). Площадь водохозяйственного участка составляет 5.2 тыс. км2. От точки замыкающего створа граница участка следует на восток по водоразделу рр. Матыра и Воронеж, пересекает в т.5020 границу Липецкой и Тамбовской областей, и у истока р. Матыра проходит две близко расположенные точки схождения границ водохозяйственных участков: т.5021 – участков 09.01.02.003 (Цна от г. Тамбов до устья), 05.01.01.005 (Воронеж от истока до г. Липецк без р. Матыра) и 05.01.01.004, и т.9095 - участков 09.01.02.002 (Цна от истока до г. Тамбов), 09.01.02.003 и 05.01.01.004. Огибая исток р. Матыра, граница уходит на юг до т.5022, в которой сходятся границы водохозяйственных участков 09.01.02.002, 05.01.01.009 (Битюг) и 05.01.01.004, затем на запад до границы областей Тамбовской и Липецкой (т.5023) и юго-запад до границы областей Липецкой и Воронежской (т.5042). У истока р. Плавица в т.5024 граница участка проходит узел схождения границ водохозяйственных участков 05.01.01.006 (Воронеж от г. Липецк до Воронежского г/у), 05.01.01.009 и 05.01.01.004, в т.5030 возвращается в Липецкую область из Воронежской и уходит на север по водоразделу рр. Усмань и Байгора дот.5025 – точки схождение границ водохозяйственных участков 05.01.01.005, 05.01.01.006 и 05.01.01.004, расположенной немного южнее замыкающего створа участка (т.5019)."""
"""Бассейн Онежского озера без рр. Шуя, Суна, Водла и Вытегра""","""Водохозяйственный участок 01.04.01.006 охватывает Онежское озеро и бассейны рек, впадающих в него, исключая бассейны рр. Шуя, Суна, Водла и Вытегра. Онежское озеро является вторым по величине пресноводным озером в Европе. Береговая линия в северной части озера расчленена длинными узкими заливами, южные и юго-восточные берега ровные. Побережье озера отличается очень разнообразным и сложным рельефом. В Онежское озеро впадает около 50 рек (Вытегра, Андома, Водла, Суна, Шуя, Мегра и др.), вытекает р. Свирь, соединяющая Онежское озеро с Ладожским. Озеро входит в систему Волго-Балтийского и Беломорско-Балтийского водных путей. Участок расположен в Республике Карелия, Вологодской и Ленинградской областях, его площадь составляет 26,8 тыс. км2. От начальной т.37 на водоразделе Онежского озера и Сегозерского водохранилища граница водохозяйственного участка 01.04.01.006 следует в восточном направлении и проходит т.2057 схождения границ водохозяйственных участков 01.04.01.006, 02.02.00.011 (Сегежа до Сегозерского г/у, вкл. оз. Сегозеро) и 02.02.00.012 (Нижний Выг от истока до Выгозерского г/у, вкл. оз. Выгозеро без р. Сегежа до Сегозерского г/у), огибает оз. Верх. Волозеро, обходит исток р. Немина, затем проходит т.2064 схождения границ водохозяйственных участков 01.04.01.003 (Бассейн оз. Водлозеро) и 02.02.00.012 и поворачивает на юг. Следуя в этом направлении, граница проходит т.1044 схождения границ водохозяйственных участков 01.04.01.003, 01.04.01.004 (Водла) и 01.04.01.006 у истока р. Пяльма, поворачивает на запад, обходит оз. Тубозеро, затем в южном направлении проходит по водоразделу р. Шалица и Онежского озера, пересекает р. Водла в т.1045 ее впадения в Онежское озеро, далее следует на юго-восток. Следуя в этом направлении, граница водохозяйственного участка дважды пересекает границу между Вологодской областью и Республикой Карелия – сначала в т.1047 на водоразделе рр. Сомба и Хмелевица, а затем в т.1046 схождения границ водохозяйственных участков 01.04.01.004, 01.04.01.006 и 08.01.02.003 (Шексна от истока (вкл. оз. Белое) до Череповецкого г/у), поднимаясь на Андомскую возвышенность. Далее граница обходит оз. Сойдозеро в южном направлении и следует до т.1016 схождения границ водохозяйственных участков 01.04.01.005 (Вытегра), 01.04.01.006 и 08.01.02.003. От этой точки граница поворачивает на запад, выходит на береговую линию Онежского озера, пересекает впадающую в него р. Вытегра в т.1011, затем отходит от побережья и по Мегорской гряде по водоразделу рр. Лема и Тагажма достигает т.1015 схождения границ водохозяйственных участков 01.04.01.005, 01.04.01.006 и 08.01.02.003. Далее граница следует в юго-западном направлении по Вепсовской возвышенности, проходит по водоразделу оз. Лухтозеро и Куштозеро, проходит т.8074 схождения границ водохозяйственных участков 01.04.01.006, 08.01.02.002 (Суда) и 08.01.02.003, затем т.1014 схождения границ водохозяйственных участков 01.04.01.006, 01.04.01.008 (Свирь от Нижнесвирского г/у до устья) и 08.01.02.002. От этой точки граница поворачивает на север, проходит исток р. Тукша, пересекает границу между Вологодской и Ленинградской областями вблизи т.1048 схождения границ водохозяйственных участков 01.04.01.006, 01.04.01.007 (Свирь от истока до Нижнесвирского г/у) и 01.04.01.008, затем пересекает р. Свирь в месте ее истока из Онежского озера (т.1049), обходит исток р. Ивина, делает петлю в западном направлении, поднимается на Олонецкую возвышенность к т.1036 схождения границ водохозяйственных участков 01.04.01.001 (Шуя), 01.04.01.006 и 01.04.01.007, пересекает р. Шуя в месте ее впадения в Онежское озеро (т.1035), затем проходит т.1039 схождения границ водохозяйственных участков 01.04.01.001, 01.04.01.002 (Суна) и 01.04.01.006, проходит по створу Кондопожской ГЭС (т.1040), затем, не изменяя северного направления движения, проходит по водоразелу оз. Сандал, Кедрозеро, Лижмозеро и Пальеозеро, достигает т.2058 схождения границ водохозяйственных участков 01.04.01.002, 01.04.01.006 и 02.02.00.011, от которой по водоразделу р. Кумса следует к начальной точке замыкания. На территории выражен холмисто-моренный и грядовый рельеф с камами и озами. Здесь господствуют таежные ландшафты: еловые леса высокого класса бонитета на повышенных участках и сосновые, нередко заболоченные леса по понижениям."""
"""Енисей от впадения р. Нижняя Тунгуска до в/п г. Игарка без р.Курейка от истока до Курейского г/у""","""Водохозяйственный участок 17.01.08.002 включает часть бассейна р. Енисей (без р. Курейка от истока до Курейского г/у) от впадения р. Нижняя Тунгуска до в/п Игарка. Водохозяйственный участок расположен на территории Красноярского края. Площадь водохозяйственного участка составляет 57,1 тыс. км2. От т.17033 (в/п г. Игарка на р. Енисей) граница следует на северо-восток, проходит водораздел водохозяйственных участков 17.01.08.002 (Енисей от впадения р. Нижняя Тунгуска до в/п г. Игарка без р. Курейка от истока до Курейского г/у), 17.01.08.003 (Хантайка от истока до Усть-Хантайского г/у) и 17.01.08.004 (Енисей от в/п г. Игарка до устья без р. Хантайка от истока до Усть-Хантайского г/у ) в т.17034, поворачивает на юго-восток, пересекает административную границу между Красноярским краем и Таймырским (Долгано-Ненецким) автономным округом в т.17035 и далее следует по этой границе до т.17031 схождения границ водохозяйственных участков 17.01.08.001 (Курейка от истока до Курейского г/у), 17.01.08.002 и 17.01.08.003 на возвышенности Брус-Камень, затем поворачивает на юг, проходит через т.17030 – расчетный створ Курейского гидроузла на р. Курейка, поворачивает на юго-восток, пересекает водораздел водохозяйственных участков 17.01.07.004 (Нижняя Тунгуска от в/п п. Учами до устья), 17.01.08.001 и 17.01.08.002 в т.17029 на возвышенности Рудничный Камень, поворачивает на юго-запад и следует к т.645. Абсолютные высоты возрастают от 10 до 500м. В начале отрезка преобладают лесотундровые ландшафты, значительные площади заняты болотами. Леса из лиственницы сибирской и ели сибирской с примесью березы не поднимаются выше 400м, выше идет пояс ольхового стланика, затем – ивняково-ерниковая тундра, кустарниково-лишайниковая и горная арктическая пустыня. От т.645 впадения р. Нижняя Тунгуска в р. Енисей, схождения границ водохозяйственных участков 17.01.06.001 (Енисей от впадения р. Подкаменная Тунгуска до впадения р. Нижняя Тунгуска), 17.01.07.004 и 17.01.08.002 граница продолжает следовать в юго-западном направлении, проходит через т.556 схождения границ водохозяйственных участков 15.05.00.001 (Таз), 17.01.06.001 и 17.01.08.002 на границе между Ямало-Ненецким а.о. и Красноярским краем, поворачивает на север и далее следует по Нижнеенисейской возвышенности, проходя рядом с административной границей между Ямало-Ненецким автономным округом и Красноярским краем до т.553 (пересекая ее в тт.555 и 554). Следуя в северном направлении, граница в т.555 проходит через водораздел в верховьях р. Покойницкая (Бунилбиратын). В т.553 граница поворачивает на восток и замыкается в исходной т.17033. Граница разделяет бассейны рек (с запада): Кашкы, Шельпоры, Покалькы, Парусовая, Ундылькы, а с востока – рек Чатылькы, Верх. Баиха, Покотылькы, Бол.Блудная, Турухан, Усомчик. Абсолютные высоты плавно снижаются от 200 м в начале этого отрезка границы до 50 м в его конце. Рельеф отличается существенными контрастами, над зандровыми равнинами здесь нередко поднимаются высокие моренные холмы и гряды, разделенные озерными котловинами. По мере движения на север, среднетаежные ландшафты сменяются северотаежными и далее – лесотундровыми. Значительные площади заняты болотами различного типа."""
"""Реки бассейна Баренцева моря от мыса Канин Нос до границы бассейна р. Печора""","""Водохозяйственный участок 03.04.00.001 охватывает бассейны рек, впадающих в восточную часть Баренцева моря на участке от мыса Канин Нос до границы бассейна р. Печора. Водохозяйственный участок практически полностью расположен на территории Ненецкого а.о. Площадь водохозяйственного участка составляет 43,0 тыс. км2.От мыса Канин Нос (т.117) граница идет в юго-восточном направлении по восточному побережью полуострова Канин до мыса Микулкин (начало чешской губы Баренцева моря), затем резко поворачивает в юго-западном направлении и далее - в южном направлении, пересекая устья рек Бол. Хулта, чеша, Вижас (т.124). Рельеф береговой линии на этом участке - заозеренная равнина с отметками 50-80 м. Ландшафты - преимущественно лишайниково-моховая и кустарниковая тундры, с многочисленными мелкими озерами и болотами в междуречье рек Бол.Хулта и Чеша. От т.124 граница следует вдоль берега чешской губы в восточном и северном направлении вплоть до мыса Русский Заворот (т.125). Побережье чешской губы занято лесотундрой и кустарниковой тундрой с зарослями полярной березки и полярной ивы, к северу распространение получают моховые и частично лишайниковые тундры. По низинным побережьям встречаются также засоленные луга. От мыса Русский Заворот (восточная точка Тиманского берега) по береговой линии Печорской губы Баренцева моря граница уходит в юго-западном направлении вдоль заболоченной прибрежной равнины Захаркин берег, огибая залив Кузнецкая губа до примыкания к побережью границы с водохозяйственным участком 03.05.03.002 (Печора от в/п Усть-Цильма до устья) (т.126). В т.126 заканчивается морской участок границы участка. Отсюда граница поворачивает на юго- запад, следует по Ненецкой гряде по водоразделу реки Нерута и оз. Голодная Губа, огибает с севера верховья р.Сойма (т.3043), затем поворачивает на юг, оконтуривает с юга бассейн р.Индига, разделяя его с бассейном р. Сула (т.127). Далее граница поднимается на северные отроги Тиманского кряжа, поворачивает на юг, проходит по возвышенности Косминский камень Тиманского кряжа, в т.128 пересекая административную границу между Ненецким автономным округом и Архангельской областью, до водораздельной т.121 схождения границ водохозяйственных участков 03.03.00.002 (Мезень от в/п д. Малонисогорская до устья), 03.04.00.001 и 03.05.03.002. Абсолютная высота от нулевой отметки побережья возрастает до 240 м на возвышенностях Тиманского кряжа. Рельеф низменных морских равнин сменяется увалисто-грядовым с плоскими междуречьями. Большую часть территории занимают ландшафты кустарничковой и лишайниковой Малоземельской тундры. Плоские междуречья частот заняты бугристыми или грядово-мочажинными болотами, характерны термокарстовые озера. От т. 121 граница сначала идет на юго-запад, делая резкую петлю у верховья р. Пёша, поворачивает на север, пересекает в т.120 административную границу между Ненецким автономным округом и Архангельской областью. От т.120 граница участка вновь поворачивает на юг, затем, огибая верховья р. Ома, поворачивает на запад и, практически совпадая с вышеуказанной административной границей, следует до т.119, огибает с юга верховье р. Вижас, поворачивает на север, еще раз пересекает административную границу между Ненецким автономным округом и Архангельской областью вблизи точки схождения границ водохозяйственных участков 03.03.00.002, 03.03.00.003 (реки бассейна Белого моря от мыса Воронов до мыса Канин Нос (исключая р. Мезень) и 03.04.00.001 (т.118), проходит водораздел рр. Бол. Кия и чеша (т.3031) и по возвышенности Канин Камень выходит к точке замыкания (т.117) на берегу Баренцева моря. Абсолютная высота местности на этом отрезке плавно снижается, достигая нулевой отметки на побережье. Изреженные сырые северотаежные леса при выходе на морскую низменную равнину сменяются заболоченными тундрами с большим количеством термокарстовых озер. Луга из осоки, ситника, тростника и других солевыносливых трав протягиваются неширокими полосами в наименее затопленных частях болотных приморских низин."""
"""Реки бассейна Восточно-Сибирского моря от мыса Святой Нос на западе до границы бассейна р. Индигирка на востоке""","""Водохозяйственный участок 18.05.00.005 охватывает бассейны рек бассейна Восточно- Сибирского моря от мыса Святой Нос на западе до границы бассейна р. Индигирка на востоке. Наиболее крупной рекой на участке является р. Хрома. Участок расположен целиком в Респ. Саха (Якутия). Площадь водохозяйственного участка составляет 50 тыс. км2. От точки впадения р. Хрома в Восточно-Сибирское море (т.771) в устье р. Хрома граница тянется вдоль береговой линии, огибает полуостров Лопатка и от т.18103 примыкания к береговой линии Восточно-Сибирского моря границы между водохозяйственными участками 18.05.00.004 (Индигирка от в/п Белая Гора до устья) и 18.05.00.005 поворачивает на юг и по Яно-Индигирской низменности следует к точке схождения границ водохозяйственных участков 18.05.00.003 (Индигирка от впадения Момы до в/п Белая Гора), 18.05.00.004 и 18.05.00.005 - т.18102, затем граница поворачивает на запад, проходит через т.760 схождения границ водохозяйственных участков 18.04.03.004 (Реки бассейна моря Лаптевых от границы бассейна р. Яна на западе до границы бассейна Восточно-Сибирского моря (мыс Святой Нос) на востоке), 18.05.00.003 и 18.05.00.005, поворачивает на север и проходит по Яно-Индигирской низменности, разделяя бассейны рек Хрома, Топордах, Урюнг-Улах, Кюель-Юрях, Санга-Юрях (т.759) и Сюрюктях, Муксунуоха, затем поворачивает на северо-восток и следует к береговой линии пролива Дмитрия Лаптева (т.758) и далее по береговой линии возвращается к исходной т.772. На равнине при движении с юга на север ландшафты меняются от лесотундровых заболоченных редколесий до лишайниково-моховых и кустарничково-травянистых арктических тундр."""
"""Кума от г. Зеленокумск до впадения р. Мокрая Буйвола""","""Водохозяйственный участок 07.01.00.008 охватывает часть бассейна р. Кума от г. Зеленокумск до впадения левобережного притока р. Мокрая Буйвола. Участок расположен в Ставропольском крае, его площадь составляет 5 тыс. км2. От расчетного створа на р. Кума (т.7021) в месте впадения р. Мокрая Буйвола и схождения границ водохозяйственных участков 07.01.00.008, 07.01.00.009 (Мокрая Буйвола) и 07.01.00.010 (Кума от впадения р. Мокрая Буйвола до устья) граница водохозяйственного участка 07.01.00.008 следует на юго-восток по Прикумской низменности, пересекая долину р. Кума, проходит т.7022 схождения границ водохозяйственных участков 07.01.00.008, 07.01.00.010 и 07.01.00.011 (Сухая Кума), затем поворачивает на юго-запад, проходит по восточной окраине Ставропольской возвышенности по водоразделу рр. Кума и Горькая Балка, и в т.7019 схождения границ водохозяйственных участков 07.01.00.007 (Кума от Отказненского г/у до г. Зеленокумск), 07.01.00.008 и 07.01.00.011 поворачивает на запад. Проходя в западном направлении от т.7019, граница пересекает р. Кума ниже г. Зеленокумск (т.7018) и по водоразделу рр. Мокрый Карамык и Сухая Сабля выходит в центр Ставропольской возвышенности, достигает т.7020 схождения границ водохозяйственных участков 07.01.00.007, 07.01.00.008 и 05.01.05.002 (Калаус). От этой точки граница следует на север, огибает оз. Соленое, проходит т.7023 схождения границ водохозяйственных участков 07.01.00.008, 07.01.00.009 и 05.01.05.002, поворачивает на восток и по водоразделу рр. Грязнушка и Мокрая Буйвола, спускаясь со Ставропольской возвышенности на Прикумскую низменность, следует до замыкания в начальной точке. С востока на запад полупустынные ландшафты сменяются сухостепными и степными, на наиболее высоких водоразделах встречаются массивы широколиственных дубово-грабовых лесов (участки лесостепи). граница поворачивает на восток, вновь выходит на Прикаспийскую низменность, пересекает границу между Ставропольским краем и Республикой Калмыкия в т.7006, обходит теряющееся в песках у оз. Киркита устье р. Восточный Маныч (т.7001), проходит т.264 схождения границ водохозяйственных участков 07.01.00.010, 07.04.00.001 (Бессточные территории междуречья Терека, Дона и Волги) и 11.01.00.025 (Волга, дельта) от в/п Верхнее Лебяжье до устья), примыкает к береговой линии Каспийского моря на границе с водохозяйственным участком 11.01.00.025 в т.243 и, следуя по побережью в южном направлении, замыкается в начальной точке. Рельеф на участке границы изменяется от низменного (абсолютные высоты от -27 до 100 м) до возвышенного эрозионного с абсолютными высотами более 300 м. Большая часть территории занята полупустынными и сухостепными растительными группировками, лишь в западной части представлены разнотравные степи (в значительной степени распаханные). По мере понижения равнины в сторону залива полынные полупустыни сменяются солончаковыми лугами, которые переходят в обширные тростниковые крепи с обилием больших и малых плесов. Все побережье изрезано лиманами."""
"""Клязьма от г. Владимир до г. Ковров без р.Нерль""","""Водохозяйственный участок 09.01.03.009 охватывает часть бассейна р. Клязьма от г. Владимира до замыкающего расчетного створа ниже г. Ковров (т.9119). Площадь водохозяйственного участка составляет 3,8 тыс. км2. От т.9119, в которой сходятся границы водохозяйственных участков 09.01.03.009, 09.01.03.010 (Уводь) и 09.01.03.011 (Клязьма от г. Ковров до устья без р. Уводь), граница участков 09.01.03.009 и 09.01.03.011 направляется на юг по водоразделу рр. Нерехта и Тара до т.9124, где сходятся границы водохозяйственных участков 09.01.03.009, 09.01.03.011 и 09.01.03.012 (Ока от г. Муром до г. Горбатов без рр. Клязьма и Теша). Далее граница поворачивает на запад, затем на юг и по водоразделу рр. Судогда и Ушна у истока р. Судогда приходит в т.9086 – точку схождения границ водохозяйственных участков 09.01.01.023 (Ока от в/п с. Копоново до впадения р. Мокша), 09.01.03.009 и 09.01.03.012 . От этой точки граница участков 09.01.03.009 и 09.01.01.023 следует на северо-запад по водоразделу рр. Гусь, Поль и Судогда до т.9085, в которой сходятся границы водохозяйственных участков 09.01.01.023, 09.01.03.007 (Клязьма от г. Орехово-Зуево до г. Владимир) и 09.01.03.009. Здесь граница поворачивает на северо-восток и южнее г. Владимира пересекает р. Нерль в месте ее впадения в р. Клязьму и приходит в т.9112 – точку схождения границ водохозяйственных участков 09.01.03.007, 09.01.03.008 и 09.01.03.009 и далее на восток в т.9118 - точку схождения границ водохозяйственных участков 09.01.03.008, 09.01.03.009 и 09.01.03.010. Последний участок до замыкающего створа на р. Клязьма ниже г. Ковров (т.9119) граница проходит на восток по водоразделу бассейнов рр. Клязьма и Уводь."""
Сож,"""Водохозяйственный участок 04.01.00.004 охватывает верхнюю часть бассейна р. Сож в пределах Российской Федерации до пересечения р. Сож Государственной границы РФ с Республикой Беларусь в т.4008. Площадь водохозяйственного участка составляет 5.8 тыс. км2. От этой точки граница участка следует на северо-запад вдоль Государственной границы РФ с Республикой Беларусь до т.4009, где ее еще раз пересекает р. Сож, и далее до т.4007, где стыкуется с границей участка 04.01.00.003 (Российская часть бассейна р. Днепрниже г. Смоленск). Здесь граница сначала резко уходит на юг между истоками рр. Городня и Лупа, затем поворачивает на северо-восток до т.4006 южнее г. Смоленск, в которой сходятся границы водохозяйственных участков 04.01.00.002 (Днепр от г. Дрогобуж до г.Смоленск), 04.01.00.003 и 04.01.00.004. Далее граница идет на восток по водоразделу рр. Днепр и Сож до истока р. Стояна, где в т.4005 сходятся границы водохозяйственных участков 04.01.00.002, 04.01.00.008 (Десна от истока до г/у Смоленской АЭС) и 04.01.00.004. Отсюда граница уходит на юг до т.4010 – точки схождения границ водохозяйственных участков 04.01.00.004, 04.01.00.008 и 04.01.00.005 (Остер), после которой делает поворот на запад, затем на юго-запад, идет по водоразделу рр. Остер и Сож и, поворачивая снова в западном направлении, приходит в расчетную точку на Государственной границе с Респ. Беларусь – т.4008."""
"""Российская часть бассейна р. Урал ниже впадения в него р. Сакмара без р. Илек""","""Водохозяйственный участок 12.01.00.010 охватывает российскую часть бассейна р. Урал от впадения в него р. Сакмара до Государственной границы РФ с Казахстаном, исключая бассейн р. Илек. Площадь участка составляет 16,9 тыс. км2. Р. Урал пересекает Государственную границу РФ с Казахстаном в т.364. Далее граница водохозяйственного участка следует вдоль государственной границы через т.365, в которой ее пересекает трансграничная р. Чаган, до т.346, где примыкает к Государственной границе вместе с водохозяйственным участком 11.01.00.016 (Бол. Иргиз от истока до Сулакского г/у), а также к государственной границе примыкает граница между Оренбургской и Саратовской обл. Затем граница водохозяйственного участка 12.01.00.010 следует на северо-восток до т.345 – точки пересечения границы Самарской и Оренбургской обл. вблизи точки схождения границ водохозяйственных участков 12.01.00.010, 11.01.00.010 (Самара от Сорочинского г/у до в/п с. Елшанка) и 11.01.00.016. Далее граница поворачивает на восток и следует через т.344– точку схождения границ водохозяйственных участков 12.01.00.010, 11.01.00.009 (Самара от истока до Сорочинского г/у) и 11.01.00.010 и т.343 – схождение разнонаправленных участков границ с водохозяйственным участком 11.01.00.009 в верховьях р. Самара – до т.12003, точки схождения границ водохозяйственных участков 12.01.00.007 (Сакмара от впадения р. Большой Ик до устья), 12.01.00.010 и 11.01.00.009. От т.12003 граница продолжается на юг до т.12004 – точки впадения р. Сакмара в р. Урал и точки схождения границ водохозяйственных участков 12.01.00.007, 12.01.00.008 (Урал от г. Орск до впадения р. Сакмара) и 12.01.00.010, а затем до т.12005 – точки схождения границ водохозяйственных участков 12.01.00.008, 12.01.00.009 (Илек) и 12.01.00.010. После этого граница поворачивает на запад и замыкается в начальной точке."""
"""Лена от в/п с. Мача до устья р.Олекма""","""Водохозяйственный участок 18.03.03.003 охватывает территорию бассейна р. Лена от в/п с. Мача до впадения р. Олекма (в/п г. Олекминск) расположен в Респ. Саха (Якутия). Площадь водохозяйственного участка составляет 22,0 тыс. км2. От т.735 - точки впадения р. Олекма в р. Лена на водоразделе водохозяйственных участков 18.03.03.003, 18.03.04.003 (Олекма от в/п с. Усть-Нюкжа до устья без р. Чара) и 18.03.05.001 (Лена от устья Олекмы до в/п п. Покровск) граница следует на юг, проходит через водораздельную точку схождения границ водохозяйственных участков 18.03.04.002, 18.03.04.003 и 18.03.03.003 - т.18043, далее следует в юго-западном направлении по южной окраине Приленского плато, пересекает границу между Иркутской областью и Республикой Саха (Якутия) в тт. 736 и 737, выходит на северную окраину Патомского нагорья, поворачивает на север, пересекает р. Лена ниже с. Мача (т.18034), снова выходит на Приленское плато, проходит через водораздельную точку (т.18035) схождения границ водохозяйственных участков 18.03.03.002 , 18.03.03.003 и 18.03.08.003 (Вилюй от Вилюйской ГЭС до впадения р. Марха), поворачивает на северо-восток, проходит через точку схождения границ водохозяйственных участков 18.03.03.003, 18.03.05.001 и 18.03.08.003 - т.740, поворачивает на юго-восток и замыкается в начальной т.735. Абсолютные высоты местности составляют 300-500 м, на юге водохозяйственного участка они возрастают до 1000 м. Здесь преобладают ландшафты горной дальневосточной тайги (лиственнично-зеленомошной), с ростом абсолютной высоты она сменяется подгольцовыми редколесьями."""
"""Ишим от границы РФ с Респ. Казахстан до устья без оз. Большой Уват до г/у Большой Уват""","""Водохозяйственный участок 14.01.03.002 охватывает российскую часть бассейна р. Ишим от границы с Казахстаном до впадения в р. Иртыш без оз. Большой Уват до подпирающего его гидроузла. Участок расположен в Омской и Тюменской областях, его площадь составляет 34,3 тыс. км2. От расчетного створа – т.478 впадения р. Ишим в р. Иртыш – граница водохозяйственного участка 14.01.03.002 следует в юго-восточном направлении, проходя т.487, т.14004 схождения границ водохозяйственных участков 14.01.01.002 (Оша), 14.01.01.003 (Иртыш от впадения р. Омь до впадения р. Ишим без р. Оша) и 14.01.03.002, трижды пересекает границу между Тюменской и Омской областями – в т.486, т.485 схождения границ водохозяйственных участков 14.01.01.002, 14.01.01.003 и 14.01.03.002 и т.484, после чего примыкает к Государственной границе РФ с Казахстаном на границе с водохозяйственным участком 14.01.01.003. На Ишимской равнине абсолютные высоты колеблются от 110 до 120 м, рельеф осложнен ложбинами и гривами. На плоском междуречном пространстве Ишима и Иртыша абсолютные высоты снижаются до 70 м. Луговые степи с берёзовыми колками на протяжении участка границы сменяются лиственными (березово-осиновыми) и смешанными лесами, на северном участке распространены ландшафты южной темнохвойной елово-кедрово-пихтовой тайги в сочетании с болотами. От т.456 до т.459 граница российской части бассейна Ишима совпадает с Государственной границей РФ с Казахстаном. От т.456 граница поворачивает на запад, пересекает долину р. Ишим (т.457), проходит через пересечение Государственной границы РФ с Казахстаном с административной границей между Курганской и Тюменской областями (т.458). В т.459 на границе с водохозяйственным участком 14.01.05.004 (Тобол от г. Курган до впадения р. Исеть) граница участка отходит от Государственной границы. Рельеф участка низменный. На всем протяжении участка границы господствуют степные ландшафты с участками лесостепи, по долинам рек произрастают ленточные леса. От т.459 граница поворачивает на север, проходит т.488 схождения границ водохозяйственных участков 14.01.03.002, 14.01.04.001 (Иртыш от впадения р. Ишим до впадения р. Тобол) и 14.01.05.004, пересекает границу между Курганской и Тюменской областями в т.489, проходит т.490 на водоразделе рр. Балахлей и Ик, т.14006 схождения границ водохозяйственных участков 14.01.03.001 (Бассейн оз. Большой Уват до г/у Большой Уват в истоке р. Вертенис), 14.01.03.002 и 14.01.04.001, створ гидроузла Большой Уват (т.14005), пересекает границу между Томской и Тюменской областями вблизи точки схождения границ водохозяйственных участков 14.01.03.001, 14.01.03.002 и 14.01.04.001 и замыкается в начальной точке. Абсолютные высоты по мере движения к устью Ишима снижаются от 145 до 50 м, степные ландшафты сменяются лиственными и смешанными лесами, заключительный отрезок границы характеризуется развитием гидроморфных ландшафтов с большим количеством озер, самым крупным из которых является озеро Бол. Уват."""
"""Нижняя Тунгуска от истока до в/п п.Кислокан""","""Водохозяйственный участок 17.01.07.001 включает верхнюю часть бассейна р. Нижняя Тунгуска от истока до в/п п. Кислокан. Водохозяйственный участок расположен на территории Иркутской области и Эвенкийского автономного округа. В верхнем течении русло реки лежит в широкой долине. Площадь водохозяйственного участка составляет 155 тыс. км2. От т.17022 в/п п. Кислокан на р. Нижняя Тунгуска граница проходит по юго-восточной оконечности Плато Сыверма в северо-восточном направлении, пересекает в т.17023 на административной границе между Эвенкийским автономным округом и Республикой Саха (Якутия) водоразделе водохозяйственных участков 17.01.07.001 (Нижняя Тунгуска от истока до в/п п. Кислокан), 17.01.07.002 (Нижняя Тунгуска от в/п п. Кислокан до в/п пгт. Тура) и 18.03.08.001 (Вилюй от истока до в/п Усть-Амбардах), поворачивает на юго-восток и следует по этой границе до т.616 схождения границ Эвенкийского автономного округа, Республики Саха (Якутия) и Иркутской области. Далее граница поворачивает на юг, проходит через т.18078 схождения границ водохозяйственных участков 18.03.08.001, 18.03.08.002 (Вилюй от в/п Усть-Амбардах до Вилюйской ГЭС) и 17.01.07.001 и следует по восточным отрогам Среднесибирского плоскогорья, пересекая в тт.617 и 618 границу между Иркутской областью и Республикой Саха (Якутия), проходит по водоразделу рр. Чона и Ичера через водораздельную точку (т.619) водохозяйственных участков 17.01.07.001, 18.03.01.004 (Лена от г. Киренск до впадения р. Витим) и 18.03.08.002 и следует к т.620. Участок границы интересен тем, что здесь близко к водоразделу подходят субмеридионально направленные долины рек Нижняя Тунгуска (с запада) и Вилюй, Чиркуо, Чона (с востока от границы). На всем протяжении участка в р. Нижняя Тунгуска впадают только два относительно крупных притока – рр. Ейка в начале и Инейка в конце участка. Абсолютная высота местности колеблется в пределах 350-600 м. Зональным типом ландшафтов здесь являются ландшафты возвышенных платформенных равнин с преобладанием лиственничных среднетаежных лесов. Отт.620 на водоразделе р. Ниж. Тунгуска и Чембаловка граница поворачивает на запад, проходит через т.18014 схождения границ водохозяйственных участков 18.03.01.002 (Лена от г. Усть-Кут до г. Киренск), 18.03.01.004 и 17.01.07.001, следует по восточным отрогам Ангарского кряжа, огибая верховья р. Нижняя Тунгуска (т.621) – водораздел водохозяйственных участков 18.03.01.001 (Лена от истока до г. Усть-Кут), 18.03.01.002 и 17.01.07.001 на водоразделе р. Ниж. Тунгуска и Бол. Ичеда и следует до т.622. Абсолютная высота местности сначала повышается от 400 до 600 м, затем снижается до 500 м. Здесь сформировались бореальные низко- и среднегорные ландшафты с преобладанием лиственнично-кедровых и лиственнично-сосновых лесов. От точки схождения границ водохозяйственных участков 18.03.01.001, 17.01.05.001 (Подкаменная Тунгуска от истока до впадения р. Чуня) и 17.01.07.001 на водоразделе рек. Непа, Катанга и Кукта (т.622) граница поворачивает на север по Ангарскому кряжу, пересекает границу между Эвенкийским автономным округом и Иркутской областью в т.644, далее переходит на Центрально Тунгусское плато проходит через т.17017 схождения границ водохозяйственных участков 17.01.05.001, 17.01.05.002 (Чуня) и 17.01.07.001, огибает в т.643 исток р. Северня Чуня, далее проходит водораздел водохозяйственных участков 17.01.05.002, 17.01.07.001 и 17.01.07.003 (Нижняя Тунгуска от в/п пгт. Тура до в/п п. Учами) в т.17020, делает петлю в западном направлении, проходит в т.17024 водораздел водохозяйственных участков 17.01.07.001, 17.01.07.002 и 17.01.07.003 и замыкается в исходной т.17023. Граница разделяет (с востока) реки Бол. Ерема, Бол. Чайка, Илимпея, Пирда и (с запада) реки Катанга, Тэтэрэ, Сев. и Юж. Чуня, Сев. И Юж. Таймура, Туру. Абсолютные высоты местности составляют 400-700м.Территория относится к северо – и среднетаежной подзоне. В среднетаежной подзоне междуречья заняты сосново-лиственничными лесами. Северная тайга поднимается до высоты 650-700м, далее следуют низкорослые леса из лиственницы даурской."""
"""Амур от г. Комсомольск-на-Амуре до устья без р. Амгунь""","""Водохозяйственный участок 20.03.09.002 охватывает нижнюю часть бассейна р. Амур от г. Комсомольск-на-Амуре до устья (без р. Амгунь). Ниже г. Комсомольск-на-Амуре долина Амура сужается, оба берега становятся гористыми, на левом берегу горы круче, в виде сопок. По выходе из отрогов Сихотэ-Алиня левобережье Амура представляет собой обширную заболоченную равнину, на правобережье отроги гор подходят близко к Амуру. На территории водохозяйственного участка многочисленны проточные озера (самые крупные Удыль, Орель, Б. Кизи), соединенные с Амуром протоками. Ниже г. Николаевска начинается Амурский лиман, являющийся расширенным устьевым участком Амура, посредством которого он соединяется с Татарским проливом. Одной из особенностей устьевой области Амура является наличие подводной дельты, в качестве которой выступают фарватеры Амурского лимана, по которым распределяется сток Амура. Надводная дельта отсутствует. Устьевая область включает устьевой участок реки от вершины (с. Богородское) до морского побережья длиной 238 км и комплексное устьевое взморье. Водохозяйственный участок целиком расположен на территории Хабаровского края, площадь водохозяйственного участка составляет 69,5 тыс. км2 В соответствии с Реестром опорных точек описание границы водохозяйственного участка 20.03.09.002 начинается от т.860 на р. Амур в месте ее впадения в Амурский лиман Охотского моря (расчетный створ) на границе с водохозяйственным участком 20.03.09.003 (Реки бассейна Охотского моря от границы бассейна р. Уда до мыса Лазарева без р. Амур). Отсюда граница водохозяйственного участка проходит короткий отрезок по берегу Амурского лимана, затем поворачивает на юг и следует по северным отрогам Сихотэ-Алиня к т.20048 - схождения границ водохозяйственных участков 20.03.09.002, 20.03.09.003 и 20.04.00.001 (Реки пролива Невельского и бассейна Японского моря от мыса Лазарева до северной границы бассейна р. Самарга). Далее граница огибает с востока бассейны озер Кади и Кизи, спускаясь почти до побережья Татарского пролива, обходит верховья р. Муты, поворачивает на запад, проходит по водоразделу рек Яй и Чичамар (т.20036), поднимается на хребет Хоми горной системы Сихотэ-Алиня к точке схождения границ водохозяйственных участков 20.03.09.001 (Амур от г. Хабаровск до г. Комсомольск-на- Амуре), 20.03.09.002 и 20.04.00.001 (т.20034). Двигаясь далее в юго-западном направлении, граница водохозяйственного участка спускается с южных отрогов хребта Хоми, поворачивает на северо-запад и пересекает Амур у г. Комсомольск-на-Амуре (т.20033). Затем граница проходит по долине Амура, пересекает хребет Мяочан, огибая верховья р. Горюн, поворачивает на северо- восток, проходит точку схождения границ водохозяйственных участков 20.03.08.001 (Амгунь), 20.03.09.001 и 20.03.09.002 (т.20030) и по гребню Баджальского хребта проходит водораздел р. Горюн (20.03.09.002) и Амгунь (20.03.08.001) – т.903. Не изменяя направления, граница спускается с Баджальского хребта, проходит по водоразделу озер Эворон (20.03.09.002) и Чукчагирское (20.03.08.001), поднимается на Омельдинский хребет на водораздел бассейнов рек Им (20.03.08.001) и Эвур (20.03.09.002) – т.902, далее идет по хребту Чаятын по водоразделу р. Им и Бичи (в т.901), поворачивает на север по водоразделу Амгуни и Амура и пересекает место впадения р. Амгунь в р. Амур (т.900). Отсюда граница уходит на северо-запад, поднимается на южные отроги хребта Мевачан к водораздельной т.20032 - схождения границ водохозяйственных участков 20.03.09.003, 20.03.08.001 и 20.03.09.002, идет по гребню этого хребта, огибает верховья рек, впадающих в озера Орель и Уля, проходит точку (т.20046) примыкания границы водохозяйственных участков 20.03.09.002 и 20.03.09.003 к береговой линии Охотского моря и замыкается в исходной т.860. На склонах Сихотэ-Алиня безраздельно господствуют елово-пихтовые леса, верхние части гор заняты зарослями кедрового стланика. Значительное распространение получают здесь также восточносибирские леса из лиственницы даурской, отсутствующие на более южной территории. Южнее обрывистые нижние склоны гор заняты дубовыми лесами (от уровня моря до 150-300 м), выше склоны имеют несколько меньшую крутизну, на них произрастают (до высоты 500-600 м) богатые по видовому составу хвойно-широколиственные леса и выше - елово-пихтовые леса. Для западного и северо-западного участка границы характерно чередование коротких хребтов и обособленных горных массивов, покрытых хвойными лесами, с одной стороны, и с другой стороны - межгорных депрессий с заболоченными днищами, нередко занятыми крупными, но мелководными озерами."""
"""Водные объекты бассейна Крюковского в-ща""","""Водохозяйственный участок 06.02.00.018 охватывает бассейн Крюковского водохранилища и включает в себя само водохранилище и все водные объекты (реки, каналы, коллекторы и т.д.), впадающие в него. Участок расположен в Краснодарском крае, его площадь составляет 0,6 км2. От расчетного створа Крюковского гидроузла (т.6065) граница водохозяйственного участка следует на север до т.6069 схождения границ водохозяйственных участков 06.02.00.017, 06.02.00.019 (Водные объекты бассейна Варнавинского в-ща) и 06.02.00.020 (Варнавинский Сбросной канал), поворачивает на восток, дважды пересекает границу между Краснодарским краем и Республикой Адыгея – сначала в т.6066, а затем у т.6059 схождения границ водохозяйственных участков 06.02.00.015 (Афипс, в том числе Шапсугское в-ще), 06.02.00.018 и 06.02.00.020, поворачивает на юг, следует по водоразделу рр.Убинка и Иль до т.6058 схождения границ водохозяйственных участков 06.02.00.015, 06.02.00.018 и 06.03.00.002 (реки бассейна Черного моря от западной границы бассейна р. Пшада до восточной границы р. Дедеркай), поворачивает на запад, следует до т.6067 схождения границ водохозяйственных участков 06.02.00.018, 06.02.00.019 и 06.03.00.002, затем поворачивает на север и по водоразделу бассейна р. Хабль следует к замыкающей точке створа Крюковского гидроузла."""
"""Медведица от впадения р.Терса до устья""","""Водохозяйственный участок 05.01.03.003 включает нижнюю часть бассейна р. Медведица до расчетного створа в месте впадения р. Медведица в р. Дон (т.5083). Площадь водохозяйственного участка составляет 10.6 тыс. км2. От точки замыкающего створа граница участка следует вдоль р. Дон на запад до т.216, в которой р. Хопер впадает в р. Дон и сходятся границы водохозяйственных участков 05.01.01.012 (Дон от г. Павловск до устья р. Хопер без р. Подгорная), 05.01.02.005 (Хопер от впадения р. Ворона до устья без рр. Ворона, Савала и Бузулук), 05.01.03.003 и 05.01.03.005 (Дон от впадения р. Хопер до г. Калач-на-Дону без рр. Хопер, Медведица и Иловля). Здесь граница поворачивает практически в обратном направлении и, плавно отклоняясь на северо-восток, по водоразделу рр.Хопер и Медведица уходит к т.5073, обозначающей схождение границ водохозяйственных участков 05.01.02.004 (Бузулук), 05.01.03.003 и 05.01.02.005. Далее, граница идет на восток, проходит т.222 у истока р. Бузулук и, резко повернув на север, доходит до т.5072 – точки схождения границ водохозяйственных участков 05.01.02.004, 05.01.03.003 и 05.01.03.002 (Терса). От этой точки граница вновь идет на восток по водоразделу рр. Терса и Медведица до т.5074 в месте впадения р. Терса в р. Медведицу, где сходятся границы водохозяйственных участков 05.01.03.001 (Медведица от истока до впадения р. Терса), 05.01.03.002 и 05.01.03.003. Восточное направление границы сохраняется до истока р. Добринка, у которого в т.5078 сходятся границы водохозяйственных участков 05.01.03.004 (Иловля), 05.01.03.003 и 05.01.03.001. Далее граница уходит на юго-запад по водоразделу рр. Иловля и Медведица, проходит т.5079, в которой сходятся границы водохозяйственных участков 05.01.03.004, 05.01.03.003 и 05.01.03.005, и, повернув на запад, возвращается к замыкающему створу – т.5083."""
"""Острова в пределах внутренних морских вод и территориального моря РФ, прилегающего к береговой линии гидрографической единицы 18.04.03""","""Водохозяйственный участок 18.04.03.100 включает водные объекты островов в пределах внутренних морских вод и территориального моря РФ, прилегающего к береговой линии гидрографической единицы 18.04.03. Площадь островов составляет 0.5 тыс. км2. Граница водохозяйственного участка проходит по береговой линии островов."""
"""Воронья от истока до г/у Серебрянское 1, вкл. оз. Ловозеро""","""Водохозяйственный участок 02.01.00.007 охватывает бассейн р. Воронья от истока до гидроузла Серебрянское 1, включая бассейн оз.Ловозеро. Участок расположен на территории Мурманской области, его площадь составляет 8,67 тыс. км2.От расчетного створа на гидроузле Серебрснское 1 (т.2016), граница водохозяйственного участка следует на юг до т.2018 схождения границ участков 02.01.00.007, 02.01.00.009 (Реки бассейна Баренцева моря от восточной границы бассейна р. Воронья до западной границы бассейна р. Иоканга (мыс Святой Нос)), 02.02.00.001 (Поной) и далее по верховьям бассейна р. Поной до т.2019 схождения границ водохозяйственных участков 02.01.00.007, 02.02.00.001 и 02.02.00.002 (Реки бассейна Белого моря от западной границы бассейна р. Иоканга (мыс Святой Нос) до восточной границы бассейна р. Нива без р. Поной).От т.2019 граница поворачивает на запад, проходит т.58 на водоразделе рр. Цага и Пана, в северо-западном направлении огибает верховья рек бассейна оз. Ловозеро (т.2020 - схождение границ водохозяйственных участков 02.01.00.007, 02.02.00.002 и 02.02.00.003 (Нива вкл. оз. Имандра), т.59 в верховьях р. Сура, т.2013 схождения границ водохозяйственных участков 02.01.00.005 (Кола, вкл. оз. Кол-озеро), 02.01.00.007 и 02.02.00.003). Растительность до высоты 500-600 м представлена редкостойным криволесьем с мохово-лишайниковым и травяным покровом, вершины гор заняты каменистой тундрой. Далее граница поворачивает на север, проходит т.2012 схождения границ водохозяйственных участков 02.01.00.005, 02.01.00.006 (Реки бассейна Баренцева моря от восточной границы р. Печенга до западной границы бассейна р. Воронья без: рр. Тулома и Кола) и 02.01.00.007, т.2015 схождения границ водохозяйственных участков 02.01.00.006, 02.01.00.007 и 02.01.00.008 и замыкается в начальной точке."""
Кирпили,"""Водохозяйственный участок 06.01.00.003 охватывает водные объекты бассейна Азовского моря от южной границы бассейна Бейсугского лимана до северной границы бассейна р. Протока, крупнейшим из которых является р. Кирпили. Территория водохозяйственного участка полностью расположена в Краснодарском крае. Площадь участка составляет 6,7 тыс. км2. Т.230 – точка примыкания к береговой линии Азовского моря к юго-западу от Кирпильского лимана на границе с водохозяйственным участком 06.02.00.017 – р. Протока от истока(Тиховский г/у) до устья. От этой точки граница водохозяйственного участка проходит по берегу моря на север до Ясенского лимана в районе Ясенской косы (т.6006) на границе с водохозяйственным участком 06.01.00.002 – Бейсуг. Отсюда граница участка отходит от побережья и по водоразделу бассейнов рек Бейсужек Левый и Кирпили в юго-восточном направлении доходит до т.6005, где сходятся границы водохозяйственных участков 06.01.00.002, 06.01.00.003 и 06.02.00.010 (Кубань от г. Армавир до г. Усть-Лабинск без р. Лаба). Долее граница резко поворачивает на юго-запад, проходит параллельно руслу р. Кубань до т.6007 - схождения границ водохозяйственных участков 06.02.00.013 (Кубань от г. Усть-Лабинск до Краснодарского г/у без рр. Белая и Пшиш), 06.01.00.003 и 06.02.00.010, и далее вблизи Краснодарского водохранилища до т.227 - схождения границ водохозяйственных участков 06.02.00.013, 06.01.00.003 и 06.02.00.014 (Кубань от Краснодарского г/у до впадения р. Афипс). От этой точки граница участка проходит по водоразделу бассейна р. Понура сначала до т.6008 (схождение границ водохозяйственных участков 06.02.00.016 - Кубань от впадения р. Афипс до Тиховского г/у, 06.01.00.003 и 06.02.00.014), а затем до т.6009 (схождение границ водохозяйственных участков 06.02.00.016, 06.01.00.003 и 06.02.00.017 - Протока от истока (Тиховский г/у) до устья). Отсюда, следуя по водоразделу бассейна р. Протока, граница участка замыкается в исходной точке."""
"""Реки островов Азовского моря в пределах вн.мор.вод и тер.моря РФ""","""Водохозяйственный участок 06.01.00.004 охватывает водные объекты островов Азовского моря в пределах вн.мор.вод и тер.моря РФ (исток, устье)"""
"""Реки бассейна Японского моря от северной границы бассейна р.Самарга до восточной границы бассейна р. Партизанская""","""Водохозяйственный участок 20.04.00.002, вытянутый с северо-востока на юго-запад вдоль юго- восточного побережья РФ, охватывает бассейны рек, впадающих в Японское море на участке от устья р. Самарга до устья р. Партизанская. Реки, протекающие по территории участка, берут начало в горах Сихотэ-Алиня и имеют незначительную длину; самой протяженной рекой является Самарга. Хребты горной системы Сихотэ-Алиня, ограничивающие территорию водохозяйственного участка с северо-запада, характеризуются максимальными высотами и сложной структурой высотной зональности. Водохозяйственный участок практически целиком расположен на территории Приморского края, лишь на самом севере его граница проходит по территории Хабаровского края, площадь водохозяйственного участка составляет 43 тыс. км2 . В соответствии с Реестром опорных точек описание границы водохозяйственного участка 20.04.00.002 начинается от т.20037 - точки примыкания к береговой линии Японского моря границы водохозяйственных участков 20.04.00.001 (Реки пролива Невельского и бассейна Японского моря от мыса Лазарева до северной границы бассейна р. Самарга) и 20.04.00.002. Далее граница следует в юго-западном направлении вдоль береговой линии Японского моря до границы водохозяйственных участков 20.04.00.002 и 20.04.00.003 (Реки бассейна Японского моря от восточной границы бассейна р. Партизанская до восточной границы бассейна р. Раздольная) на береговой линии залива Находка Японского моря вблизи устья р. Партизанская (т.20038). Береговая полоса расчленена долинами многочисленных коротких рек, впадающих на этом участке в Японское море. От этой точки граница водохозяйственного участка поворачивает на северо- восток, отходит от береговой линии и поднимается на Партизанский хребет, следуя по водоразделу рек Киевка и Партизанская (20.04.00.003) до водораздельной точки (т.20045) водохозяйственных участков 20.03.07.002 (Уссури от истока до впадения р. Большая Уссурка без р. Сунгача), 20.04.00.002 и 20.04.00.003. Отсюда граница водохозяйственного участка уходит на восток, проходит водораздел бассейнов р. Уссури и Киевка (т.865), затем, огибая верховья р. Уссури, плавно поворачивает на северо-восток и идет по хребтам Сихотэ-Алиня, разделяя бассейны рек Аввакумовка и Павловка, до точки схождения границ водохозяйственных участков 20.03.07.002 , 20.03.07.003 (Большая Уссурка) и 20.04.00.002 (т.20018) и далее по водоразделу бассейнов рек Кема и Большая Уссурка к точке схождения границ водохозяйственных участков 20.03.07.004 (Бикин), 20.03.07.003 и 20.04.00.002 (т.20022). Следуя далее в том же направлении, граница водохозяйственного участка в т.864 пересекает границу между Хабаровским и Приморским краем вблизи точки схождения границ водохозяйственных участков 20.03.07.005 (Хор), 20.03.07.004 и 20.04.00.002. Далее граница водохозяйственного участка идет вблизи административной границы между Хабаровским и Приморским краем, огибая верховья р. Самарга, до т.863 (схождение границ водохозяйственных участков 20.04.00.002, 20.03.07.005 и 20.03.09.001 (Амур от г. Хабаровск до г. Комсомольск-на- Амуре), пересекает в т.862 эту административную границу на водоразделе бассейнов р. Коппи и Анюй вблизи точки схождения границ водохозяйственных участков 20.03.09.001, 20.04.00.001 и 20.04.00.002, поворачивает на юго-восток и следует близко к административной границе между Хабаровским и Приморским краями по водоразделу бассейнов рек Самарга и Батчи до точки замыкания (т.20037). В начале сухопутного участка границы к прибрежной территории близко подходят юго- восточные отроги хребта Сихотэ-Алинь, обладающие наиболее сложной для всего Дальнего Востока структурой высотной зональности. Здесь произрастают в основном дубовые леса с участием в их составе корейского кедра и маньчжурской липы. Второй высотный пояс, приуроченный к более пологим склонам, образуют хвойно-широколиственные леса с грабом. Леса здесь густые, многоярусные (до 5-7 ярусов), перевиты лианами, содержат в своем составе множество реликтовых и южных форм: граб, диморфант, черная пихта, орех маньчжурский, бархат амурский, клены, ясень, липы и другие породы. Третий высотный пояс образуют средние части горных склонов до высоты 800-900 м), в господствующих здесь хвойно-широколиственных лесах (с преобладанием в первом ярусе корейского кедра) многие более теплолюбивые формы (граб, диморфант и др.) выпадают. В интервале высот от 800 до 1000 м располагается переходный пояс маньчжурско-охотских темнохвойных лесов, образованный корейским кедром, аянской елью и белокорой пихтой. С высоты 1400-1500 м господствуют охотские елово-пихтовые леса. Долины рек и поймы заняты луговой и болотно-луговой растительностью. Севернее обрывистые нижние склоны гор заняты дубовыми лесами (от уровня моря до 150-300 м), выше склоны имеют несколько меньшую крутизну, на них произрастают (до высоты 500-600 м) богатые по видовому составу хвойно-широколиственные леса. Над смешанными лесами распространены елово- пихтовые леса, поднимающиеся до 1000-1100 м на севере и до 1300-1400 м на юге территории."""
"""Острова Охотского моря в пределах внутренних морских вод и территориального моря РФ, прилегающего к береговой линии гидрографической единицы 20.03.09""","""Водохозяйственный участок 20.03.09.100 включает водные объекты островов в пределах внутренних морских вод и территориального моря РФ, прилегающего к береговой линии гидрографической единицы 20.03.09. Наиболее крупным из островов является Шантарские острова. Площадь островов составляет 2,5 тыс. км2. Граница водохозяйственного участка проходит по береговой линии островов."""
"""Реки бассейна Восточно-Сибирского моря (вкл. р. Алазея) от границы бассейна р. Индигирка на западе до границы бассейна р. Колыма на востоке""","""Водохозяйственный участок 18.06.00.001 охватывает территорию бассейна р. Алазея и других рек Восточно-Сибирского моря от границы бассейна р. Индигирка на западе до границы бассейна р. Колыма на востоке. Участок расположен целиком в Респ. Саха (Якутия). Площадь водохозяйственного участка составляет 122 тыс. км2. От т.773 примыкания к береговой линии Восточно-Сибирского моря границы между водохозяйственными участками 18.05.00.004 (Индигирка от в/п Белая Гора до устья) и 18.06.00.001 граница следует по береговой линии в восточном направлении до м. Крестовского, затем поворачивает на юг и идет до т.780 на границе с устьевым участком бассейна р. Колыма. Территория представляет собой плоскую равнину, расчлененную широкими, но неглубокими и извилистыми речными долинами, нередко разбивающимися на многочисленные протоки. Широкие междуречные пространства плохо дренированы, здесь в неглубоких термокарстовых котловинах располагаются многочисленные озера и массивы тундровых болот. Растительный покров достаточно разнообразен, помимо мохово-лишайниковых тундр и тундровых травяных болот значительные площади заняты здесь кустарничковыми тундрами в сочетании с пятнами голого грунта. В т.780 граница отходит от берега моря и проходит в южном направлении по заболоченной Колымской низменности, а затем по водоразделу бассейнов рек Бол. Коньковая и проток дельты Колымы до точки схождения (т.781) границ водохозяйственных участков 18.06.00.001, 19.01.01.005 (Колыма от в/п г. Среднеколымск до впадения р. Омолон) и 19.01.04.001 (Колыма от впадения р. Омолон до устья без р. Анюй). От этой точки граница поворачивает на юго-запад и проходит по водоразделу бассейнов правых притоков р. Алазея и левых притоков р. Колыма (т.18105) на водораздел водохозяйственных участков 18.06.00.001, 19.01.01.004 (Колыма от в/п ГМС. Коркодон до в/п г. Среднеколымск) и 19.01.01.005 в т.782, где делает поворот на запад и следует вдоль кряжа Хангас-Тас, разделяющего водосборы р. Кыллах (левый приток р. Колыма) и р. Орто-Тирехтях, по глыбово-складчатому Алазейскому плоскогорью, занятому лиственничными редколесьями и редкостойными лесами, до т.775 схождения границ водохозяйственных участков 18.05.00.003 (Индигирка от впадения Момы до в/п Белая Гора), 18.06.00.001 и 19.01.01.004. По пути следования уменьшается количество озер, субарктические тундры сменяются типичной (появляются карликовые виды березы и ивы, становятся более разнообразными кустарничковый, лишайниковый и мохово-травяный ярусы растительного покрова). Еще южнее типичная тундра переходит в южную тундру с островками редколесной растительности, а затем редкостойных лесов. Значительную площадь занимают гидроморфные ландшафты. От т.775 граница поворачивает на север, проходит через точку схождения границ водохозяйственных участков 18.05.00.003, 18.05.00.004 (Индигирка от в/п Белая Гора до устья) и 18.06.00.001 - т.18101, делает петлю в восточном направлении, огибая бассейн р. Шандрин, по кряжу Улахан-Сис спускается на Колымскую низменность, огибает верховья рек Илин-Юрях и Арга- Юрях (т.774), затем поворачивает на северо-восток и следует по западной окраине Колымской низменности к береговой линии Восточно-Сибирского моря (т.773). В ландшафтной структуре выражена вертикальная дифференциация. Наиболее высокие водораздельные пространства заняты каменистыми горными тундрами, ниже - редкостойные северо-таежные лиственничные леса в сочетании с участками южной тундры. Плоская равнина низовьев Алазеи занята кустарничковыми и арктическими тундрами."""
"""Реки бассейна Охотского моря от северо-восточной границы бассейна р. Иня до границы бассейна р. Уда""","""Водохозяйственный участок 20.01.00.001 включает бассейны рек, впадающих в западную часть Охотского моря. Наиболее крупные реки протекают в северной части территории водохозяйственного участка: рр. Иня, Ульбея, Кухтуй, Охота. Водохозяйственный участок практически целиком расположен на территории Хабаровского края, лишь на востоке граница участка проходит по территории Магаданской области. Площадь водохозяйственного участка составляет 118 тыс. км2. В соответствии с Реестром опорных точек описание границы водохозяйственного участка 20.01.00.001 начинается от т.851 - самой северной точки на побережье Охотского моря, разделяющей водохозяйственные участки 20.01.00.001 - бассейны рек Охотского моря от хр. Сунтар-Хаята до Уды и 19.10.00.002 - бассейны рек Охотского моря от южной границы бассейна р. Тахтаяма до северо-восточной границы бассейна р. Иня. От этой точки, расположенной на спускающихся к побережью южных отрогах Хейджанского хребта, граница следует в юго-западном направлении вдоль береговой линии Охотского моря, пересекает устье р. Охота (т.853), далее, следуя в этом же направлении, огибает мысы Плоский, Энкэн, Онжан, Угол, Камкер, Льготный, Борисова, Носорог, поворачивает на юго-восток вдоль береговой линии Удской губы и подходит к точке примыкания к береговой линии Удской губы Охотского моря границы с водохозяйственным участком 20.02.00.001 (Уда) - т.854. На этом протяженном участке побережья в Охотское море впадают реки Иня, Ульбея, Кухтуй, Охота, Улья, Алдома, Унгэ, Немуй. Береговая зона ограничивается с северо-запада южными отрогами Уракского плато, затем Ульинским и Прибрежным хребтами (наивысшая точка около 1500 м). Северо-восточную часть отрезка занимает озерно-болотная Нижне-Кухтуйская равнина. Вдоль берега здесь тянется ряд лагунных озер, кос идюн, межозерные участки заняты приморскими лугами. По мере движения на юго-запад низменная приморская полоса становится уже и горные хребты подступают ближе к береговой зоне. В нижней части гор господствуют среднетаежные лиственничные леса без подлеска с багульником и мхами, идущие до высоты 800-900 м. Выше они сменяются лиственничными редколесьями, а в верхней полосе гор появляется кедровый стланик. По нижним террасам многочисленных рек к лиственничным лесам примешиваются ель и пихта, нередко образующие самостоятельные участки зеленомошных лесов. От т.854 граница водохозяйственного участка 20.01.00.001 отходит от побережья Охотского моря и следует на северо-запад по водоразделу левых притоков р. Джана (20.02.00.001) до т.714 - схождение границ водохозяйственных участков 18.03.06.005 (Мая от истока до в/п с. Аим), 20.01.00.001 и 20.02.00.001 (Уда). От т.714 граница водохозяйственного участка поворачивает на северо-восток и следует по хребту Джугджур, покрытому горными лиственничными и лиственнично-кедровыми лесами, а на наиболее высоких участках – редколесьями, лугами, тундрами, разделяя водосборные бассейны: с западной стороны р. Мая с ее притоками (бассейн р. Лена), а с восточной стороны – рр. Немуй, Алдома, впадающие в Охотское море, к т.18066 на водоразделе рр. Сев.Уй и Мал.Кемкара и далее к т.713 – точке схождения границ водохозяйственных участков 18.03.06.006 (Мая от в/п с. Аим до устья), 18.03.06.005 и 20.01.00.001 на водоразделе р. Амка и Мая. По мере продвижения на северо-восток абсолютные высоты снижаются до 936 м, рельеф носит более плавный характер, здесь господствуют зональные ландшафты лиственничной тайги. От т.713 граница следует в северо-северо-восточном направлении, выходит по Юдомскому хребту к т.18071 на водоразделе рр. Бургали и Нивандя и далее следует к т.712 – точке схождения границ водохозяйственных участков 20.01.00.001, 18.05.00.001 (Индигирка от истока до впадения р. Нера) и 18.03.06.006 на границе между Республикой Саха (Якутия) и Хабаровским краем. К западу от границы расположен водосборный бассейн р. Юдома (бассейн Лены), а с восточной стороны граница отделяет бассейны рр. Урак и Охота (20.01.00.001). Абсолютная высота на этом участке резко возрастает и достигает 2846 м, соответственно этому ландшафт изменяется от низкогорного до высокогорного. Зональным типом низкогорных ландшафтов здесь являются бореальные лесные ландшафты, представленные на данном участке поясом лиственничной тайги, который по мере подъема на высокогорье сменяется редколесьями и тундровыми участками, а местами – гольцами, нередко занятыми снежниками и ледниками. От т.712 граница поворачивает на восток, переходит на хребет Сунтар-Хаята и следует практически по границе между Республикой Саха (Якутия) и Хабаровским краем до т.779 на хребте Сунтар-Хаята, разделяющей водохозяйственные участки 19.01.01.001 (Колыма от истока до Колымской ГЭС), 18.05.00.001 и 20.01.00.001. С западных склонов хребтов берут начало притоки р. Индигирка, а с восточных – притоки р. Охота и р. Ульбея. Абсолютная высота снижается до 1795м. Из-за суровости климата высокогорные области заняты горной тундрой или лишены растительности; местами имеются снежники и ледники. От т.779 граница водохозяйственного участка 20.01.00.001 поворачивает на юго-восток по водоразделу бассейнов рек Иня (20.01.00.001) и Кулу (бассейн Колымы), затем обходит с севера верховья р. Иня и подходит к точке (т.796) схождения границ водохозяйственных участков 19.01.01.001, 19.10.00.002 (бассейны рек Охотского моря от южной границы бассейна р. Тахтаяма до северо-восточной границы бассейна р. Иня) и 20.01.00.001. Далее граница водохозяйственного участка поворачивает на юго-восток и до т.852 проходит рядом с административной границей между Магаданской областью и Хабаровским краем по водоразделу бассейнов рек Кава и Челомджа, затем идет по Хейджанскому хребту, который служит водоразделом бассейнов р. Иня (20.01.00.001) и р. Кава (19.10.00.002), выходит на побережье Охотского моря и замыкается в т.851. Район прохождения участка границы представлен вначале ландшафтами вершинных территорий складчатых и глыбово-складчатых гор, занятых в основном горными редколесьями и тундрами, а на более низких участках – южнотаежными лесами восточносибирского типа, в конце отрезка граница выходит на озерно-болотную приморскую низменность."""
"""Подкаменная Тунгуска от истока до впадения р. Чуня""","""Водохозяйственный участок 17.01.05.001 включает бассейн р. Подкаменная Тунгуска от истока до впадения р. Чуня. Водохозяйственный участок расположен на территории Эвенкийский автономный округа и Иркутской области. Площадь водохозяйственного участка составляет 88,5 тыс. км2. От т.17016 в месте впадения р. Чуня в Подкаменную Тунгуску - точке схождения границ водохозяйственных участков 17.01.05.001 (Подкаменная Тунгуска от истока до впадения р. Чуня), 17.01.05.002 (Чуня) и 17.01.05.003 (Подкаменная Тунгуска от впадения р. Чуня до устья) граница водохозяйственного участка простирается в восточном направлении по Тунгусскому плато, делает петлю в северном направлении в районе Тунгусского заповедника, проходит через т.17017 схождения границ водохозяйственных участков 17.01.05.001, 17.01.05.002 и 17.01.07.001 (Нижняя Тунгуска от истока до в/п п. Кислокан), поворачивает на юго-восток и в т.644 пересекает административную границу между Эвенкийским автономным округом и Иркутской областью. Граница разделяет (с севера) реки Тычаны, Кимчу, Юж.Чуня, Бол. Чайка и (с юга) реки Ероба, Подпорожная, Чавида, Юдукон, Чамба, Делингдэкэн. Абсолютные высоты местности составляют 400-700 м. Рельеф возвышенных равнин характеризуется отдельно возвышающимися массивами и сопками. Ландшафты междуречий представлены среднетаежными елово-лиственничными лесами с примесью лиственницы сибирской, к югу появляется сосна и кедр. Нижние ярусы образует ольха, можжевельник и кустарниковая ива. В т.644 граница поворачивает на юг, проходит через точку схождения границ водохозяйственных участков 17.01.07.001, 17.01.05.001 и 18.03.01.001 (Лена от истока до г. Усть- Кут) на водоразделе р. Непа, Катанга и Кукта (т.622) и доходит до точки схождения границ водохозяйственных участков 18.03.01.001, 16.01.03.001 (Ангара от Братского г/у до Усть-Илимского г/у) и 17.01.05.001 у истока р. Катанга (т.567). Абсолютная высота местности составляет около 500 м. Рельеф характеризуется волнистостью и наличием гряд. Граница разделяет с севера верховье р. Нижняя Тунгускаи с юга - левые притоки р. Лены: рр. Кута (с правым притоком р. Бол. Ичеда), Бол. Тира. Здесь сформировались бореальные низко- и среднегорные ландшафты с преобладанием лиственнично-кедровых и лиственнично-сосновых лесов. В т.567 граница поворачивает на север, проходя по южной части Центрально-Тунгусского плато по водоразделу рек Подкаменная Тунгуска и Ангара, проходит через т.16038 схождения границ водохозяйственных участков 16.01.03.001, 16.01.03.002 (Ангара от Усть-Илимского г/у до Богучанского г/у) и 17.01.05.001, пересекает в тт.566 и 565 административную границу Иркутской области и Эвенкийского автономного округа. Абсолютная высота снижается до 400 м. На этой территории развиты южнотаежные ландшафты возвышенных платформенных равнин с господством лиственнично-сосновых и лиственнично-березовых лесов, а на наиболее высоких поверхностях сосново-лиственничные леса переходят в кедрово-пихтово-еловые с примесью лиственницы и березы. Граница разделяет (с востока) бассейн р. Катанга (левый приток р. Подкаменная Тунгуска) и (с запада) бассейн р. Ангара с правыми притоками рр. Туба, Ката (с левыми притоками рр. Полива и Капаева и правым притоком р. Юктели), р. Чадовец. От т.565 граница водохозяйственного участка поворачивает на северо-запад и до т.563 практически совпадает с административной границей между Иркутской областью и Эвенкийским автономным округом, пересекая ее в т.564. В т.563 поворачивает на запад и далее до т.562 практически совпадает с административной границей Эвенкийского Автономного округа и Красноярского края. В т.16040 граница проходит водораздел водохозяйственных участков16.01.03.002, 16.01.03.003 (Ангара от Богучанского г/у до устья без р. Тасеева) и 17.01.05.001. Далее граница делает петлю, огибая с севера исток р. Каменка, затем поворачивает на юго-запад по центральной части Енисейского кряжа, проходит до т.561. Граница проходит по Центрально-Тунгусскому плато, переходя на Заангарское плато. Абсолютные высоты местности при переходе на Заангарское плато возрастают от 400 до 640 м. В рельефе выражены крутосклонные гряды, возвышенности, скалистые останцы. На плоских междуречьях господствуют лиственничные леса с примесью березы, ели, кедра, меньше пихты и сосны. В т.561, где сходятся границы водохозяйственных участков 16.01.03.003, 17.01.04.001 (Енисей от впадения р. Ангара до в/п с. Ярцево) и 17.01.05.001, граница поворачивает на северо- запад, в т.635 пересекает административную границу между Красноярским краем и Эвенкийским автономным округом вблизи точки схождения границ водохозяйственных участков 17.01.04.001, 17.01.05.001 и 17.01.05.03 (Подкаменная Тунгуска от впадения р. Чуня до устья), поворачивает на север и, совпадая с этой границей, тянется до т.17018, затем поворачивает на северо–восток и замыкается в исходной т.17016. Граница разделяет (с востока) реки Горбилок, Камо, Тохомо, Тондок, Дулисма, Нохита и (с запада) реки Бол.Пит, Вельмо, Бугарикта, Вайвида, Енгида, Юдукон. Абсолютные высоты местности колеблются от 600 до 150м. Ландшафты представлены зоной средней тайги. На склонах южной экспозиции преобладают сосново-лиственничные леса, на северных склонах преобладает ель. В долинах рек развиты густые ерники, черемуха, рябина, смородина, шиповник."""
"""Вятка от г. Вятские Поляны до устья""","""Водохозяйственный участок 10.01.03.006 включает часть бассейна р. Вятка от г. Вятские Поляны (т.10100) и замыкается в расчетном створе в месте впадения р. Вятка в р. Кама (т.312). Площадь этого водохозяйственного участка небольшая и составляет 5,0 тыс. км2. От точки замыкающего створа граница между водохозяйственными участками 10.01.03.006 и 11.01.00.003 (Камский участок Куйбышевского в-ща от устья р. Кама до пгт. Камское устье без р. Шешма и Волга) уходит к северо-западу, огибая истоки рек бассейна нижней Вятки (рр. Ошма и Шия). Повернув к северу, граница участка приходит в т.10103, где пересекаются границы водохозяйственных участков 10.01.03.006, 11.01.00.003 и 10.01.03.005 (Вятка от в/п пгт. Аркуль до г. Вятские Поляны). Далее по прямой к северо-востоку граница пересекает административную границу между Республикой Татарстан и Кировской областью и приходит в т.10102 на р. Вятка у г. Вятские Поляны. Не меняя направления, граница участка пересекает еще одну административную границу между Кировской областью и Удмуртской Республикой, в верховьях р. Пыжманка (левый приток р. Вятка) отклоняется к востоку и у истока р. Люга (левый приток р. Вятка) уходит на юго-восток в т.10042, где сходятся границы водохозяйственных участков 10.01.03.006, 10.01.03.005 и 10.01.01.012 (Иж). От т.10042 граница, практически по прямой линии, пересекает в т.341 административную границу между Удмуртской Республикой и Республикой Татарстан и достигает замыкающего расчетного створа в устье р. Вятка в т.312."""
Ай,"""Водохозяйственный участок 10.01.02.010 охватывает весь бассейн р. Ай - притока р. Уфа - с замыкающим створом в устье р. Ай в т.10074. Площадь водохозяйственного участка составляет 15,0 тыс. км2. От точки замыкающего створа граница участков 10.01.02.010 и 10.01.02.011 (Уфа от Нязепетровского г/у до Павловского г/у без р. Ай) простирается на северо-восток и, огибая бассейн р. Ока, поворачивает на юго-восток. В т.10075 граница участка пересекает административную границу между Республикой Башкортостан и Свердловской обл. и плавно уходит на юго-восток, петляя между истоками притоков верхних частей бассейнов рр. Бол.Ик и Серга до т.10073 - точки схождения границ водохозяйственных участков 10.01.02.009 (Уфа от Долгобродского г/у до Нязепетровского г/у), 10.01.02.010 и 10.01.02.011. В непосредственной близости к этой точке граница проходит т.10070, где сходятся границы водохозяйственных участков 10.01.02.008 (Уфа от истока до Долгобродского г/у), 10.01.02.009 и 10.01.02.010. Далее граница участков 10.01.02.010 и 10.01.02.008 делает две резкие петли у истоков рр. Азяш и Куса и у истока р. Уфа приходит в т.10069 - точку схождения границ водохозяйственных участков 10.01.02.008, 10.01.02.010 и 14.01.05.008 (Миасс от истока до Аргазинского г/у). Затем граница идет на юг вдоль водораздела бассейнов рр. Ай и Миасс, проходит т.319 - точку пересечения границы между Челябинской обл. и Республикой Башкортостан, затем т.14015 - точку пересечения границы между Челябинской обл. и Респ. Башкортостан и схождения границ водохозяйственных участков 14.01.05.002 (Тобол от истока до впадения р. Уй без р. Увелька), 14.01.05.008 и 10.01.02.010 и достигает сначала т.320, в которой происходит схождение границ водохозяйственных участков 14.01.05.008, 12.01.00.001 (Урал от истока до Верхнеуральского г/у) и 10.01.02.010, потом т.321 - точку пересечения границы между Челябинской обл. и Республикой Башкортостан вблизи точки схождения границ водохозяйственных участков 10.01.02.010, 10.01.02.011 и 12.01.00.002 (Урал от Верхнеуральского г/у до Магнитогорского г/у). От точки 321 граница поворачивает на северо-запад, петляет между истоками притоков рр. Катав и Ай, дважды пересекает административную границу между Республикой Башкортостан и Челябинской обл. в тт.10076 и 10077, и по водоразделу рр. Катав, Юрюзань и Ай достигает замыкающего створа - т.10074."""
"""Лугань от гидроузла Мироновского водохранилища до устья""","""Водохозяйственный участок 05.01.04.012 включает часть бассейна Лугань от гидроузла Мироновского водохранилища до устья. Площадь водохозяйственного участка составляет 3.34 тыс. км2. От точки т.5141 схождение границы водохозяйственных участков 05.01.05.010, 05.01.04.011 и 05.01.04.012 на пересечении границ ЛНР и ДНР идет на север до схождения границы водохозяйственных участков 05.01.04.008, 05.01.04.010 и 05.01.04.012 в т.5140 . Затем по водоразделу реки Лугань огибает водохозяйственный участок 05.01.04.010 и идет к точке т.5102 – точке схождения границ водохозяйственных участков 05.01.04.010, 05.01.04.005 и 05.01.05.010. От точки т.5102 возвращается в замыкающий створ – т.5141."""
"""Рефт от истока до Рефтинского г/у""","""Водохозяйственный участок 14.01.05.021 охватывает бассейн р. Рефт от истока до Рефтинского гидроузла. Участок расположен в Свердловской области, его площадь составляет 1,2 тыс. км2. От расчетного створа Рефтинского гидроузла (т.14069) граница водохозяйственного участка 14.01.05.021 следует на юго-запад дот.14068 схождения границ водохозяйственных участков 14.01.05.020 (Пышма от истока до Белоярского г/у), 14.01.05.021 и 14.01.05.022 (Пышма от Белоярского г/у до устья без р. Рефт от истока до Рефтинского г/у). От этой точки граница поворачивает на запад, следует до т.14063 схождения границ водохозяйственных участков 14.01.05.018 (Реж (без р. Аять от истока до Аятского г/у) и Нейва (от Невьянского г/у) до их слияния), 14.01.05.020 и 14.01.05.021, поворачивает на северо-восток, следует по водоразделу рр. Реж и Мал.Рефт до т.14062 схождения границ водохозяйственных участков 14.01.05.018, 14.01.05.019 (Ница от начала реки до устья) и 14.01.05.021, делает петлю в восточном направлении, обходя оз. Белое, проходит т.14066 схождения границ водохозяйственных участков 14.01.05.019, 14.01.05.021 и 14.01.05.022 и замыкается в начальной точке."""
"""Егорлык от Егорлыкского г/у до Новотроицкого г/у""","""Водохозяйственный участок 05.01.05.005 включает часть бассейна р. Егорлык от Егорлыкского г/у до Новотроицкого г/у с расчетным створом у Новотроицкого г/у (т.5121). Площадь водохозяйственного участка составляет 1.1 тыс. км2. От точки замыкающего створа граница участка идет на юго-восток вдоль притока Новотроицкого в-ща – р. Русская до т.5115 к северу от г. Ставрополя, где сходятся границы водохозяйственных участков 05.01.05.002 (Калаус), 05.01.05.005 и 05.01.05.006 (Егорлык от Новотроицкого г/у до устья).Здесь граница поворачивает на юго-запад до т.5114 – точки схождения границ водохозяйственных участков 05.01.05.002, 05.01.05.005 и 05.01.05.003 (Егорлык от истока до Сенгилеевского г/у), затем на северо-запад и идет вдоль оз.Сенгилеевского до т.5118 – точки схождения границ водохозяйственных участков 05.01.05.003, 05.01.05.004 (Егорлык от Сенгилеевского г/у до Егорлыкского г/у) и 05.01.05.005. От этой точки граница отклоняется сначала на запад и проходит т.5119, в которой пересекается р. Егорлык, затем на юг до т.5120 – точки схождения границ водохозяйственных участков 05.01.05.005, 05.01.05.004 и 06.02.00.010 (Кубань от г. Армавир до г. Усть-Лабинск без р. Лаба). Далее граница уходит на север вдоль административной границы Краснодарского и Ставропольского краев, которую пересекает в т.6030, достигает т.5122 – точки схождения границ водохозяйственных участков 05.01.05.005, 05.01.05.006 и 06.02.00.010, после которой, повернув на восток, замыкает участок в т.5121."""
Волхов,"""Водохозяйственный участок 01.04.02.006 охватывает бассейн р. Волхов от истока из оз. Ильмень до впадения в Ладожское озеро. Волхов является единственной рекой, вытекающей из оз. Ильмень, протекает по Приильменской низменности, впадает в Ладожское озеро. Главные притоки: справа – Вишера, Оскуя, Пчевжа; слева - Кересть, Тигода. Участок расположен в Ленинградской и Новгородской областях, его площадь составляет 13 тыс. км2. От расчетного створа впадения р. Волхов в Ладожское озеро на границе между Ленинградской областью и Республикой Карелия (т.51 схождения границ водохозяйственных участков 01.04.02.006, 01.04.03.001 (Сясь) и 01.04.03.002 (Бассейн оз. Ладожское без рр. Волхов, Свирь и Сясь) граница водохозяйственного участка 01.04.02.006 следует на юго-восток по водоразделу рр. Волхов и Сясь, дважды пересекает границу между Ленинградской и Новгородской областями в т.50 и т.49, проходит на западных отрогах Тихвинской гряды т.1056 схождения границ водохозяйственных участков 01.04.02.002 (Мста без р. Шлина от Вышневолоцкого г/у), 01.04.02.006 и 01.04.03.001, затем поворачивает на юго-запад, проходит по водоразделу рр. Мда и Пчевжа, Мста и Вишера до т.1055 схождения границ водохозяйственных участков 01.04.02.002, 01.04.02.005 (Бассейн оз. Ильмень без рр. Мста, Ловать, Шелонь) и 01.04.02.006, поворачивает на север, проходит т.1030 схождения границ водохозяйственных участков 01.03.00.005 (Луга от истока до в/п Толмачево), 01.04.02.005 и 01.04.02.006, затем пересекает границу между Новгородской и Ленинградской областями вблизи т.24 схождения границ водохозяйственных участков 01.03.00.005, 01.04.02.006 и 01.04.03.003 (Нева от истока до в/п Новосаратовка) на водоразделе рр. Тосна, Равань и Тигода, отсюда огибает исток р. Чудля и проходит т.1063 схождения границ водохозяйственных участков 01.04.02.006, 01.04.03.002 и 01.04.03.003, после чего замыкается в начальной точке. Территория характеризуется равнинным рельефом с абсолютными отметками менее 100 м. Плоские водораздельные пространства заболочены. Относительно лучше дренированные участки заняты темнохвойными и смешанными лесами."""
"""Реки бассейна Карского моря от северо-восточной границы бассейна р. Таз до границы бассейна Енисейского залива""","""Водохозяйственный участок 15.05.00.002 включает небольшие реки бассейна Карского моря от северо-восточной границы бассейна р. Таз до западной границы бассейна Енисейского залива (большей частью реки Гыданского п-ва). Водохозяйственный участок практически целиком расположен на территории Ямало-Ненецкого, а также частично Таймырского (Долгано-Ненецкого) автономных округов. Площадь водохозяйственного участка составляет 92 тыс. км2. От точки т.547 на берегу Карского моря у северной оконечности Гыданского полуострова на границе с бассейном р. Монгочеяха (граница с водохозяйственным участком 17.01.08.005 - Реки бассейна Енисейского залива без р. Енисей) граница участка отходит от морского побережья в юго- восточном направлении. В верховьях р. Монгочеяха пересекает границу между Ямало-Ненецким и Таймырским (Долгано-Ненецким) автономными округами (т.548), огибает водосборы озер Периптавето и Хосато и еще раз пересекает эту административную границу (т.549), поворачивает на юго-запад по Гыданской гряде в верховья бассейнов рек Нгынесеяхо и Сыдыяха (т.550), меняет направление на юго-восток и проходит к водоразделу в верховьях рек Яра, Танама, Месояха и Соленая (т.551). От этой точки граница участка следует в южном направлении сначала по границе между Ямало-Ненецкими Таймырским (Долгано-Ненецким) автономными округами, а затем между Ямало-Ненецким автономным округом и Красноярским краем до т.552 (схождение границ водохозяйственных участков 15.05.00.001 - Таз, 15.05.00.002 и 17.01.08.004 - Енисей от в/п г. Игарка до устья без р. Хантайка от истока до Усть-Хантайского г/у). Здесь граница участка поворачивает на запад и выходит к т.15006 на восточной окраине дельты р. Таз Тазовской губы. Отсюда граница идет вдоль побережья Тазовской губы Карского моря на северо-запад до западной оконечности Гыданского полуострова (т.544), затем до северной оконечности полуострова Явай (т.545), огибает его, проходя через устьевые участки Яраяха, Нейтаяха, Юрибей, Гыда (т.546), далее поворачивает на север и следует по восточному побережью Гыданской губы Карского моря, пересекая устье р. Яраяха, делает петлю вокруг полуострова Мамонта и залива Юрацкая губа и замыкает участок в т.547. Арктическими тундрами покрыта самая северная часть Гыданского полуострова. Особенности этих тундр – безлесье и отсутствие торфяномохового покрова; южнее до широты устья Тазовской губы распространена мохово-лишайниковая тундра и далее - южная тундра с преобладанием кустарников (карликовая береза, багульник, кустарниковые ольха и ива я и др.). Низменная прибрежная территория сильно заболочена. Здесь тундровые ландшафты чередуются с большими массивами низинных болот."""
"""Волга от Угличского г/у до начала Рыбинского в-ща""","""Водохозяйственный участок 08.01.01.009 охватывает часть бассейна р. Волга между Угличским г/у и Рыбинским водохранилищем до расчетного замыкающего створа в Волжском плесе Рыбинского в-ща – т.295. Площадь водохозяйственного участка составляет 5,1 тыс. км2.От точки замыкающего створа граница участков 08.01.01.009 и 08.01.03.002 (Волга от Рыбинского г/у до г. Кострома без р. Кострома от истока до в/п д.Исады) следует на восток до т.681, где у недалеко от Рыбинского г/у сходятся границы водохозяйственных участков 08.01.01.009, 08.01.02.004 (Рыбинское в-ще до Рыбинского г/у и впадающие в него реки без рр. Молога, Суда и Шексна от истока до Шекснинского г/у) и 08.01.03.002, затем поворачивает на юго-восток по водоразделу рр. Волга и Черемуха и в верховьях р. Юхоть меняет направление на юго-западное. Затем в верховьях р. Устье граница приходит в т.8022 – точку схождения границ водохозяйственных участков 08.01.01.008 (Волга от Иваньковского г/у до Угличского г/у (Угличское в-ще), 08.01.01.009 и 08.01.03.002. Здесь следует резкий поворот границы на северо- запад и после резкой петли вокруг истока р. Улейма пересекается р. Волга у Угличского г/у (т.8021). Дальнейшее следование границы на запад проходит по водоразделу рр. Кашинка и Корожечна, в верховьях которой достигается т.8023, в которой сходятся границы водохозяйственных участков 08.01.01.008, 08.01.01.009 и 08.01.02.001 (Молога). Далее после поворота границы на северо-восток в т.8024 сходятся границы водохозяйственных участков 08.01.01.009, 08.01.02.001 и 08.01.02.004, граница продолжается на восток, пересекает административную границу Тверской и Ярославской областей, и по водоразделам рр. Корожечна, Сутка и Сить приходит к замыкающему створу – т.295."""
"""Бол.Кинель от истока до устья без р. Кутулук от истока до Кутулукского г/у""","""Водохозяйственный участок 11.01.00.008 охватывает бассейн р. Бол.Кинель от истока до места его впадения в р. Самару восточнее г. Самара в расчетном створе (т.11029). Площадь водохозяйственного участка составляет 14,0 тыс. км2. От т.11029 граница участков 11.01.00.011 (Самара от в/п с. Елшанка до г. Самара (выше города) без р. Бол.Кинель) и 11.01.00.008 тянется на северо-восток до т.11022, в которой сходятся границы участков 0.01.01.006 (Сок), 11.01.00.008 и 11.01.00.011. После этой точки граница участков 11.01.00.008 и 11.01.00.006 следует по водоразделу рр. Сок и Бол.Кинель, в т.11021, пересекает административную границу Оренбургской и Самарской областей и далее идет до т.11020 – точки схождения границ водохозяйственных участков 10.01.01.013 (Ик), 11.01.00.006 и 11.01.00.008. От этой точки граница участков 11.01.00.008 и 10.01.01.013 простирается на юго-восток, огибая истоки притоков р. Бол.Кинель – рр. Бол.Бугурусланка, Вркла, Мал.Мочегай, Мочегай, Ервуз до т.329, в которой пересекаются границы трех водохозяйственных участков – 10.01.01.013, 10.01.02.013 (Дема от истока до в/п д. Бочкарева) и 11.01.00.008. Далее граница между участками 11.01.00.008 и 10.01.02.013 продолжается на юго-восток до истока р. Бол.Кинель в т.11030 – точке схождения границ водохозяйственных участков 10.01.02.013, 11.01.00.008 и 11.01.00.010 (Самара от Сорочинского г/у до в/п с. Елшанка). Отсюда граница участков 11.01.00.008 и 11.01.00.010 уходит на запад по водоразделу рр. Бол.Кинель и Ток до т.11031, в которой сходятся участки 11.01.00.008, 11.01.00.010 и 11.01.00.011, после которой, продолжаясь в западном направлении по водоразделу рр. Мал.Кинель и Боровка достигает еще одного узла схождения участков 10.01.01.007 (Куту- лук от истока до Кутулукского г/у), 11.01.00.008 и 11.01.00.011 (т.11026). Затем граница участков 11.01.00.008 и 11.01.00.007 проходит по водоразделу бассейнов рр. Мал.Кинель и Кутулук через границу Оренбургской и Самарской областей (т.11025) до створа Кутулукского г/у (т.11024), пересекает р. Кутулук в нижнем бьефе Кутулукского водохранилища и приходит в т.11028, в которой сходятся границы водохозяйственных участков 10.01.01.007, 11.01.00.008 и 11.01.00.011. От этой точки граница участков 11.01.00.008 и 11.01.00.011 разделяя бассейны рр. Кутулук и Самара приходит к замыкающему створу – т.11029."""
"""Острова моря Лаптевых в пределах внутренних морских вод и территориального моря РФ, прилегающего к береговой линии гидрографической единицы 18.02.00""","""Водохозяйственный участок 18.02.00.100 включает водные объекты островов моря Лаптевых в пределах внутренних морских вод и территориального моря РФ, прилегающего к береговой линии гидрографической единицы 18.02.00. Площадь островов составляет 0.2 тыс. км2.Граница водохозяйственного участка проходит по береговой линии островов."""
"""Водные объекты бассейна зал. Сиваш Азовского моря от границы РФ с Украиной на Перекопском перешейке до северной границы бассейна р. Салгир""","""Водохозяйственный участок 21.02.00.001 охватывает водосборы водных объектов северо-восточного Крыма, относящихся к заливу Сиваш Азовского моря. С северо-запада ВХУ ограничен государственной границей РФ с Украиной на Перекопском перешейке, с севера и северо-востока – береговой линией залива Сиваш Азовского моря, с юга - северной границей бассейна р. Салгир, с запада – водоразделом бассейнов водных объектов Черного и Азовского морей. Площадь водохозяйственного участка составляет 3,78 тыс. км2. Водохозяйственный участок расположен на территории Северо-Крымской низменной равнины в северной части Присивашской низменности. Характеризуется плоским рельефом и интенсивной изрезанностью береговой линии залива Сиваш. В северной части участка сосредоточены крупные соляные озера Перекопской группы: Пусурман, Айгульское, Кирлеутское, Киятское, Круглое, Янгул, Красное, Старое. Гидрографическая сеть представлена небольшими маловодными реками, балками и сухоречьями: Источная, Целинная, Сиваш, Выгонная, Завет-Ленинская, Мироновка с притоком Степной, Победная, Стальная, Зеленая, Гвардейская, Великосельская. Спрямленные русла многих рек и балок встроены в коллекторно-дренажную систему, широко развита сеть каналов. По территории участка проходит Северо-Крымский канал с ответвлением Азовского канала. Водохозяйственный участок находится в степной (равнинной) зоне Крыма в подзоне пустынных степей, лишь юго-западная часть участка на границе с бассейном р. Салгир расположена в подзоне типичных степей. От т. 935 на берегу залива Сиваш Азовского моря на государственной границе РФ с Украиной на Перекопском перешейке граница водохозяйственного участка идет на юго-восток вдоль береговой линии зал. Сиваш до т. 936 в северной части устьевой области р. Салгир, ограничивающей ее бассейн. Далее граница поворачивает на юго-запад, проходит вдоль границы бассейна р. Салгир, после пересечения с Северо-Крымским каналом поворачивает на запад, отделяя водосборы балок Гвардейская и Зеленая, уходит в юго-западном направлении по границе бассейна р. Салгир до т. 21001 схождения границ ВХУ 21.01.00.001 (Водные объекты бассейна Черного моря от границы РФ с Украиной на Перекопском перешейке до северной границы бассейна р. Западный Булганак), 21.02.00.001 и 21.02.00.002 (Бассейн р. Салгир). В т. 21001 граница поворачивает на северо-восток, затем движется в северном направлении, пересекает каналы Красногвардейской распределительной ветки и затем плавно уходит на северо-запад по водоразделу бассейнов водных объектов Черного и Азовского морей, огибая с северо-востока бассейн р. Чатырлык, приближается к Северо-Крымскому каналу и проходит вдоль него в районе Красноперекопска, огибает с запада оз. Старое и следует на северо-запад вдоль западной границы Северо-Крымского канала до пересечения с государственной границей РФ с Украиной на Перекопском перешейке в районе Турецкого вала - т. 920 (примыкания границы между ВХУ 21.01.00.001 и 21.02.00.001 к государственной границе РФ с Украиной). Далее граница участка идет на север вдоль государственной границы РФ с Украиной на Перекопском перешейке, пересекает пограничное озеро, затем резко поворачивает на восток вместе с госграницей и замыкается в т. 935 на берегу залива Сиваш."""
"""Амур от впадения р. Бурея до г. Хабаровск без р. Уссури""","""Водохозяйственный участок 20.03.06.001 охватывает бассейн р. Амур на участке от устья Буреи до г. Хабаровск без р. Уссури. Берега среднего Амура низменны, а после впадения р. Виры — болотисты, русло дробится на многочисленные рукава. С левого берега (российская часть бассейна) на протяжении водохозяйственного участка в Амур впадают многочисленные притоки, наиболее крупными из которых являются реки Архара, Биджан, Бира. Водохозяйственный участок расположен на территории Амурской и Еврейской автономной области, площадь водохозяйственного участка составляет 45,5 тыс. км2 . В соответствии с Реестром опорных точек описание границы водохозяйственного участка 20.03.06.001 начинается от т.914, расположенной у г. Хабаровск на р. Амур (расчетный створ) на границе с водохозяйственным участком 20.03.09.001 (Амур от г. Хабаровск до г. Комсомольск- на-Амуре). От этой точки граница водохозяйственного участка проходит небольшой отрезок на юг до точки (т.915) схождения границ водохозяйственных участков 20.03.06.001, 20.03.09.001 и 20.03.07.006 (Уссури от впадения р. Большая Уссурка до устья без рр. Бикин и Хор). Здесь граница поворачивает на запад и по хребту Хехцир идет до места впадения р. Уссури в Амурскую протоку (т.871) на Государственной границе РФ с Китаем. От т.871 граница водохозяйственного участка 20.03.06.001 совпадает с Государственной границей РФ с Китаем и следует сначала в западном, а затем в юго-западном направлении, пересекая место впадения р. Бира в р. Амур (т.872), в точке (т.873) резко поворачивает в северо-западном направлении, пересекает границу между Еврейской автономной областью и Амурской областью (т.874) и приходит в точку впадения р. Бурея в р. Амур (т.875 - граница между водохозяйственными участками 20.03.05.002 (Амур от впадения р. Зея до впадения р. Бурея без р. Бурея до Бурейского г/у) и 20.03.06.001 на Государственной границе РФ с Китаем). Граница проходит вначале по равнине Санцзян с абсолютными высотами 40-60 м, затем входит в долину Амура, сжатую с востока хребтами Помпеевский и Малый Хинган, а с запада – отрогами Большого Хингана. Абсолютные высоты от устья Уссури с отметкой 20 м плавно нарастают до 89 м. В ландшафтной структуре преобладают гидроморфные ландшафты, пойма и плоские водоразделы заняты вейниковыми лугами в сочетании с болотами. От точки впадения р. Бурея в Амур (т.875) граница поворачивает на северо-восток и проходит по водоразделу рек Бурея (20.03.05.002) и Архара (20.03.06.001) к т.899, где сходятся границы водохозяйственных участков 20.03.05.001 (Бурея от истока до Бурейского г/у), 20.03.05.002 и 20.03.06.001. Здесь граница водохозяйственного участка поворачивает на восток и, огибая верховья р. Архара, следует к т.898, откуда резко уходит на юг и до т.897 идет вблизи административной границы между Амурской областью и Хабаровским краем, в т.897 пересекает административную границу между Еврейской автономной областью и Хабаровским краем, а затем, повторяя очертания этой административной границы, по северо-восточным отрогам хребта Малый Хинган по водоразделам рр. Бира (20.03.06.001),Тырма и Яурин (20.03.05.001) выходит к т.896 – точке схождения границ водохозяйственных участков 20.03.05.001, 20.03.06.001 и 20.03.09.001 на границе между Еврейской автономной областью и Хабаровским краем. От т.896 граница проходит по водоразделу р. Бира (20.03.06.001) и Бол. Ин (20.03.09.001) вначале на юг по южным отрогам Буреинского и Куканского хребтов, затем поворачивает на восток, спускается в долину Амура и замыкается в т.914. Абсолютные высоты на протяжении участка вначале возрастают до 400-680 м, затем резко снижаются, достигая в устье Уссури отметки 20 м, территория характеризуется волнистым рельефом. Господствуют ландшафты широколиственных лесов, в сочетании с участками степной растительности, плоские водоразделы и пойменные участки заболочены."""
"""Енисей от в/п с.Ярцево до впадения р.Подкаменная Тунгуска""","""Водохозяйственный участок 17.01.04.002 включает бассейн р. Енисей от в/п Ярцево до впадения р. Подкаменная Тунгуска. Водохозяйственный участок целиком расположен на территории Красноярского края. Площадь водохозяйственного участка составляет 60 тыс. км2.От т.631 в месте впадения р. Подкаменная Тунгуска в Енисей и схождения границ водохозяйственных участков 17.01.04.002 (Енисей от в/п с. Ярцево до впадения р. Подкаменная Тунгуска), 17.01.05.003 (Подкаменная Тунгуска от впадения р. Чуня до устья) и 17.01.06.001 (Енисей от впадения р. Подкаменная Тунгуска до впадения р. Нижняя Тунгуска) граница следует по Енисейскому кряжу на юго-восток, дважды пересекает административную границу между Красноярским краем и Эвенкийским автономным округом в тт.632 и 633, проходит через точку схождения границ водохозяйственных участков 17.01.04.001 (Енисей от впадения р. Ангара до в/п с. Ярцево), 17.01.04.002 и 17.01.05.003 – т.17014, поворачивает на юго-запад, пересекает Енисей у в/п Ярцево, выходит на Енисейскую равнину, делает петлю в юго-восточном направлении и выходит на Кетско-Тымскую равнину к т.17015 схождения границ водохозяйственных участков 17.01.04.001, 17.01.04.002 и 13.01.06.001 (Кеть). На пути следования граница разделяет (с востока и юго-востока) реки Бол. Черная, Исаковка, Галантиониха, Касс, Ломоватая и (с запада и севера) реки Бол. Лебяжья, Сым, Кольчум. Абсолютные высоты сначала повышаются до 650 м на Енисейском кряже а затем снижаются до 45- 150м на Енисейской и Кетско-Тымской равнине. Енисейский кряж имеет плоские и пологовыпуклые вершины и крутые склоны, покрытые многочисленными глыбовыми осыпями. Ландшафтные условия характеризуются господством лиственничных лесов. В т.17015 граница поворачивает на запад, пересекает в т.384 административную границу между Красноярским краем и Томской областью, затем поворачивает на северо-запад, проходит т.383 на границе Красноярского края и Томской области, являющуюся водоразделом водохозяйственных участков 13.01.06.001, 13.01.09.001 (Обь от впадения р. Васюган до впадения р. Вах) и 17.01.04.002. Далее, следуя в том же направлении, граница достигает точки т.382 на границе между Красноярским краем и Ханты-Мансийским автономным округом – точки схождения границ водохозяйственных участков 13.01.09.001, 13.01.10.001(Вах) и 17.01.04.002, резко поворачивает на северо-восток, разделяя истоки рек Вах и Сым, и приходит в т.381 схождения границ водохозяйственных участков 17.01.06.001, 17.01.04.002 и 13.01.10.001 на границе Красноярского края и Ханты-Мансийского автономного округа. От т.381 граница водохозяйственного участка делает петлю в южном направлении, поворачивает на север, следует по Енисейской низменности через т.636 у истока р. Никитана и р. Каменный Дубчес, затем поворачивает на юго-восток и подходит к исходной т.631. Граница является водоразделом рек (с юго-запада, запада и севера) Орловка, Тым, Вах, Оксым и (с юго-запада и юга) - рек Сым, Дубчес, Никитина. Абсолютная высота составляет 150-200 м. Рельеф достаточно разнообразен: от приподнятых эрозионных равнин на юге до более плоских аллювиальных равнин на севере отрезка границы. Ландшафты территории представлены елово- пихтово-кедровой тайгой, в бассейнах рек Сым и Кеть встречаются сосновые боры. Плоские водораздельные поверхности нередко заболочены."""
"""Амур от впадения р. Зея до впадения р. Бурея без р. Бурея до Бурейского г/у""","""Водохозяйственный участок 20.03.05.002 охватывает часть бассейна Амура между устьями левых притоков Зеи и Буреи. Наиболее крупной рекой на территории водохозяйственного участка является р. Бурея (на участке от Бурейского гидроузла до устья), в низовьях выходящая на Зейско-Буреинскую равнину и впадающая в Амур слева, двумя рукавами. Вторым по величине левым притоком Амура на этом водохозяйственном участке является р. Завитая, стекающая с юго- западных отрогов хребта Турана. Водохозяйственный участок целиком расположен на территории Амурской области, площадь водохозяйственного участка составляет 18 тыс. км2 . В соответствии с Реестром опорных точек описание границы водохозяйственного участка 20.03.05.002 начинается от т.875 на р Амур в месте впадения в него р. Бурея (расчетный створ) в точке границы между водохозяйственными участками 20.03.05.002 и 20.03.06.001 (Амур от впадения р. Бурея до г. Хабаровск без р. Уссури) на Государственной границе РФ с Китаем. От места впадения Буреи в Амур граница водохозяйственного участка следует в северо-западном направлению по руслу р. Амур до места впадения в него р. Зея - т.876, в которой сходятся границы водохозяйственных участков 20.03.03.001 (Амур от истока до впадения р. Зея), 20.03.04.004 (Зея от впадения р. Селемджа до устья) и 20.03.05.002 на Государственной границе РФ с Китаем. Граница проходит по Зейско-Буреинской равнине (абсолютные высоты до 200 м). Широкая долина среднего Амура имеет асимметричное строение: правый коренной берег подходит непосредственно к реке, подмывается ею и отступает; по левому же берегу ступенями поднимаются террасы, пойма имеет здесь ширину до 15 км и занята преимущественно вейниковыми лугами и осоково-вейниковыми болотами. От т.876 граница поворачивает на восток и проходит по западно-северо-западной части Амурско-Буреинской равнины, разделяя бассейны рр. Ивановка, Горбыль (20.03.04.004) и Завитая (20.03.05.002) до точки схождения границ водохозяйственных участков 20.03.04.004, 20.03.05.001 (Бурея от истока до Бурейского г/у) и 20.03.05.002 (т.20015). Затем, поворачивая строго на юго-восток, проходит по южным отрогам хребта Турана, пересекает долину р. Бурея в створе Бурейского гидроузла (т.20016) и далее подходит к точке схождения границ водохозяйственных участков 20.03.05.001, 20.03.05.002 и 20.03.06.001 на водоразделе бассейнов р. Бурея и Архара (т.899). Отсюда граница водохозяйственного участка плавно поворачивает на юго-запад и по водоразделу рек Бурея и Архара (20.03.06.001) подходит к точке замыкания (т.875). На этом участке границы абсолютные высоты снижаются от 400-500 м на отрогах гор до 50-100 м в долине Амура. В соответствии с изменением геоморфологических условий светлохвойные леса сменяются широколиственными и мелколиственными лесами, вейниковыми лугами и осоково- вейниковыми болотами."""
"""Колыма от впадения р.Сеймчан до в/п ГМС Коркодон""","""Водохозяйственный участок 19.01.01.003 охватывает территорию бассейна р. Колыма от в/п Сеймчан до в/п ГМС Коркодон, расположенную в Магаданской области. Площадь водохозяйственного участка составляет 102 тыс. км2. От т.19007 на расчетном створе ниже в/п ГМС Коркодон граница простирается в северном направлении по кр. Чубукулах, подходит к административной границе между Республикой Саха (Якутия) и Магаданской областью, далее, следуя по административной границе проходит через т.19008 – точку схождения границ водохозяйственных участков 19.01.01.003, 19.01.01.004 (Колыма от в/п ГМС. Коркодон до в/п г. Среднеколымск) и 19.01.01.005 (Колыма от в/п г. Среднеколымск до впадения р. Омолон), поворачивает на восток и, все также следуя по административной границе подходит к т.800 (точка пересечения с границей между Республикой Саха (Якутия) и Магаданской области) на схождении границ водохозяйственных участков 19.01.01.003, 19.01.01.005 и 19.01.02.001 (Омолон). Затем граница водохозяйственного участка поворачивает на юг, следует по Конгинскому хр., далее по хр. Молькаты, по южной оконечности Коркодонского хр. и выходит на гребень Отайкачанского хр. к т.794 схождения границ водохозяйственных участков 19.01.01.003, 19.01.02.001 и 19.10.00.001 (Бассейны рек Охотского моря от западной границы бассейна р. Пенжина до южной границы бассейна р. Тахтаяма). На пути следования граница разделяет бассейн р. Коркодон (рр. Бол.Ярходон, Алы-Юрях, Мал. Алы-Юрях, Токур-Юрях, Аул-Накхат, Булун (Рассоха), Дюгадяк, Бургачан, Русская) на территории водохозяйственного участка и бассейны рек Бол.Столбовая, Лев.Каменка, Нимигал, Нимчан, Бургалчан, Березовка, Намындыкан, Омкучан, Лев.Кедон, Омолон. Территория водохозяйственного участка расположена в местности с абсолютными высотами от 100 до 1500 м. Горы покрыты светлохвойными редкостойными лесами и редколесьями в сочетании с горными тундрами. От т.794 граница простирается в юго-западном направлении по хр. Ненкат, затем делает петлю в северном направлении и, продолжая следовать на юго-запад, проходит через т.19005 – точку схождения границ водохозяйственных участков 19.01.01.002 (Колыма от Колымской ГЭС до впадения р. Сеймчан), 19.01.01.003 и 19.10.00.001, далее поворачивает на северо-запад, в т.19004 пересекает р. Колыма выше впадения р. Сеймчан и, следуя в том же направлении, проходит через т.19028 схождения границ водохозяйственных участков 19.01.01.002, 19.01.01.003 и 19.01.01.004. От т.19028 граница делает петлю в северном направлении, пересекает Полярный хр. и следует в северо-восточном направлении к исходной т.19007. На пути следования граница разделяет бассейны рр. Сугдой, Балыгычан, Бол.Бургали, Сеймчан - внутри водохозяйственного участка и рр. Омолон, Наяхан, Широкая, Вилига, Улики, Буюнда, Эльген, Бол.Сурда, Ясочная, Поповка, Налучье – за его пределами. Абсолютные высоты меняются от 200 до 1500 м. До высоты 1200 м произрастают редкостойные северотаежные лиственничные леса, в наземном покрове преобладают кустарнички (брусника, вороника, багульник)."""
"""Енисей от впадения р. Подкаменная Тунгуска до впадения р. Нижняя Тунгуска""","""Водохозяйственный участок 17.01.06.001 включает часть бассейна Енисея от впадения р. Подкаменная Тунгуска до впадения р. Нижняя Тунгуска. Водохозяйственный участок целиком расположен на территории Красноярского края, Эвенкийского и Ямало-Ненецкого автономных округов. Площадь водохозяйственного участка составляет 110 тыс. км2. От точки впадения (т.645) р.Нижняя Тунгуска в р.Енисей и схождения границ водохозяйственных участков 17.01.06.001 (Енисей от впадения р. Подкаменная Тунгуска до впадения р. Нижняя Тунгуска), 17.01.07.004 (Нижняя Тунгуска от в/п п. Учами до устья) и 17.01.08.002 (Енисей от впадения р. Нижняя Тунгуска до в/п г. Игарка без р. Курейка от истока до Курейского г/у) граница следует по Енисейской низменности на юго-восток, поднимается на Тунгусское плато, проходит близко к административной границе между Красноярским краем и Эвенкийским автономным округом, пересекая эту границу в т.т.646, 647, 648 (на водоразделе рек Дельтула и Нижняя Тунгуска), 649 и 650 (у истока р. Дэтыктэ), проходит через т.17021 схождения границ водохозяйственных участков 17.01.06.001, 17.01.07.003 (Нижняя Тунгуска от в/п пгт. Тура до в/п п. Учами) и 17.01.07.004 и подходит к т.640. Абсолютные высоты от устья Нижней Тунгуски резко возрастают от 10 до 700м и далее несколько снижаются. Рельеф характеризуется наличием отдельно возвышающихся массивов и сопок. Ландшафты междуречий представлены среднетаежными елово-лиственничными лесами с примесью лиственницы сибирской, к югу появляется сосна и кедр. Нижние ярусы образует ольха, можжевельник и кустарниковая ива. От т.640 схождения границ водохозяйственных участков 17.01.05.003 (Подкаменная Тунгуска от впадения р. Чуня до устья), 17.01.06.001 и 17.01.07.003 граница поворачивает на запад, проходит через точку пересечения границы между Красноярским краем и Эвенкийским автономным округом (т.639), поворачивает на юго-запад и следует вдоль этой границы, пересекая ее в т.т.638, 637, и подходит к т.631. Граница разделяет бассейны рек (с северо-запада) Бахта, Тунеп и Сучья Бахта и (с юго-востока) бассейн Подкаменной Тунгуски с ее притоками. Ландшафты представлены среднетаежной тайгой. На склонах южной экспозиции преобладают сосново-лиственничные леса, на северных склонах преобладает ель. В долинах рек развиты густые ерники, черемуха, рябина, смородина, шиповник. От точки впадения р. Подкаменная Тунгуска в р. Енисей (т.631) на схождении границ водохозяйственных участков 17.01.04.002 (Енисей от в/п с. Ярцево до впадения р. Подкаменная Тунгуска), 17.01.05.003 и 17.01.06.001 граница делает петлю в северном направлении, проходит через водораздел (т.636) у истока р. Каменный Дубчес, двигаясь в западном направлении, подходит к т.381. Абсолютные высоты составляют 180-200м. Граница разделяет (с севера) реки Никитана и Елогуй и (с юга) реки Дубчес и Дагылдо. Ландшафты представлены лиственничными лесами и лиственнично-елово-кедровыми лесами (северная тайга). От т.381 на водоразделе водохозяйственных участков 17.01.06.001, 17.01.04.002 и 13.01.10.001 (Вах), граница поворачивает на северо-запад, проходит по Верхнетазовской возвышенности до т380. Здесь сходятся границы водохозяйственных участков 13.01.10.001, 15.05.00.001 (Таз) и 17.01.06.001 на границе Ямало-Ненецкого и Ханты-Мансийского автономных округов. Граница разделяет на этом отрезке с запада бассейны рек Вах, Кульнигал и с востока – бассейны рек Елогуй, Келлог. Абсолютная высота местности составляет 150-180 м. Ландшафтная структура территории сложна и зависит, в первую очередь, от степени дренированности. На относительно дренированных участках господствуют зональные елово-пихтово-кедровые леса, плоские слабо дренированные поверхности заняты ландшафтами гидроморфного ряда. От т.380 граница, огибая верховья р. Келлог, поворачивает на восток, пересекает в т.558 административную границу между Ямало-Ненецким автономным округом и Красноярским краем, делает петлю, огибая исток реки Дындовский Таз, резко поворачивает на север и далее следует по Нижнеенисейской возвышенности, близко проходя к административной границе между Ямало-Ненецким автономным округом и Красноярским краем и пересекая ее в тт.557, 556 точке схождения границ водохозяйственных участков 15.05.00.001, 17.01.06.001 и 17.01.08.002, поворачивает на северо-восток и замыкается в исходной точке т.645. Граница разделяет бассейны рек (с запада) Таз, Ратта, Ниж. Баиха, и с востока – рек Келлог, Чатылькы, Пакулиха. Абсолютные высоты плавно снижаются от 220 м в начале этого отрезка границы до 150м в его конце. Господствуют среднетаежные ландшафты. Значительные площади заняты болотами различного типа."""
"""Енисей от истока до Саяно-Шушенского г/у""","""Водохозяйственный участок 17.01.03.001 включает бассейн р. Енисей от истока (слияния Б. и М. Енисея) до Саяно-Шушенского гидроузла. Водохозяйственный участок расположен на территории Республик Тыва, Хакассии и Красноярского края. Площадь водохозяйственного участка составляет 64,5 тыс. км2. От северной оконечности Саяно-Шушенского водохранилища расчетного створа Саяно- Шушенского гидроузла (т.17002) граница следует в восточном направлении по хр. Западный Саян, проходит через т.17003 схождения границ водохозяйственных участков 17.01.03.001 (Енисей от истока до Саяно-Шушенского г/у), 17.01.03.002 (Енисей от Саяно-Шушенского г/у до впадения р. Абакан) и 17.01.03.003 (Енисей от впадения р. Абакан до Красноярского г/у), поворачивает на юг, проходит через т.17001схождения границ водохозяйственных участков 17.01.01.001 (Большой Енисей), 17.01.03.001 и 17.01.03.003, затем пересекает административную границу между Республикой Тыва и Красноярским краем в т.628, делает петлю в западном направлении, следует по Куртусибинскому хребту, проходит через точку схождения границ водохозяйственных участков 17.01.01.001, 17.01.02.001 (Малый Енисей) и 17.01.03.001 в месте слияния рек Б. и М. Енисей (т.627), поворачивает на юг к т.17038 схождения границ водохозяйственных участков17.01.02.001, 17.01.03.001 и 17.01.03.200 (Водные объекты бассейна оз. Убсу-Нур на границе РФ с Монголией). Абсолютные высоты достигают 2500 м, вершины имеют характер острых скалистых пиков. По пути следования границы преобладают ландшафты темнохвойной тайги, верхняя граница которой заканчивается на высоте 2000-2200м., выше расположен пояс высокогорных кустарников. От т.17038 граница поворачивает на запад, проходит через т.17039 на водоразделе рек Элегест и Торгалыг, через точки примыкания к Государственной границе РФ с Монголией (т.17040 и т.396) и в т.396 подходит к водоразделу с водохозяйственным участком 13.01.01.200 - бессточная территория между бассейнами рек Обь, Енисей и границей РФ с Монголией. Абсолютные высоты составляют 1400-3400 м, понижаясь в межгорной котловине до 900 м. Преобладающим ландшафтом территории являются темнохвойные и светлохвойные горные леса (до высоты 2000 м), выше сменяющиеся альпийскими лугами, и далее – тундрами и гольцовыми вершинами. В т.396 граница поворачивает на северо-запад, поднимается на Шапшальский хребет, проходит близ верховий р. Чульмшан, проходит через точку схождения границ водохозяйственных участков 17.01.03.001, 13.01.01.001 (Бассейн оз. Телецкое) и 13.01.01.200 вблизи административной границы между Республиками Алтай и Тыва (т.395) и далее следует вдоль этой границы до точки схождения границ водохозяйственных участков 17.01.03.001, 13.01.01.001 и 17.01.03.002 вблизи административной границы между Республиками Алтай и Тыва (т.17041). Затем граница водохозяйственного участка поворачивает на северо-восток, следуя по административной границе между Республиками Хакасия и Тыва до точки схождения границ Республики Тыва, Республики Хакасия и Красноярского края (т.17004) и замыкается в исходной т.17002. Горная тайга покрывает склоны до высоты 2000-2200 м. В расположенном выше альпийском поясе доминируют заросли низкорослых кустарников, субальпийские и альпийские луга, выше 3000 м отчетливо выражен нивальный пояс, в котором горные тундры, лишенные растительности осыпи и скалы чередуются со снежными полями и ледниками."""
"""Витим от истока до в/п с.Калакан""","""Водохозяйственный участок 18.03.02.001 охватывает территорию бассейна р. Витим от истока до в/п с. Калакан расположен в Респ. Бурятия и Читинской области. Площадь водохозяйственного участка составляет 66,3 тыс. км2. От расчетного створа ниже в/п Калакан –т.18015, граница водохозяйственного участка следует на юго-восток, проходит через точку схождения границ водохозяйственных участков 18.03.02.001 (Витим от истока до в/п с. Калакан), 18.03.02.002 (Витим от в/п с. Калакан до в/п с. Спицино) и 20.03.01.004 (Шилка от слияния рр. Ингода и Онон до устья) - т.18016, поворачивает на юго-запад и следует по хребту Черского, проходит через т.20004 схождения границ водохозяйственных участков 18.03.02.001, 20.03.01.001 (Ингода от истока до г. Чита) и 20.03.01.004, затем пересекает административную границу между Читинской областью и Республикой Бурятия (т.723) и, разделяя бассейны рек Чита и Нерча (с востока) и Каренга и Конда (с запада), следует до т.595. Здесь сходятся границы водохозяйственных участков 16.03.00.003(Хилок), 18.03.02.001 и 20.03.01.001. Граница проходит по ряду вытянутых в северо-восточном направлении широких хребтов с высотами от 1200 до 1600 м, с плоскими или куполообразными вершинами, склоны же хребтов расчленены глубоко врезанными узкими речными долинами. Почти повсюду преобладает однообразная тайга из даурской лиственницы, наиболее высокие склоны покрыты подгольцовым редколесьем, а местами и каменистой тундрой. От т.595 граница следует в северо-западном направлении по Витимскому нагорью, пересекает в т.594 административную границу между Читинской областью и Республикой Бурятия, следуя по водоразделу рек Конда, Халой, Заза и рек Хилок, Уда. Граница огибает верховья рек Кыджимит и достигает водораздела (т.593) – в точке схождения границ водохозяйственных участков 18.03.02.001, 16.03.00.004 (Уда) и 16.04.00.001 (Бассейны рек средней и северной части оз. Байкал от юго-восточной границы бассейна р. Ангара до северо-западной границы бассейна р. Баргузин). Абсолютные высоты на этом отрезке повышаются до 1615 м. Зональным типом ландшафтов являются бореальные лиственничные и лиственнично-кедровые леса, на наиболее высоких участках сменяющиеся горнолиственничными редколесьями. Ландшафтной особенностью этого участка границы является распространение светлохвойных и березовых лесов, которые, в принципе, характерны для более южных территорий, но, благодаря защищенности этого района от северных холодных ветров, здесь фрагментарно появляются эти ландшафты суббореального типа. От т.593 граница поворачивает на северо-восток, следует по хребтам Станового нагорья до т.18017 схождения границ водохозяйственных участков 18.03.02.001, 18.03.02.002 и 16.04.00.002 (Бассейны рек средней части оз. Байкал от северо-западной границы бассейна р. Баргузин до северной границы бассейна р. Селенга), поворачивает на восток, проходит через точку на водоразделе рр. Усой, Талой и Чина (т.18018), делает петлю в юго-западном направлении и следует по Витимскому плоскогорью на северо-восток к начальной т.18015. На склонах хребтов до высоты 1200-1300 м широко распространена среднегорная лиственничная тайга восточносибирского типа. Верхние части склонов и невысокие междуречья заняты лиственничным или кедровым редколесьем, высокие междуречья образуют гольцовый пояс с разреженным растительным покровом."""
"""(Малая) Северная Двина от начала реки до впадения р. Вычегда без рр. Юг и Сухона (от истока до Кубенского г/у)""","""Водохозяйственный участок 03.02.01.002 охватывает бассейн р. Северная Двина от истока до впадения в нее р. Вычегда без притоков р. Юг и р. Сухона до Кубенского гидроузла. На участке от места слияния рек Юг и Сухона до впадения Вычегды Северную Двину называют также Малой Северной Двиной. Водохозяйственный участок расположен на территории Вологодской и Архангельской областей. Площадь водохозяйственного участка составляет 37,6 тыс. км2. От точки замыкающего створа в месте впадения в Малую Северную Двину реки Вычегды (т.107) граница участка идет на юг до т.108 – точки пересечения границ Кировской, Вологодской и Архангельской обл. и схождения водохозяйственных участков 03.02.01.002 (Юг), 03.02.01.003 и 03.02.02.002 (Вычегда от г. Сыктывкар до устья), затем в западном направлении проходит т.3013 - точку слияния рек Юг и Сухона и доходит до т.100, в которой сходятся границы водохозяйственных участков 03.02.01.002, 03.02.01.003 и 08.01.03.003 (Унжа). От т.100 граница резко поворачивает на запад и далее на юго-запад, проходит по невысокой Галичской возвышенности, разделяя бассейны рек Сухона и бассейны рек Унжа и Кострома, пересекает в т.101 границу Костромской и Вологодской областей и далее к т.8087 – точке схождения границ водохозяйственных участков 03.02.01.003,08.01.03.001 (Кострома от истока до в/п д. Исады) и 08.01.03.003. В соседней точке 102 вновь пересекается граница Костромской и Вологодской обл., немного далее на запад в т.103 - пересечения границ Костромской, Вологодской и Ярославской обл. Отсюда граница направляется на северо-запад к т.104, в которой наблюдается схождение границ водохозяйственных участков 03.02.01.003, 08.01.02.004 (Рыбинское в-ще до Рыбинского г/у и впадающие в него реки без рр. Молога, Суда и Шексна от истока до Шекснинского г/у) и 08.01.03.001. Граница бассейна проходит по равнинно-холмистой местности с абсолютными отметками 150-220 м, рельеф возвышенностей сильно сглажен рыхлыми породами. Участки южной тайги с преобладанием ели сменяются сосновыми лесами с примесью широколиственных пород. От т.104 граница идет на запад, делает петлю в северо-западном направлении, огибая верховья р. Соть, пересекает в т.105 административную границу Ярославской и Вологодской областей вблизи верховья р. Согожа (08.00.01) и достигает т.8035 – точки схождения границ водохозяйственных участков 03.02.01.003, 08.01.02.003 (Шексна от истока (вкл. оз. Белое) до череповецкого г/у) и 08.01.02.004. Рядом с этой точкой в т.3011 сходятся границы водохозяйственных участков 03.02.01.001 (оз. Кубенское и р. Сухона от истока до Кубенского г/у), 03.02.01.003 и 08.01.02.003, а к востоку от нее в т.3010 граница проходит створ Кубенского г/у. Далее граница следует на восток по водоразделу рр. Сухона и Вага, проходит т.3009 - точку схождения границ водохозяйственных участков 03.02.01.001, 03.02.03.002 (Вага) и 03.02.01.003. Затем граница уходит по Харовской гряде, огибая верховья р. Вога (т.111), далее поворачивает на северо-восток, проходит по водоразделу Сухоны и Кулоя, следует на север, пересекая в т.112 административную границу Архангельской и Вологодской областей, до верховий р. Кокшенга, огибает их, далее поворачивает на северо- восток, вновь в т.113 и т.3018 пересекает границу Архангельской и Вологодской областей в верховьях р. Устья и замыкается в т.107. Абсолютные высоты на этом отрезке составляют около 200 м, территория характеризуется моренным рельефом с холмами и грядами. В растительном покрове преобладают среднетаежные темнохвойные леса в сочетании с болотами различного типа."""
"""Зея от истока до Зейского г/у""","""Водохозяйственный участок 20.03.04.001 охватывает бассейн р. Зея на участке от истока до Зейского гидроузла. Зея - самый крупный левый приток Амура, ее истоки расположены на южном склоне Станового хребта. На коротком верхнем участке Зея — горная река. В 270 км от истока она впадает в Зейское водохранилище. Основные притоки Зеи на водохозяйственном участке – Гилюй, Унаха, Брянта, Утугай, Ток. Водохозяйственный участок целиком расположен на территории Амурской области, площадь водохозяйственного участка составляет 82,5 тыс. км2 . Описание границы водохозяйственного участка 20.03.04.001 начинается от Зейского г/у на р. Зея (расчетный створ) - т.20010 на границе с водохозяйственным участком 20.03.04.002 (Зея от Зейского г/у до впадения р. Селемджа). От этой точки граница идет на северо-запад по хребту Тукурингра по водоразделу рек Гилюй (20.03.04.001) и Уркан (20.03.04.002) до т.20011, где сходятся границы водохозяйственных участков 20.03.04.001, 20.03.04.002 и 20.03.03.001 (Амур от истока до впадения р. Зея). Далее граница переходит на хребет Чернышева и по водоразделу рек Геткан (20.03.04.001) и Б.Ольдой (20.03.03.001) подходит к т.718 схождения границ водохозяйственных участков 18.03.04.001 (Олекма от истока до в/п с. Усть-Нюкжа), 20.03.03.001 и 20.03.04.001. Здесь, огибая верховья р. Геткан, граница резко поворачивает на северо-восток, выходит на Становой хребет, плавно поворачивает на север и подходит к водоразделу (т.717) водохозяйственных участков 20.03.04.001, 18.03.04.001 и 18.03.06.002 (Алдан от в/п г. Томмот до впадения р. Учур) на границе между Амурской областью и Республикой Саха (Якутия). В т.717 граница водохозяйственного участка поворачивает на восток, проходит точку схождения (т.18057) границ водохозяйственных участков 18.03.06.002, 18.03.06.003 (Учур), 20.03.04.001 и по Становому хребту до т.716 следует практически по административной границе между Республикой Саха (Якутия) и Амурской областью. В т.716, расположенной вблизи схождения административных границ между Хабаровским краем, Амурской областью и Республикой Саха (Якутия), сходятся границы водохозяйственных участков 20.02.00.001 (Уда), 20.03.04.001 и 18.03.06.003. На отрезке от т.717 до т.716 граница разделяет водосборные площади правых притоков р. Алдан разного порядка (рек Тимптон, Гонам, Сутам, Нуям, Алгама) и множество более мелких рек, стекающих с северных склонов Станового хребта, верховья притоков различного порядка в бассейне р. Зея (рр. Гилюй, Унаха, Брянта, Утугай, Мульмуга, Ток, Купури и др.), которые стекают с южных склонов Станового хребта. Становой хребет имеет почти широтное простирание, обрывистые южные склоны; типичны куполовидные и плосковершинные водоразделы, гребневые линии наиболее высоких гор глубоко расчленены, имеют кары, цирки, троги, конусообразные вершины и узкие седловины. Абсолютная высота на этом участке границы колеблется от 1200 до 1830 м, повышаясь до 2196 м на хребте Токинский Становик (т.716). На склонах гор - горная лиственничная тайга; встречаются леса из аянской ели. Выше 1200 м тайга сменяется поясом кедрового стланика, верхние части водоразделов заняты горными тундрами, гольцовыми поверхностями. От т.716 граница водохозяйственного участка, простираясь в юго-восточном направлении, пересекает в т.859 административную границу между Амурской областью и Хабаровским краем и далее до т.858 практически совпадает с этой границей. От т.859 граница поворачивает на юго-запад и на водоразделе бассейнов р. Уда и Дугда проходит точку схождения границ водохозяйственных участков 20.03.04.001, 20.03.04.003 (Селемджа) и 20.02.00.001 на границе между Амурской обл. и Хабаровским краем (т.858). В т.858 граница поворачивает на запад и следует по хребту Джагды через точку схождения границ водохозяйственных участков 20.03.04.001, 20.03.04.002 и 20.03.04.003 (т.20012), далее идет по хребту Соктахан до точки замыкания (т.20010)."""
"""Кубань от истока до г.Усть-Джегута""","""Водохозяйственный участок 06.02.00.001 охватывает верховья р. Кубань от истока до Усть- Джегутинского гидроузла. Территория водохозяйственного участка полностью расположена в Карачаево-Черкесская Республике. Площадь участка составляет 4,2 тыс. км2. Т.6010- Усть-Джегутинский г/у на р. Кубань (расчетный створ) на границе с водохозяйственным участком 06.02.00.004 - Кубань от г. Усть-Джегута до г. Невинномысск без рр. Б. и М. Зеленчук. От этой точки граница водохозяйственного участка следует в юго-восточном направлении в верховья р. Кума (т.6011), где сходятся границы водохозяйственных участков 06.02.00.001, 06.02.00.004 и 07.01.00.003 (Кума от истока до впадения р. Подкумок), затем через короткое расстояние проходит т.6079 - схождение границ водохозяйственных участков 06.02.00.001, 07.01.00.004 (Подкумок от истока до г. Кисловодск) и 07.01.00.003 и т.233 - схождение границ водохозяйственных участков 06.02.00.001, 07.01.00.004 и 07.02.00.005 (Малка от истока до Кура-Марьинского канала) на границе Карачаево-Черкесской и Кабардино-Балкарской Республики. Отсюда граница участка следует в южном направлении по границе Карачаево-Черкесской и Кабардино-Балкарской Республик до точки ее примыкания к Государственной границе РФ с Республикой Грузия (т.234) через точку т.6078 - схождение границ водохозяйственных участков 06.02.00.001, 07.02.00.007 (Баксан без р. Черек) и 07.02.00.005. На этом участке граница разделяет правые притоки р. Кубань – рр. Джалонкол, Худес, Уллухурзук и бассейны рек Малка и Баксан. Абсолютные высоты местности увеличиваются по мере движения границы от точки к точке к вершине Эльбруса и составляют в основном 2000-3500 м, рельеф территории изменяется от среднегорного до высокогорного. Согласно схеме физико-географического районирования граница проходит по Северо-Кавказской ландшафтной провинции Большого Кавказа. Это область развития высокогорной поясности. Северные склоны Кавказского хребта, начиная с предгорий, покрыты лесной растительностью (лиственной и хвойной). Выше пояса лесов, начиная с высоты 1400-2400 м над уровнем моря, расположен субальпийский и выше его - альпийский пояс. От т.234 граница участка совпадает с Государственной границей РФ с Республикой Грузия. Граница поворачивает на запад, идет по водоразделу бассейнов левых притоков р.Кубань, правых притоков р. Кодори до т.6012 на границе с водохозяйственным участком 06.02.00.002 (Малый Зеленчук). Граница на этом участке проходит по хребтам Большого Кавказа с дифференциацией ландшафтов соответственно высотной поясности, как и на предыдущем участке. От этой точки граница участка спускается с гор на север по хребту, разделяющему бассейны рек Теберда и Аксаут, до т.6014 схождения границ водохозяйственных участков 06.02.00.001, 06.02.00.004 и 06.02.00.002, после чего, повернув на восток, граница участка замыкается в расчетном створе."""
"""Олекма от истока до в/п с. Усть-Нюкжа""","""Водохозяйственный участок 18.03.04.001 охватывает территорию бассейна р. Олекма от истока до в/п с. Усть-Нюкжа расположен в Читинской и Амурской областях. Площадь водохозяйственного участка составляет 46,9 тыс. км2. От т.18036 на расчетном створе ниже с.Усть-Нюкжа граница следует на север, поднимается на Становой хр. до т.18037, затем поворачивает на восток, дважды пересекая административную границу между Амурской областью и Республикой Саха (Якутия) в т.18037 и т.742 - точке схождения границ водохозяйственных участков 18.03.04.001, 18.03.04.003 (Олекма от в/п с. Усть- Нюкжа до устья без р. Чара) и 18.03.06.001 (Алдан от истока до в/п г. Томмот) и до т.717 следует вдоль административной границы, проходя через водораздельную т.18038 схождения границ водохозяйственных участков 18.03.04.001, 18.03.06.001 и 18.03.06.002 (Алдан от в/п г. Томмот до впадения р. Учур). Граница разделяет верховья рек (с севера) Тунгурча, Сыллах, Амедичи, Куртах, Алдан, Унгра, Тимптон и (с юга) Чильчи, Ниж. Ларба, Чубачи, Сред. Ларба, Верх. Ларба, Лапри, Могот. Склоны хребтов заняты горной лиственничной тайгой; встречаются леса из аянской ели. Выше 1200 м тайга сменяется поясом кедрового стланика, верхние части заняты горными тундрами, гольцовыми поверхностями. В т.717 на административной границе между Амурской областью и Республикой Саха (Якутия) – точке схождения границ водохозяйственных участков 20.03.04.002 (Зея от Зейского г/у до впадения р. Селемджа), 18.03.04.001 и 18.03.06.002 граница поворачивает на юго-запад, идет вначале по Становому хребту, затем переходит на Урушинский хребет, на водоразделе бассейнов верховьев рек Ольдой и Геткан проходит точку схождения границ водохозяйственных участков 18.03.04.001, 20.03.03.001 (Амур от истока до впадения р. Зея) и 20.03.04.002 (т.718), далее идет по хребту Черомный, пересекая административную границу между Читинской и Амурской областями (т.719), и достигает в т.720 водораздела водохозяйственных участков 18.03.04.001, 20.03.01.004 (Шилка от слияния рр. Ингода и Онон до устья) и 20.03.03.001. Продолжая путь в юго- западном направлении, граница проходит по отрогам Тунгирского хребта, разделяя бассейны верховьев рек Тунгир и Черный Урюм и Нерчуган, и далее идет по Муройскому хребту, огибая с юга верховья р. Олекма (т.721). Затем граница поворачивает на северо-восток, доходит до истоков р. Нерча в месте схождения границ водохозяйственных участков 18.03.02.002 (Витим от в/п с. Калакан до в/п с. Спицино), 18.03.04.001 и 20.03.01.004 - т.722, далее следует к т.734 на административной границе между Амурской и Читинской областями, проходит точку схождения границ водохозяйственных участков 18.03.02.002, 18.03.04.001 и 18.03.04.003 - т.18022 и замыкается в исходной т.18036. Граница проходит по ряду вытянутых в северо-восточном направлении широких хребтов с высотами от 1200 до 1600 м с плоскими или куполообразными вершинами, склоны же хребтов расчленены глубоко врезанными узкими речными долинами. Почти повсюду преобладает однообразная тайга из даурской лиственницы, наиболее высокие склоны покрыты подгольцовым редколесьем, а местами и каменистой тундрой."""
"""Реки бассейна Карского моря от западной границы бассейна р. Бол. Ою до мыса Скуратова""","""Водохозяйственный участок 15.01.00.001 включает бассейны небольших рек, впадающих в западную часть Карского моря от пролива Югорский Шар на Югорском полуострове до мыса Скуратова на полуострове Ямал. Водохозяйственный участок расположен на территории Ямало- Ненецкого и Ненецкого автономных округов, а также частично в Республике Коми. Площадь водохозяйственного участка составляет 91 тыс. км2. От точки примыкания к береговой линии пролива Югорский Шар на Югорском полуострове (т.155), на границе с водохозяйственным участком 03.06.00.001 (Реки бассейна Баренцева моря от восточной границы бассейна р. Печора до западной границы бассейна р. Бол. Ою) граница участка, сделав небольшую петлю вокруг мыса Тонкий - северо-восточной оконечности Югорского полуострова, уходит на восток и далее юго-восток по побережью Байдарацкой губы Карского моря, минуя устья рек Толотаяха, Ливаръяха, Табъю, Сопчаю, поворачивает на юг в Карскую губу Карского моря к устью реки Кара и пересекает границу между Ненецким и Ямало-Ненецким автономными округами (т.507). Затем граница уходит по берегу Байдарацкой губы (т.508) вдоль залива Торасавэй, пересекая устья рек Нгоюяха, Толопаяха и Пензянгояха, Байдарата (т.509). Прибрежная территория представляет собой молодую морскую равнину, которая относится к Пайхойской ландшафтной провинции Приполярного Урала. Рельеф участка границы низменный, при впадении многих рек в Байдарацкую губу поверхность заболочена. Господствуют ландшафты лишайниково-моховой тундры с многочисленными участками болот, по защищенным от ветра участкам долин рек встречаются заросли ерника и полярной ивы. От устья реки Байдарата граница уходит на север по восточному побережью Байдарацкой губы Карского моря, пересекая устья рек Ензоръяха, Еркутаяха, Юрибей, Ясавэйяха (т.510), Няхаръяха, Седатаяха, Нябыяха, Мордыяха, Надояха (т.511). Огибая в западном, затем северном направлении побережье залива Шарапов Шар Карского моря, граница идет по побережью Карского моря, пересекая устья многочисленных рек, и достигает на северо-западной оконечности полуострова Ямал на мысе Скуратова точки границы (т.512) с водохозяйственным участком 15.02.03.003 (Реки западного участка бассейна Обской губы). Прибрежная территория участка границы, следующей вдоль побережья полуострова Ямал, представляет собой низменную заболоченную равнину с множеством озер и мелких рек, относящуюся к Ямальской ландшафтной провинции Западной Сибири. Абсолютные высоты самых высоких отметок полуострова не превышают 100 м. Самую северную часть Ямала занимают арктические тундры, сменяющиеся к югу мохово-лишайниковыми и кустарниковыми тундрами. На прибрежных участках много травяных болот и зарослей полярной ивы. От т.512 граница бассейна поворачивает на юго-запад, отходит от береговой линии на материк и следует по водоразделам бассейнов рек Яхадыяха, Тамбей (бассейн Оби) и Пыякояяха (15.01.00.001), разделяет верховья рек Вэнуияха и Надояха (т.513), далее проходит по водоразделу между озерами Нейто, Палтаута и Ямбуто через верховья р. Сабыяха (т.514), затем поворачивает на юго-запад, огибает водораздел вблизи оз. Ярото-1-е (т.515), далее поворачивая на северо-запад разделяет рек Еркутаяха, Ядаяходыяха и Танловаяха (т.516), где сходятся границы водохозяйственных участков 15.01.00.001, 15.02.03.002 (Обь от в/п г. Салехард до устья) и 15.02.03.003, доходит до водораздела бассейнов рек Байдарата и Щучья (т.517), огибает верховья р. Щучья и по хребтам Полярного Урала доходит до водораздельной точки (т.136) схождения границ водохозяйственных участков 15.01.00.001, 15.02.03.002 и 03.05.02.001 (Уса). На большем протяжении граница проходит по низменным равнинам полуострова Ямал с абсолютными высотами 45-60 м. На водоразделах Полярного Урала абсолютная высота довольно резко возрастает до 650 м. На равнинах Ямала отчетливо выражены все подзоны тундры: арктическая, типичная и кустарниковая. В прибрежных участках и по водоразделам много болот. На юге преобладают ерниковые тундры, чередующиеся с крупными массивами бугристых болот. Низкогорный участок границы, проходящий по Полярному Уралу, занят арктическими кустарничково-лишайниковыми тундрами От т.136 граница участка по водоразделу бассейнов Кара и Мал.Уса (бассейн Печоры) следует в северо-западном направлении, пересекает в т.135 административную границу между Республикой Коми и Ненецким автономным округом и подходит к т.134 - схождение границ водохозяйственных участков 15.01.00.001, 03.06.00.001 и 03.05.02.001. От т.134 граница описываемого участка простирается в северном направлении и проходит по водоразделу Пай-Хойского хребта (высота 328м) между бассейнами небольших рек бассейнов Карского и Баренцева морей к т.155, в которой граница водохозяйственного участка 15.01.00.001 замыкается. С низкогорных водоразделов Полярного Урала граница спускается на хребет Пай-Хой с абсолютными высотами около 200 м. Водоразделы имеют плоскую с западинами поверхность. На всем протяжении участка границы развиты зональные тундровые ландшафты в сочетании с грядово-мочажинными и бугристыми болотами."""
"""Бассейны рек Охотского моря от южной границы бассейна р. Тахтаяма до северо-восточной границы бассейна р. Иня""","""Водохозяйственный участок 19.10.00.002 охватывает бассейны рек Охотского моря от южной границы бассейна р. Тахтояма до северо-восточной границы бассейна р. Иня и расположен в Магаданской области и Хабаровском крае. Площадь водохозяйственного участка составляет 82,0 тыс. км2. От т.19026 примыкания к береговой линии Охотского моря границы с водохозяйственным участком 19.10.00.001 (Бассейны рек Охотского моря от западной границы бассейна р. Пенжина до южной границы бассейна р. Тахтаяма) граница следует на юг вдоль береговой линии зал. Шелихова, огибает п-ов Пьягина (т.19027) на береговой линии Охотского моря на мысе Толстой, проходит через т.849 на мысе Алевина, затем идет по берегу Тауйской губы, пересекает административную границу между Магаданской областью и Хабаровским краем (т.850) и доходит до водораздельной точки т.851 - точки примыкания к береговой линии Охотского моря границы водохозяйственных участков 20.01.00.001 (Бассейны рек Охотского моря от северо-восточной границы бассейна р. Иня до границы бассейна р. Уда) и 19.10.00.002 Основные реки, впадающие в моря на рассматриваемом отрезке границы: Яма, Ола, Армань, Яна, Тауй. Практически на всем протяжении рассматриваемого участка границы к побережью довольно близко подходят горные хребты, исключение составляет низменное побережье в начале участка (Ямская низменность). Ландшафтная структура территории относительно разнообразна. По низменным участкам побережья широко распространены кочкарные, грядово-мочажинные болота в сочетании с осоково-разнотравными лугами. Хорошо дренированные нижние части склонов, конусы выноса малых рек, сухие морские террасы заняты типичной «кедротундрой». В южной части участка развиты ландшафты лиственничных редколесий в сочетании с зарослями кедрового стланика. Низины заняты болотами и лугами. От т.851 в северном направлении начинается сухопутная часть границы, которая, следуя по водоразделу бассейна р. Нюриченья (левый приток р. Иня) и р. Бувтыкан (левый приток р. Кава), проходит по Хейджанскому хребту с максимальными высотами 1338-1492 м, пересекает административную границу между Магаданской областью и Хабаровским краем (т.852) на водоразделе бассейнов р. Кава и Челомджа (граница с водохозяйственным участком 20.01.00.001), далее следует по административной границе до водораздельной т.796 на границе водохозяйственных участков 19.01.00.001 (Колыма от истока до Колымской ГЭС), 19.10.00.002 и 20.01.00.001. Большая часть поверхности покрыта редкостойными северотаежными лиственничными лесами, поднимающимися по склонам до высоты 1100-1200 м. В наземном покрове преобладают лишайники или кустарнички (брусника, вороника, богульник). От т.796 граница поворачивает на восток, проходит через водораздельную т.19002 схождения границ водохозяйственных участков 19.01.01.001, 19.01.01.002 (Колыма от Колымской ГЭС до впадения р. Сеймчан) и 19.10.00.002, далее через т.19006 схождения границ водохозяйственных участков 19.01.01.002, 19.10.00.001 и 19.10.00.002, поворачивает на юго-восток и замыкается в исходной т.19026. На этом отрезке граница разделяет верховья рек Тенке, Детрин, Малтан, Буюнда, Килгана, Бол. Купка (бассейн Колымы) и рек бассейна Охотского моря: рр. Хурэн, Яна,. Сеймкан, Армань, Ола, Яма, Тахтояма, Угулан. Для гор характерны резко расчлененные вершины, крутые склоны, узкие ущелья. Преобладают ландшафты горных кустарниковых, моховых и лишайниковых тундр и зарослей кустарников в сочетании с лиственничными редколесьями. Наиболее высокие водораздельные пространства лишены растительного покрова."""
"""Реки бассейна моря Лаптевых от мыса Прончищева до границы между Таймырским (Долгано-Ненецким) а.о. и Респ. Саха (Якутия) без р. Хатанга""","""Водохозяйственный участок 17.04.04.002 включает небольшие реки бассейна моря Лаптевых от мыса Прончищева до границы между Таймырским (Долгано-Ненецким) автономным округом и Республикой Саха (Якутия) без р. Хатанга. Водохозяйственный участок расположен на территории Таймырского (Долгано-Ненецкого) автономного округа и, частично, Республики Саха (Якутия). Площадь водохозяйственного участка составляет 79 тыс. км2. Водохозяйственный участок состоит из двух частей. Западная часть охватывает бассейны рек полуострова Таймыр от мыса Прончищева до устья р. Хатанга. Восточная часть участка включает реки восточного побережья Хатангского залива от устья р. Хатанга до границы между Таймырским (Долгано-Ненецким) а.о. и Респ. Саха (Якутия). Западная часть водохозяйственного участка начинается от т.667 в месте впадения р. Хатанга в Хатангский залив моря Лаптевых. Отсюда граница следует на запад до т.17042 схождения границ водохозяйственных участков 17.03.00.001 (Нижняя Таймыра (вкл. оз. Таймыр) и другие реки бассейна Карского от западной границы бассейна р. Каменная до мыса Прончищева), 17.04.04.001 (Хатанга от слияния Хеты и Котуя до устья) и 17.04.04.002, затем поворачивает на северо-восток и огибает бассейн оз. Таймыр, поворачивает на северо-запад пересекает восточную оконечность гор Бырранга и выходит на равнинную территорию Берега Прончищева к береговой линии моря Лаптевых (т.666). В пределах Северо-Сибирской низменности представлены кустарниковые и пятнистые тундры. Ландшафты прибрежной зоны представлены арктической тундрой, защищенные от холодных ветров пространства покрыты луговинами из осоки, пушицы, злаков и разнотравья. От т.666 на мысе Прончищева граница следует на юго-восток вдоль береговой линии моря Лаптевых, проходит залив Фаддея (т.665), огибает п-ов Таймыр, следует вдоль береговой линии Хатангского залива, проходит через точку впадения р. Бол. Балахня в Хатангский залив моря Лаптевых (т.677) и следует до точки впадения (т.667) р. Хатанга в Хатангский залив моря Лаптевых. В ландшафте прибрежной зоны типичны полигональные и пятнистые тундры, по мере продвижения на юг появляются луговины со стелющейся полярной ивой, осокой, разнотравьем. Восточнаячастьводохозяйственногоучастканачинаетсяотт.667вместевпаденияр.Хатанга в Хатангский залив моря Лаптевых. Отсюда граница проходит в северо-восточном направлении по побережью Хатангского залива до т.890 на границе с водохозяйственным участком 18.01.00.001 (Реки бассейна моря Лаптевых (включая р. Анабар) от восточной границы бассейна р. Тикян-Юрях на западе до границы бассейна р. Оленек на востоке) на границе между Таймырским (Долгано- Ненецким) автономным округом и Республикой Саха (Якутия). Далее граница участка отходит от побережья, огибает в юго-восточном направлении бассейн р. Тикян-Юрях, поворачивает на юго- запад к т.682 схождения границ водохозяйственных участков 17.04.04.002, 17.04.03.001 (Попигай) и 18.01.00.001, после чего в западном направлении замыкается в исходной точке в месте впадения р. Хатанга в Хатангский залив моря Лаптевых (т.667). Как и в предыдущем случае, ландшафты прибрежной зоны представлены главным образом полигональными и пятнистыми тундрами."""
"""Уфа от Нязепетровского г/у до Павловского г/у без р.Ай""","""Водохозяйственный участок 10.01.02.011 включает среднюю часть бассейна р. Уфа между двумя гидроузлами на территориях Свердловской, Пермской и Челябинской областей и Республикой Башкортостан: Нязепетровским и Павловским с замыкающим створом в т.10078. Площадь водохозяйственного участка составляет 29,1 тыс. км2. От точки замыкающего створа граница участков 10.01.02.011 и 10.01.02.012 (Уфа от Павловского г/у до в/п пгт. Шакша) простирается на северо-запад до т.10079, в которой сходятся границы водохозяйственных участков 10.01.02.011, 10.01.02.012 и 10.01.02.016 (Белая от г. Бирск до устья). Далее граница участков 10.01.02.011 и 10.01.02.016 следует на север по водоразделу бассейнов рр. Уфа и Быстрый Танып через границу Пермской области и Республики Башкортостан в точку 10080, далее до рядом расположенных точек 10081 и 10022 к востоку и западу от р. Тулва, которые обозначают схождение границ водохозяйственных участков 10.01.01.010 (Ай), 10.01.02.011, 10.01.02.016 и 10.01.01.008 (Сылва), 10.01.01.010, 10.01.02.011 соответственно. Здесь граница участков 10.01.01.008 (Сылва) и 10.01.02.011 уходит на юго-восток и, огибая верховья бассейна р. Ирень, поворачивает на северо-восток, пересекает границу областей Пермская и Свердловская в т.337 и продолжается по водоразделу бассейнов рр. Бисерть и Вогулка до т.336 - точки схождения границ водохозяйственных участков 10.01.01.006 (Чусовая от г. Ревда до в/п пгт. Кын), 10.01.01.008 и 10.01.02.011 в верховьях р. Сылва. Далее граница участков 10.01.02.011 и 10.01.01.006 идет на юго-восток, разделяя верховья р. Бисерть и бассейн р. Утка, и доходит до двух рядом расположенных точек схождения границ участков. Более северная т.10015 - точка схождения границ водохозяйственных участков 10.01.01.005 (Чусовая от истока до г. Ревда без р. Ревда (от истока до Новомариинского г/у)), 10.01.01.006 и 10.01.02.011, к юго-востоку от нее т.10012 - точка схождения границ водохозяйственных участков 10.01.01.004 (Ревда от истока до Новомариинского г/у), 10.01.01.005 и 10.01.02.011. От т.10012 граница участков 10.01.02.011 и 10.01.01.004 следует на юг вдоль бассейна р. Ревда до еще двух точек: т.10011 (точка схождения границ водохозяйственных участков 10.01.01.004, 10.01.01.005 и 10.01.02.011) и южнее - т.10072 (точка схождения границ водохозяйственных участков 10.01.01.005, 10.01.02.009 (Уфа от Долгобродского г/у до Нязепетровского г/у) и 10.01.02.011). Далее граница поворачивает на юго-запад вдоль водораздела бассейна р. Няза и правых притоков р. Ревда через т.10071 в створе Нязепетровского г/у, огибает бассейн р. Суроям и достигает т.10073, где сходятся границы водохозяйственных участков 10.01.02.009, 10.01.02.010 (Ай) и 10.01.02.011. От этой точки граница участков 10.01.02.011 и 10.01.02.010 направляется на северо-запад по водоразделу рр. Ик, Бол.Ик и Серга, затем пересекает административные границы Челябинской области, Республики Башкортостан, Свердловской области и Республики Башкортостан (т.10075), поворачивает на юго-запад по водоразделу рр. Ока и Уфа и пересекает границу Свердловской области и Республики Башкортостан (т.10074). Дальнейшее направление границы на юго-восток совпадает с водоразделом бассейнов рр. Ай и Юрюзань до пересечения границы Республики Башкортостан и Челябинской области в точках 10077 и 10076 (у г. Бакал). В том же направлении граница участка приходит в т.321 - точку пересечения границы между Челябинской обл. и Республикой Башкортостан вблизи точки схождения границ водохозяйственных участков 10.01.02.010, 10.01.02.011 и 12.01.00.001 (Урал от истока до Верхнеуральского г/у). К юго-западу расположена еще одна точка схождения границ участков - т.10046 (участки 10.01.02.001, 10.01.02.011 и 12.01.00). Затем граница в юго-западном направлении по водоразделу бассейнов рр. Юрюзань и Белая достигает т.10045 - точки схождения границ водохозяйственных участков 10.01.02.001(Белая от истока до в/п Арский Камень), 10.01.02.006 и 10.01.02.011. Далее граница между участками 10.01.02.006 и 10.01.02.011 направляется на северо-запад, извиваясь между истоками рр. Мал.Инзер, Тюльмень, Катав, Лемеза до т.10065 на границе между Челябинской обл. и Республикой Башкортостан. По водоразделу бассейнов рр. Юрюзань и Сим граница, слегка отклоняясь в северо-западном направлении и, проходя через т.10064 - точку схождения границ водохозяйственных участков 10.01.02.006, 10.01.02.011 и 10.01.02.012 вблизи пересечения границы между Челябинской обл. и Республикой Башкортостан, идет до замыкающего створа - т.10078."""
"""Нугуш от истока до Нугушского г/у""","""Водохозяйственный участок 10.01.02.003 включает часть бассейна р. Нугуш с замыкающим створом на р. Нугуш в створе Нугушского г/у в т.10053. Площадь водохозяйственного участка составляет 3,0 тыс. км2. От точки замыкающего створа граница участков 10.01.02.003 и 10.01.02.004 (Белая от Юмагузинского г/у до г. Салават без р. Нугуш (от истока до Нугушского г/у)), следует на север по водоразделу рр. Урюк и Тор до т.10054 - точки схождения границ водохозяйственных участков 10.01.02.003, 10.01.02.004 и 10.01.02.007 (Белая от г. Стерлитамак до в/п с. Охлебино без р. Сим), затем плавно огибает в восточном направлении верховья рр. Ямаш, Урюк, истоки р. Бол.Шишиняк и у истока р. Бол.Нугуш приходит в точку (10050) схождения границ водохозяйственных участков 10.01.02.002 (Белая от в/п Арский Камень до Юмагузинского г/у), 10.01.02.003 и 10.01.02.007. От этой точки граница участков 10.01.02.002 и 10.01.02.003 резко уходит на юг по водоразделу р. Белая и р. Нугуш до верховьев р. Кужа, затем, повернув на юго-запад вдоль водораздела рр. Белая и Кужа, приходит в т.10049, где вблизи замыкающего створа в т.10053 сходятся границы водохозяйственных участков 10.01.02.002, 10.01.02.003 и 10.01.02.004."""
"""Бассейны рек Чукотского моря""","""Водохозяйственный участок 19.03.00.001 охватывает территорию бассейнов рек Чукотского моря и целиком расположен на территории Чукотского автономного округа. Площадь водохозяйственного участка составляет 92,3 тыс. км2. От т.808 примыкания к береговой линии у м. Якан на пролива Лонга (граница Восточно- Сибирского моря) границы с водохозяйственным участком 19.02.00.001 (Бассейны рек Восточно- Сибирского моря от восточной границы бассейна р. Колыма до границы бассейна Чукотского моря) граница участка следует в юго-восточном направлении вдоль береговой линии Чукотского моря, пересекая устья небольших и средних рек (Кывэнвын, Еккисун), Эквыватап, Эмувеем, Иультинка, Вешкап, Амгуэма, Ванкарем), до т.812 (береговая линия Чукотского моря на мысе Онман), затем граница огибает Колючинскую губу, следует по берегу Чукотского моря до т.813 (береговая линия Чукотского моря на мысе Наттан), пересекая на этом участке устья рек Эргувеем и Ионивеем, и далее, огибая мысы Сердце-Камень и Уникын и пересекая устья рек Чегитун, Уттэвеем, Кооленвеем, доходит до самой восточной точки территории России - мыса Дежнева - т.814 (примыкание к береговой линии Берингова пролива на мысе Дежнева границы с водохозяйственным участком 19.04.00.001). Приморская территория занята Ванкаремской низменностью, испещренной болотами и термокарстовыми озерами, прибрежные участки которой нередко представляют собой лагуны и заливы. Ландшафты представлены арктическими мохово-лишайниковыми и травянисто- кочкарными тундрами с вкраплениями приморских лугов и долинных ивняков. В конце отрезка границы рельеф прибрежной местности повышается до плоскогорья с абсолютными высотами 200-400 м, в районе м. Уникын находится гора Вэлькыль (727 м), на мысе Дежнева отметки высот достигают 740 м. В горах господствуют ландшафты холодной пустыни, занимающей междуречья выше 120-150 м. Изредка встречаются куртинки накипных и корковых лишайников, отдельные представители травянистых и кустарничковых видов. Ниже склоны заняты бороздчатой кустарничково-лишайниковой тундрой. На морских террасах развиты кустарничково-травянистые тундры. От т.814 граница водохозяйственного участка отходит от побережья и простирается в западном направлении по водоразделу бассейна р. Кооленьвеем, огибает верховья р. Чегитун, проходит через т.815 на водоразделе бассейнов р. Кэльэнгыр и Омканайваам, делает петлю в северном направлении, огибая по хребту Гэнканый верховья бассейна р. Игэльвеем (т.816 водораздел бассейнов р. Игэльвеем и Арэнайваам), затем петлю в обратном направлении в верховья р. Ионивеем, проходит через т.817 на водоразделе бассейнов р. Чаатамье и Ионивеем, после чего поворачивает на северо-запад и проходит по Чукотскому нагорью через т.818 на водоразделе бассейнов р. Лынгатгыргаваам и Эргувеем. Следуя далее в западном направлении, граница выходит на хр. Искатень, разделяет бассейны рек Вэльмай, левых притоков р. Амгуэма и Конэнмывеем, Канчалан, Тнэквеем и доходит до т.819 – точки схождения границ водохозяйственных участков 19.03.00.001, 19.04.00.001 (Бассейны рек Берингова моря от мыса Дежнева до северо-восточной границы бассейна р. Анадырь) и 19.05.00.002 (Анадырь от впадения р. Майн до устья). Абсолютные высоты от нулевых отметок побережья постепенно возрастают до 400-600 м, а на водоразделах Чукотского нагорья достигают высоты 1169 м. Приморский участок границы занят арктическими мохово-лишайниковыми и травянисто-кочкарными тундрами с вкраплениями приморских лугов, при подъеме в горы они сменяются горными тундрами На наиболее высоких вершинах гор господствуют ландшафты холодной пустыни, ниже распространены пятнистые кустарничково-лишайниковые тундры. Следуя от т.819 в северном направлении по водоразделу бассейнов рек Танюрер и Вульвывеем, граница проходит водораздельную точку т.810 схождения границ водохозяйственных участков 19.02.00.001, 19.03.00.001 и 19.05.00.002, пересекает Паляваимский, Пегтымельский и Эквыватапский хребты, разделяя бассейны рек Восточно-Сибирского моря: рр. Паляваам, Пегтымель, Кувет и бассейны рек Чукотского моря: рр. Кывэквын, Чантальвэргыргын, Эквыватап, и замыкается в т.808 на побережье Чукотского моря на мысе Якан. По мере приближения к побережью Восточно-Сибирского моря среднегорный рельеф (отметки высот от 700 до 900 м) Паляваимского, Пегтымельского и Эквыватапского хребтов сменяется равнинным и далее на побережье -низменным."""
"""Реки западного участка бассейна Обской губы""","""Водохозяйственный участок 15.02.03.003 включает небольшие реки п-ва Ямал бассейна Обской губы от северо-западной границы бассейна р. Обь до мыса Скуратова. Водохозяйственный участок полностью расположен на территории Ямало-Ненецкого автономного округа. Площадь водохозяйственного участка составляет 47 тыс. км2. От т.523 на северо-восточной оконечности полуострова Ямал у мыса Поелава граница водохозяйственного участка следует на юг и идет по побережью залива Обская губа Карского моря, пересекая устья рек Хабэияха, Тамбей, Сабеттаяха, Вэнуйеуо, Сэръяха, Турмаяха, Сеяха (т.524). Далее граница продолжается по линии побережья Обской губы на юг, пересекая устья рек Лекатосе, Сабыяха, Нурмаяха, до мыса Каменный (т.525). От мыса Каменный (т.525) граница идет на юго-запад по побережью Обской губы Карского моря, пересекая устья рек Сетная, Нгояха, Паетояха и Яхадыяха (т.526), где сходятся границы водохозяйственных участков 15.02.03.002 (Обь от г. Салехард до устья) и 15.02.03.003. Прибрежная территория всего участка границы, следующего вдоль побережья полуострова Ямал, представляет собой низменную заболоченную равнину с множеством озер и мелких рек, относящуюся к Ямальской ландшафтной провинции Западной Сибири. Абсолютные высоты самых высоких отметок полуострова не превышают 100 м. Самую северную часть Ямала занимают арктические тундры, сменяющиеся к югу мохово-лишайниковыми и кустарниковыми тундрами. На прибрежных участках много травяных болот и зарослей полярной ивы. В т.526 граница участка отходит от побережья всеверо-западном направлении до т.516 на границе водохозяйственных участков 15.01.00.001 (Реки бассейна Карского моря от западной границы бассейна р. Бол. Ою до мыса Скуратова), 15.02.03.002 и 15.02.03.003, следует в восточном направлении, разделяя бассейны рек. Еркутаяха и Танловаяха (т.516), огибает водораздел вблизи оз. Ярото-1-е (т.515) и, поворачивая на север, идет через верховья р. Сабыяха (т.514), далее проходит по водоразделу между озерами Палтаута, Нейто и Ямбуто, Нейто 1-е, разделяет бассейны рек Вэнуияха и Надояха (т.513) и, следуя в северном направлении, примыкает к береговой линии Карского моря на мысе Скуратова на северо-западной оконечности полуострова Ямал (т.512). Рельеф всего участка границы, за исключением крайнего запада – низменная равнина. Характерны ландшафты тундр, заозеренных и заболоченных. На равнинах Ямала отчетливо выражены все подзоны тундры: арктическая, типичная и кустарниковая. В прибрежных участках и по водоразделам много болот. На юге преобладают ерниковые тундры, чередующиеся с крупными массивами бугристых болот."""
"""Курильские острова""","""Водохозяйственный участок 20.05.00.003 охватывает Курильские острова, которые простираются от южной оконечности Камчатки в юго-западном направлении до острова Хоккайдо и являются естественной границей между Охотским морем и Тихим океаном. Водохозяйственный участок целиком расположен на территории Сахалинской области, площадь водохозяйственного участка составляет 15,6 тыс. км2. Граница водохозяйственного участка проходит по береговой линии островов. Большая Курильская гряда, протянувшаяся на 1200 км, включает около 30 островов, в том числе наиболее крупные - Парамушир, Онекотан, Симушир, Уруп, Итуруп, Кунашир. Глубокие проливы Крузенштерна и Буссоль делят Большую гряду на 3 группы островов: северную (о-ва Шумшу, Ала- ид, Парамушир, Ширинки, Маканруши, Авось, Онекотан, Харимкотан, Чиринкотан, Экарма, Шиаш- котан, группа скал Ловушки), среднюю (о-ва Райкоке, Матуа, Расшуа, группы островов Среднего и Ушишир, Квтой, Симушир) и южную (Броутона, Чёрные Братья, Уруп, Итуруп и Кунашир). Каждый остров — вулкан, фрагмент вулкана или цепочка вулканов, слившихся подножиями или разделённых низменными перешейками. Юго-восточнее о. Кунашир, отделенная Южно-Курильским проливом, лежит Малая Курильская гряда, протяженностью около 100 км, в ее составе о. Шикотани группа малых островов. Рельеф территории водохозяйственного участка гористый, с преобладающими высотами 500—1000 м, максимальная высота гор — 2339 м (г. Алаид), равнинны только о. Шумшу и плоские острова Малой Курильской гряды. Берега большей частью обрывистые или террасированные, на перешейках низкие песчаные, хорошо укрытых бухт мало. Крупные острова изрезаны многочисленными реками и ручьями (некоторые из них минерализованы). Много озёр, в том числе кратерных, подпруженных лавами и лагунных. Некоторые мелкие острова безводны. Растительность северных и части средних островов сходна с камчатской (ольхово-рябиновое криволесье, кедровый стланик, шикша). На о. Кетой и к югу от него распространено криволесье из каменной берёзы с курильским бамбуком, выше — кедровый и ольховый стланики. Этот же тип растительности характерен для части южных островов (Уруп, Медвежий полуостров на о. Итуруп). На юго-западе появляются елово-пихтовые и широколиственные леса с лианами и мощным бамбучником в подлеске, местами редколесье из курильской лиственницы. На плоских островах Малой гряды преобладают луга и болота"""
"""Реки пролива Невельского и бассейна Японского моря от мыса Лазарева до северной границы бассейна р.Самарга""","""Водохозяйственный участок 20.04.00.001, вытянутый субмеридионально вдоль юго- восточного побережья РФ, охватывает бассейны рек, впадающих в Татарский пролив Японского моря на участке от мыса Лазарева до устья р. Самарга. Наиболее крупными реками на территории водохозяйственного участка являются Тумнин, Копи, Ботчи, берущие начало в горах Сихотэ-Алиня. Водохозяйственный участок практически целиком расположен на территории Хабаровского края, лишь на самом юге его граница проходит по территории Приморского края, площадь водохозяйственного участка составляет 43,5 тыс. км2. В соответствии с Реестром опорных точек описание границы водохозяйственного участка 20.04.00.001 начинается от т.861 - точки примыкания границы между водохозяйственными участками 20.04.00.001 и 20.03.09.003 (Реки бассейна Охотского моря от границы бассейна р. Уда до мыса Лазарев без р. Амур) к береговой линии Татарского пролива. Далее граница следует в южном направлении вдоль береговой линии Татарского пролива Японского моря, пересекая границу между Хабаровским и Приморским краем (т.905), до границы водохозяйственных участков 20.04.00.001 и 20.04.00.002 (Реки бассейна Японского моря от северной границы бассейна р. Самарга до восточной границы бассейна р. Партизанская) – т.20037. Побережье представляет собой неширокую низменную заболоченную, местами закустаренную полосу. Территория участка границы расчленена долинами впадающих на этом участке в море рек Тумнин, Коппи, Ботчи. В т.20037 граница водохозяйственного участка отходит от береговой линии, поворачивает на северо-запад и следует близко к административной границе между Хабаровским и Приморским краями по водоразделу бассейнов рек Самарга и Батчи, пересекая эту административную границу в т.862 на водоразделе бассейнов р. Коппи и Анюй вблизи точки схождения границ водохозяйственных участков 20.03.09.001 (Амур от г. Хабаровск до г. Комсомольск-на-Амуре), 20.04.00.001 и 20.04.00.002. Здесь граница водохозяйственного участка поворачивает на северо- восток, проходит по водоразделу верховьев рек Анюй (20.03.09.001) и Коппи (т.200350), далее по водоразделу рек Гур и Тумнин до точки схождения границ водохозяйственных участков 20.03.09.001, 20.03.09.002 (Амур от г. Комсомольск до устья без р. Амгунь) и 20.04.00.001 – т.20034. В этой точке граница водохозяйственного участка, огибая верховья р. Тумнин, поворачивает на восток и по хребту Коми следует по водоразделу рек Яй и Чичамар (т.20036), затем, огибая верховья р. Муты (20.03.09.002), спускается к побережью Татарского пролива, далее поворачивает на северо-запад, проходит по отрогам Сихотэ-Алиня, поворачивает на северо-восток, огибает бассейн озера Бол.Кизи, вновь уходит на северо-запад, проходит точку схождения границ водохозяйственных участков 20.03.09.002, 20.03.09.003 и 20.04.00.001 и замыкается в т.861. На склонах Сихотэ-Алиня господствуют елово-пихтовые леса, занимающие все горные склоны, начиная от уровня моря до верхних частей гор (т.е. до 1000-1400 м абс.), занятых зарослями кедрового стланика и горной тундрой; значительное распространение получают здесь также восточносибирские леса из лиственницы даурской."""
Ик,"""Водохозяйственный участок 10.01.01.013 включает бассейн р. Ик - притока Нижнекамского в-ща до расчетного замыкающего створа в устье реки - т.10036. Площадь водохозяйственного участка составляет 18,0 тыс. км2. От точки замыкающего створа граница участков 10.01.01.013 и 10.01.01.014 (Кама от Воткинского г/у до Нижнекамского г/у без рр. Буй (от истока до Кармановского г/у), Иж, Ик и Белая), направляясь на юг, сравнительно быстро приходит в т.10037 - точку схождения границ водохозяйственных участков 10.01.01.013, 10.01.01.014 и 10.01.02.016 (Белая от г. Бирск до устья), после которой принимает юго-западное направление и идет по водоразделу бассейнов рр. Ик и Сюнь в т.340, где пересекает административную границу между Республиками Башкортостан и Татарстан. Затем граница участка, огибая бассейн р. Усень, уходит сначала на восток до т.10038, где сходятся границы водохозяйственных участков 10.01.01.013, 10.01.02.015 (Белая от г. Уфа до г. Бирск) и 10.01.02.016, затем вновь поворачивая на юг и, разделяя бассейны рр. Черемсан и Усень, достигает т.10039 - точки схождения границ водохозяйственных участков 10.01.01.013, 10.01.02.013 (Дема от истока до в/п д. Бочкарева) и 10.01.02.015 вблизи оз. Аспикуль. Далее граница участков 10.01.01.013 и 10.01.02.013 простирается на юг и плавно поворачивает на юго-запад, огибая верховья бассейна р. Ик и пересекая в т.339 границу между Оренбургской обл. и Республикой Башкортостан. В т.329 граница приходит к месту схождения водохозяйственных участков 10.01.01.013, 10.01.02.013 и 11.01.00.008 (Бол.Кинель без р. Кутулук от истока до Кутулукского г/у). От этой точки граница участка идет на северо-запад и у истока р. Кандыз приходит в т.11020 - точку схождения границ водохозяйственных участков 10.01.01.013, 11.01.00.006 (Сок) и 11.01.00.008, а далее на северо-запад - в т.10019 - точку схождения границ водохозяйственных участков 10.01.01.013, 11.01.00.002 (Шешма) и 11.01.00.006. К северу от нее рядом расположенная т.330 является точкой пересечения границ Республики Татарстан, Оренбургской и Самарской обл., а также точкой схождения границ водохозяйственных участков 10.01.01.013, 10.01.01.015 (Кама от Нижнекамского г/у до устья без р. Вятка) и 11.01.00.002. Отсюда граница участков 10.01.01.013 и 10.01.01.015, огибая в восточном направлении верховья р. Зай, поворачивает на север и по водоразделу рр. Ик и Зай достигает т.10040, в которой сходятся границы водохозяйственных участков 10.01.01.013, 10.01.01.014 и 10.01.01.015. Далее граница, плавно поворачивая на северо-восток по водоразделу рр. Ик и Мензеля, приходит к замыкающему створу - т.10036."""
"""Печора от в/п Усть-Цильма до устья""","""Водохозяйственный участок 03.05.03.002 охватывает нижнюю часть бассейна р. Печора от в/п Усть-Цильма до устья. Водохозяйственный участок расположен на территории Республики Коми и Ненецкого а.о. Площадь водохозяйственного участка составляет 74 тыс. км2. В т.126 граница участка примыкает к береговой линии Печорской губы Баренцева моря на западной окраине дельты р. Печора на границе с водохозяйственным участком 03.04.00.001 (Реки бассейна Баренцева моря от мыса Канин Нос до границы бассейна р. Печора). Отсюда граница участка проходит по береговой линии Печорской губы вдоль заболоченной прибрежной равнины Захаркин берег по обширной дельте р. Печора с несколькими крупными протоками, пересекает устье основного русла р. Печора и подходит к т.129 на границе с водохозяйственным участком 03.06.00.001 (Реки бассейна Баренцева моря от восточной границы бассейна р. Печора до восточной границы бассейна р. Бол. Ою). Здесь заканчивается морской участок границы. От т.129 граница поворачивает на юг, затем по водоразделу рек черная и Шапкина (в бассейне Печоры) делает поворот на восток и подходит в северной оконечности гряды Хальмермусюр к водоразделу в т.130 – точке схождения границ водохозяйственных участков 03.06.00.001, 03.05.02.001 (Уса) и 03.05.03.002 и немного южнее в т.3039 – точку схождения границ водохозяйственных участков 03.05.03.001 (Печора от впадения р. Уса до в/п Усть-Цильма), 03.05.02.001 и 03.05.03.002. Абсолютные высоты от нулевой отметки морского побережья возрастают до 150 м, геоморфологические условия характеризуются морскими террасами с наличием выположенных грядовых возвышенностей – мусюров. Граница проходит по заболоченной Большеземельской мохово-кустарничковой тундре с широким развитием термокарста. Повернув на юго-запад, граница участка пересекает административную границу Респ. Коми и Ненецкого а.о. в т.3042, а в т.3041 делает петлю в западном направлении на водоразделе рр. Бол. Мутная и черная. После этого в юго-западном направлении граница достигает верхний створ участка на р. Печора в т.3040, пересекает р. Печора и приходит в т.3028 – точку схождения границ водохозяйственных участков 03.03.00.001 (Мезень от истока до в/п д. Малонисогорская), 03.05.03.002 и 03.05.03.001, затем в т.3032 – точку схождения границ водохозяйственных участков 03.03.00.002 (Мезень от в/п д. Малонисогорская до устья), 03.03.00.001 и 03.05.03.002. Отсюда граница идет на север вблизи административной границы между Архангельской обл. и Республикой Коми - т.122, а несколько севернее этой точки в т.121 сходятся границы водохозяйственных участков 03.03.00.002, 03.04.00.001 и 03.05.03.002. Далее в т.128 граница участка пересекает административную границу между Архангельской обл. и Ненецким а.о., затем проходит по северным отрогам Тиманского кряжа, поворачивает на восток, оконтуривает с юга бассейн р. Индига, разделяя его с бассейном р. Сула (т.127), поворачивает на север, огибает с севера верховья р. Сойма, поворачивает на восток, а затем плавно на северо-восток, следует по Ненецкой гряде по водоразделу реки Нерута и оз. Голодная Губа до начала морской границы бассейна Печоры и точки замыкания – т.126. Абсолютная высота от 250 м на возвышенностях Тиманского кряжа снижается до нулевой отметки побережья. Увалисто-грядовый рельеф с плоскими междуречьями сменяется низменными морскими равнинами. Большую часть территории занимают ландшафты кустарничковой и лишайниковой Малоземельской тундры. Плоские междуречья частот заняты бугристыми или грядово-мочажинными болотами, характерны термокарстовые озера."""
"""Бассейны рек средней и северной части оз.Байкал от восточной границы бассейна р.Ангара до северо-западной границы бассейна р.Баргузин""","""Водохозяйственный участок 16.04.00.001 охватывает бассейны рек средней и северной части оз. Байкал от восточной границы бассейна р. Ангара до северо-западной границы бассейна р. Баргузин. Наиболее крупной рекой, впадающей в Байкал на этом участке, является р. Верхняя Ангара. Водохозяйственный участок расположен на территории Иркутской области и Республики Бурятия. Площадь водохозяйственного участка составляет 47 тыс. км2. В соответствии с Реестром опорных точек описание границы водохозяйственного участка 16.04.00.001 начинается от т.574, расположенной на береговой линии оз. Байкал в месте истока р. Ангара. Эта точка является точкой схождения границ водохозяйственных участков 16.01.01.001 (Иркутское в-ще, включая оз. Байкал и р. Ангара от истока до Иркутского г/у), 16.04.00.001 и 16.02.00.001 (Бассейны рек южной части оз. Байкал в междуречье рек Селенга и Ангара). От т.574 граница водохозяйственного участка идет на северо-восток через водораздел (т.16002) водохозяйственных участков 16.01.01.001, 16.01.01.004 (Ангара от Иркутского г/у до впадения р. Белая без рр. Иркут, Китой) и 16.04.00.001, пересекает в тт.573 и 572 административную границу между Иркутской областью и Усть-Ордынским Бурятским автономным округом. В т.572 сходятся границы водохозяйственных участков 16.01.01.004, 16.04.00.001 и 18.03.01.001 (Лена от истока до г. Усть-Кут). Отсюда граница поднимается на Приморский хребет, нависающий над самым берегом оз. Байкал, и идет по нему, обходит верховья р. Верх. Иликта (т.601), далее следует по Байкальскому хребту, проходит точку (т.18009) схождения границ водохозяйственных участков 18.03.01.001, 18.03.01.002 (Лена от г. Усть-Кут до г. Киренск) и 16.04.00.001, далее пересекает в т.602 административную границу между Иркутской областью и Республикой Бурятия и проходит водораздел (т.18013) водохозяйственных участков 18.03.01.002, 18.03.01.004 (Лена от г. Киренск до впадения р. Витим) и 16.04.00.001. Затем, огибая верховья реки Кичера, граница поворачивает на восток, проходит по хребту Унгар через водораздел (т.603) водохозяйственных участков 18.03.01.004, 18.03.02.005 (Витим от г. Бодайбо до устья без р. Мамакан (от истока до Мамаканской ГЭС) и 16.04.00.001, вновь поворачивает на северо-восток, проходит на Верхнеангарском хребте точку схождения (т.18028) границ водохозяйственных участков 18.03.02.004 (Мамакан от истока до створа Мамаканской ГЭС), 18.03.02.005 и 16.04.00.001, пересекает в этой точке границу между Иркутской областью и Республикой Бурятия, идет близ этой границы до т.604, являющееся водоразделом водохозяйственных участков 18.03.02.003 (Витим от в/п с. Спицино до г. Бодайбо), 18.03.02.004 и 16.04.00.001. От верховий р. Улькан и до т.602 граница участка практически совпадает с административной границей между Иркутской областью и Республикой Бурятия. В т.604 граница, разделяя верховья рек Верх.Ангара и Мамакан, делает петлю и поворачивает на юго-запад, проходит на Южно-Муйском хребте водораздел (т.18023) водохозяйственных участков 18.03.02.002 (Витим от в/п с. Калакан до в/п с. Спицино), 18.03.02.003. и 16.04.00.001, поворачивает на запад, выходит на Баргузинский хребет к точке схождения (т.16058) границ водохозяйственных участков 18.03.02.002, 16.04.00.001 и 16.04.00.002 (Бассейны рек средней части оз. Байкал от северо-западной границы бассейна р. Баргузин до северной границы бассейна р. Селенга), затем уходит на юго-запад по Баргузинскому хребту и спускается к береговой линии оз. Байкал в точке схождения границ водохозяйственных участков 16.01.01.001, 16.04.00.001 и 16.04.00.002 – т.16003. Далее граница (ее внутренняя часть) водохозяйственного участка идет по береговой линии оз. Байкал, огибая его с севера, и замыкается в исходной т.574. Высокие водоразделы характеризуются господством горных лиственничных и лиственнично- кедровых лесов, на вершинных участках распространены горные тундры и разреженная растительность гольцов, Внутренняя часть границы водохозяйственного участка от т.16003 до т.574 проходит по берегу оз. Байкал. На этом участке к берегу близко подходят залесенные отроги Баргузинского и Байкальского хребтов, расчлененные многочисленными долинами коротких рек, впадающих в Байкал."""
"""Северная Сосьва""","""Водохозяйственный участок 15.02.02.001 полностью включает весь бассейн р. Северная Сосьва. Водохозяйственный участок целиком расположен на территории Ханты-Мансийского автономного округа. Площадь водохозяйственного участка составляет 98,3 тыс. км2. От места впадения р. Северная Сосьва в р. Малая Обь – наиболее крупную протоку Оби в этом месте (т.527) - схождение границ водохозяйственных участков 15.02.01.001 (Обь от впадения Иртыша до впадения р. Северная Сосьва), 15.02.02.001 и 15.02.03.001 (Обь от впадения р. Северная Сосьва до в/п г. Салехард) граница бассейна Северной Сосьвы проходит по водоразделу бассейнов рек Северная Сосьва и Малая Обь на юг мимо места слияния Малой и Северной Сосьвы (т.530), далее по водоразделу р. Малая Сосьва и бассейнов мелких притоков р. Обь через точку т.529 в верховьях р. Няргиюган и, огибая верховья р. Нягиньегон, достигает водораздела в точке т.475, в которой сходятся границы водохозяйственных участков 14.01.06.001 (Конда), 15.02.01.001 и 15.02.02.001. От этой точки граница простирается в западном направлении, разделяя бассейны рек Эсс, Конда и Малая Сосьва, до т.473 - схождение границ водохозяйственных участков 14.01.05.025 (Тавда от истока до устья без р. Сосьва от истока до в/п д. Морозково), 14.01.06.001 и 15.02.02.001 вблизи границы между Свердловской областью и Ханты-Мансийским автономным округом. От этой точки практически до замыкания (до т.531) граница бассейна р. Северная Сосьва проходит вблизи административной границы Ханты-Мансийского автономного округа с Свердловской областью до т.146, с Республикой Коми до т.140 и с Ямало-Ненецким автономным округом до т.531. Следуя по административной границе на северо-запад, граница бассейна проходит через верховья р. Пелым в т.472. Далее граница бассейна проходит по Северососьвинской возвышенности, затем поднимается по восточным отрогам хребта Поясовый Камень, и подходит к водораздельной точке (т.146) схождения границ водохозяйственных участков 03.05.01.001 (Печора от истока до в/п. Шердино), 14.01.05.025 и 15.02.02.001вблизи точки схождения границ Республики Коми, Ханты-Мансийского автономного округа и Свердловской области. Абсолютная высота местности вначале отрезка границы поднимается до 100 м, затем почти на всем его протяжении колеблется от 100 до 200 м и резко возрастает до 1000 м при подъеме на хребет Поясовый Камень. Характер ландшафтов определяется условиями увлажнения. На восточных участках границы на дренированных поверхностях – среднетаежные темнохвойные леса из пихты, кедра и ели. На менее дренированных участках произрастают заболоченные сосновые леса, к югу встречаются участки березовых и осиновых лесов, среди которых в речных долинах имеются обширные луговые пространства. Значительная часть территории занята грядово-мочажинными болотами и сильно заозерена. При выходе на Северососьвинскую возвышенность заболоченная низменная равнина сменяется полосой невысоких возвышенностей и увалов со слабодренированными участками на междуречных плато. Этот участок расчленен сетью относительно глубоких долин рек. Здесь преобладают в той или иной степени заболоченные сосновые леса, сменяющиеся далее на юг березовыми или осиновыми лесами. Последний отрезок, проходящий по хребту Поясовый Камень, характеризуется типичным горным рельефом и проявлением высотной поясности. Светлохвойные лиственничные и сосновые леса с участками темнохвойной тайги поднимаются до высоты 500-700 м, выше распространены редколесья подгольцового типа, горные луга и тундра. От т.146 граница идет на север через водораздел бассейнов рек Няйс и Почерье(т.145 - схождение границ водохозяйственных участков 03.05.01.001, 03.05.01.002 - Печора от в/п Усть- Цильма до устья и 15.02.02.001) по горам Северного Урала, разделяя в бассейне р. Печоры бассейны рек Илыч, Укъю и рек Большая Сосьва, Манья, Лопсия в бассейне Оби, далее через водораздел бассейнов рек Ятрия и Волья (т.144), затем граница продолжается уже по Приполярному Уралу по водоразделу рек Большой Паток и Большая Сыня (бассейн Печоры) и рек Щекурья и Манья (бассейн Северной Сосьвы) до водораздела (т.143) на границе водохозяйственных участков 03.05.01.002, 03.05.02.001 (Уса) и 15.02.02.001. Далее граница поворачивает на северо-восток по водоразделу рек Вангыр и Народа до верховий рек Косью и Народа (т.142), огибает гору Народная (абсолютная отметка 1895 м) и уходит на северо-восток по горам Приполярного Урала по водоразделу р. Кожым (бассейн Печоры) и рек Малая Хосая и Балбанъю (бассейн Оби) до верховий р. Лемва (т.141). Абсолютные высоты постепенно возрастают от 550-690 м до 1400 м, соответственно изменяются и ландшафты - от низкогорных таежных до горно-таежных, выше на водораздельных хребтах они сменяются горными тундрами. В северной части множество мелких каровых и карово- долинных ледников, распространены каменные моря (курумы). Многие реки в истоках текут в меридиональном направлении, затем поворачивают в широтном направлении, перепиливают хребты в местах межгорных понижений и вновь текут в меридиональном направлении. От верховий реки Лемва граница идет в северо-восточном направлении по горам Приполярного Урала и Войкарсыньинскому массиву, разделяя бассейны рек Грубею и Пага (03.05.02) и рек Хулга и Мокрая Сыня (15.02.02) до схождения границ (т.140) водохозяйственных участков 03.05.02.001, 15.02.02.001 и 15.02.03.001 вблизи точки схождения границ Республики Коми, Ямало-Ненецкого и Ханты-Мансийского автономных округов., затем резко меняет направление на южное, проходит по водоразделу бассейнов рек Хулга, Кемпаж и Сыня до т.531 и, следуя дальше в восточном направлении, замыкается в т.527. Рельеф участка меняется от среднегорья с абсолютными отметками от 1400 м до равнинного и низменного в конце участка границы (17 м). В горах Приполярного Урала лес поднимается по склонам до высоты 500 м, древесный ярус в северной горной тайге разрежен и угнетен. Выше распространено лиственничное редколесье и тундровые формации в сочетании с лугами. Для равнинной части участка границы характерны северотаежные ландшафты лесной зоны, однако из-за значительного переувлажнения территории здесь широко представлены ландшафты гидроморфного ряда (различные типы болот, заболоченных лугов), на речных террасах произрастают сосновые боры, распространены также вторичные березовые леса."""
"""Большая Уссурка""","""Водохозяйственный участок 20.03.07.003 охватывает бассейн правого притока р. Уссури – р. Большая Уссурка, который составляет центральную часть водосбора Уссури. Река Большая Уссурка, один из наиболее крупных притоков р. Уссури, берет начало в пределах Центрального Сихотэ-Алиня, на западных склонах осевой части этого хребта и у г. Дальнереченск справа впадает в р. Уссури. Берега реки в верхнем течении очень крутые и даже обрывистые, чаще являются непосредственно опускающимися в воду отвесными скальными склонами сопок. В среднем и нижнем течении реки берега, чаще всего высотою 1.0-2.5 м, также обрывистые, но сложены рыхлым и суглинистыми и супесчанистыми грунтами. Основные притоки: реки Малиновка, Маревка, Дальняя, Перевальная, Арму, Колумбе. Территория водохозяйственного участка характеризуется большим ландшафтным разнообразием: пойменные ландшафты устьевой области Большой Уссурки сменяются ландшафтами гор на водоразделах Сихотэ-Алиня. Водохозяйственный участок расположен на территории Приморского края, площадь водохозяйственного участка составляет 29,6 тыс. км2 . В соответствии с Реестром опорных точек описание границы водохозяйственного участка 20.03.07.003 начинается от т.868, где р. Бол. Уссурка впадает в Уссури (расчетный створ) и сходятся границы водохозяйственных участков 20.03.07.003, 20.03.07.006 (Уссури от впадения р. Большая Уссурка до устья без рр. Бикин и Хор) и 20.03.07.002 (Уссури от истока до впадения р. Большая Уссурка без р. Сунгача). От устья Бол.Уссурки граница водохозяйственного участка идет на северо-восток, проходит водораздел (т.20021) водохозяйственных участков 20.03.07.004 (Бикин), 20.03.07.006 и 20.03.07.003. Следуя далее практически в том же направлении, граница водохозяйственного участка переходит на хребет Воголадза и по водоразделу бассейнов Бол.Уссурки и Бикина (20.03.07.004) поднимается на гребень Сихотэ-Алиня, где подходит к точке схождения границ водохозяйственных участков 20.03.07.004, 20.03.07.003 и 20.04.00.002 (Реки бассейна Японского моря от северной границы бассейна р. Самарга до восточной границы бассейна р. Партизанская) – т.20022. От этой точки граница поворачивает на юго-запад и по хребтам Сихотэ-Алиня следует до водораздела водохозяйственных участков 20.03.07.003, 20.03.07.002 и 20.04.00.002 (т.20018), разделяя бассейны рек Кема и Большая Уссурка. В т.20018 граница водохозяйственного участка поворачивает на северо-запад, пересекает хребты горной системы Сихотэ-Алиня и по отрогам хребта Синий подходит к точке замыкания (т.868). На протяжении границы пойменные луговые и лугово-болотные ландшафты сменяются залесенными низкогорьями, высокие водоразделы Сихотэ-Алиня характеризуются сложной высотной поясностью, где темнохвойные и темнохвойно-широколиственные леса сменяются на наиболее высоких участках кедровым стлаником либо гольцовыми вершинами."""
"""Нейва от истока до Невьянского г/у""","""Водохозяйственный участок 14.01.05.016 охватывает бассейн р. Нейва от истока до Невьянского гидроузла. Участок расположен в Свердловской области, его площадь составляет 0,8 тыс. км2. От расчетного створа Невьянского гидроузла (т.14055) граница водохозяйственного участка 14.01.05.016 следует в юго-восточном направлении до т.14056 схождения границ водохозяйственных участков 14.01.05.016, 14.01.05.017 (Аять от истока до Аятского г/у) и 14.01.05.018 (Реж (без р. Аять от истока до Аятского г/у) и Нейва (от Невьянского г/у) до их слияния), поворачивает на юго-запад, следуя по водоразделу рр. Аять и Нейва в обход оз. Таватуй, проходит т.14057 схождения границ водохозяйственных участков 14.01.05.016, 14.01.05.017 и 14.01.05.020 (Пышма от истока до Белоярского г/у) и продолжается в том же направлении до т.14058 схождения границ водохозяйственных участков 14.01.05.016, 14.01.05.020 и 10.01.01.006 (Чусовая от г. Ревда до в/п пгт. Кын). От этой точки граница следует на север, проходит т.316 на водоразделе рр. Нейва и Бол. Шишим, выходит на водораздел рр. Нейва, Бол. Шишим и Тагил (т.14051 схождения границ водохозяйственных участков 14.01.05.014 - Тагил от истока до г. Нижний Тагил без р. Черная, 14.01.05.015 и 10.01.01.006), далее следует по водоразделу рр. Нейва и Тагил до т.14050 схождения границ водохозяйственных участков 14.01.05.014, 14.01.05.016 и 14.01.05.018, после чего, повернув на юго-восток, замыкается в начальной точке."""
"""Мал.Иргиз от истока до устья""","""Водохозяйственный участок 11.01.00.014 включает бассейн р. Мал. Иргиз от истока до замыкающего створа в устье – т.11046. Почти вся территория участка расположена в пределах Саратовской обл., а его площадь составляет 3,9 тыс. км2. От т.11046 граница участков 11.01.00.014 и 11.01.00.015 (Волга от Куйбышевского г/у до Саратовского г/у (Саратовское в-ще) без рр. Сок, Чапаевка, Мал.Иргиз, Самара и Сызранка) идет на северо-восток к истоку р. Стерех (правого притока р. Мал. Иргиз) и, огибая ее верховья, уходит к востоку в т.11047 на границе Саратовской и Самарской обл. Разделяя бассейны реки Мал. Иргиз (верховья) и реки Черненькая (левый приток р. Чагра), граница участка дважды пересекает административную границу (последняя точка пересечения – 11048) и сдвигается к юго-востоку к точке 11049, где встречаются границы водохозяйственных участков 11.01.00.014, 11.01.00.015 и 11.01.00.016 (Бол. Иргиз от истока до Сулакского г/у). Обогнув с востока истоки р. Чернава (правый приток р. Мал.Иргиз), граница участка идет к западу вдоль малоприточной правой части бассейна р. Бол. Иргиз до т.11050 – точки схождения границ водохозяйственных участков 11.01.00.014, 10.01.01.016, и 11.01.00.017 (Бол. Иргиз от Сулакского г/у до устья). Далее граница участка 11.01.00.014 немного отклоняется к северо-западу до г. Балаково (т.11051), где сходятся границы четырех водохозяйственных участков 11.01.00.014, 11.01.00.017, 11.01.00.022 (Волга от Саратовского г/у до Волгоградского г/у (Волгоградское в-ще) без рр. Бол.Иргиз, Бол.Караман, Терешка, Еруслан, Торгун) и 11.01.00.015 (Волга от Куйбышевского г/у до Саратовского г/у (Саратовское в-ще) без рр. Сок, Чапаевка, Мал.Иргиз, Самара и Сызранка). Отсюда граница водохозяйственного участка 11.01.00.014 поворачивает к северо-востоку и вдоль берега Саратовского в-ща достигает замыкающего створа в т.11046"""
"""Бассейны рек Тихого океана п-ова Камчатка южнее юго-восточной границы бассейна р. Камчатка""","""Водохозяйственный участок 19.07.00.002 охватывает бассейны рек Тихого океана п-ова Камчатка южнее устья р. Камчатка и целиком расположен в Камчатском крае. Площадь водохозяйственного участка составляет 40,3 тыс. км2. От т.19019 примыкания к береговой линии Берингова моря границы с водохозяйственным участком 19.07.00.001 (р. Камчатка) граница следует в южном направлении вдоль береговой линии Камчатского залива, огибает Кроноцкий п-ов, проходит через т.836 на береговой линии Кроноцкого залива на м. Козлова, огибает п-ов Шипунский (т.19023) на береговой линии Тихого океананам. Шипунский, следует через т.837 на береговой линии Авачинского залива на м. Маячный и далее следует вдоль восточного побережья п-ва Камчатка к южной его оконечности т.838 (примыкание к береговой линии Охотского моря на мысе Лопатка границы водохозяйственных участков 19.07.00.002 и 19.08.00.002 (Бассейны рек Охотского моря п-ова Камчатка южнее южной границы бассейна р. Тигиль). На описанном отрезке границей пересекаются устья рек Кронацкая, Сторож, Жуланова, Авача, и др. Горноскладчатый рельеф территории здесь сочетается с вулканическим и эрозионным. Берега, как правило, представляют собой узкую, часто заболоченную полосу равнины с высотами 20-50 м. Наибольшее распространение болота получили в начале этого участка границы. От т.838 граница водохозяйственного участка простирается в северном направлении, поднимается на Восточный хр., проходит через т.19021 точку схождения границ водохозяйственных участков 19.07.00.001, 19.07.00.002 и 19.08.00.002, поворачивает на северо-восток, проходит по гребню Валагинского хр., выходит к т.19020 на границе с водохозяйственным участком 19.07.00.001 на хр. Тумрок, западнее побережья оз. Кроноцкое и следует к начальной т.19019. Граница разделяет реки Опала и Быстрая Охотского моря и далее реки бассейна р. Камчатки за пределами территории водохозяйственного участка и бассейны рек Берингова моря: Авача, Жупанова, Сторож, Кроноцкая и др. Рельеф горных хребтов, разделенных глубокими и сложно построенными депрессиями, весьма разнообразен. Верховья почти всех рек занимают троговые долины. Многие хребты имеют современное оледенение. Аномально низкое положение снеговой линии обусловлено климатическими особенностями этого региона. На склонах гор представлены разнообразные растительные группировки: лишайниковые, травянисто-лишайниковые, мохово-травянисто- лишайниковые, лишайнико-кустарничковые, а в нижних частях склонов и в долинах, расположенных ниже 200-250 м – крупнокустарниковые тундры и пойменные леса. Среди каменных и щебенчатых россыпей растут дриада, рододендрон камчатский, ивы красноплодная и сетчатая, брусника, голубика. В южных долинах распространены кедровый стланик, ольха."""
"""Бассейн оз. Ладожское без рр. Волхов, Свирь и Сясь""","""Водохозяйственный участок 01.04.03.002 охватывает бассейны рек, впадающих в Ладожское озеро, исключая бассейны рр. Волхов, Свирь и Сясь. Ладожское озеро является самым крупным пресноводным озером в Европе, его котловина имеет ледниково-тектоническое происхождение. Берега озера в северной части высокие, скалистые, отличаются сложными очертаниями: здесь многочисленны заливы типа фьордов, мысы, южные берега низкие, заболоченные, почти не расчленённые. В Ладожское озеро впадают реки Волхов, Свирь, Вуокса и др., вытекает единственная река - р. Нева. Участок расположен в Ленинградской области и Республике Карелия, его площадь составляет 43 тыс. км2. От т.34 примыкания к Государственной границе РФ с Финляндией границы с водохозяйственным участком 01.05.00.001 (Реки Карелии бассейна Балтийского моря на границе РФ с Финляндией, включая оз. Лексозеро) граница водохозяйственного участка 01.04.03.002 следует на юго-восток, проходит т.35 схождения границ водохозяйственных участков 01.04.01.001 (Шуя), 01.04.03.002 и 01.05.00.001, затем т.1037 схождения границ водохозяйственных участков 01.04.01.001, 01.04.01.007 (Свирь от истока до Нижнесвирского г/у) и 01.04.03.002 в верховьях р. Тукша, поворачивает на юг, пересекает в т.52 границу между Ленинградской областью и Республикой Карелия, проходит т.1051 схождения границ водохозяйственных участков 01.04.01.007, 01.04.01.008 (Свирь от истока до Нижнесвирского г/у) и 01.04.03.002, проходит т.916 впадения р. Свирь в Ладожское озеро и далее следует по береговой линии, проходя т.917 схождения границ водохозяйственных участков 01.04.01.008, 01.04.03.001 (Сясь) и 01.04.03.002, затем пересекает р. Сясь в т.1064 ее впадения в Ладожское озеро, проходит т.51 впадения в него р. Волхов и схождения границ водохозяйственных участков 01.04.02.006 (Волхов), 01.04.03.001 и 01.04.03.002, затем отходит от береговой линии к т.1063 схождения границ водохозяйственных участков 01.04.02.006, 01.04.03.002 и 01.04.03.003 (Нева от истока до в/п Новосаратовка), поворачивает на северо-восток, следует по водоразделу рр. Мга и Назия к т.1066 истока р. Нева из Ладожского озера, затем выходит на Карельский перешеек к т.1067 схождения границ водохозяйственных участков 01.04.03.002, 01.04.03.003 и 01.04.03.004 (Нева от в/п Новосаратовка до устья). Далее граница проходит т.1068 схождения границ водохозяйственных участков 01.04.03.002, 01.04.03.004 и 01.04.03.005 (Реки бассейна Финского залива от границы РФ с Финляндией до северной границы дельты р. Нева) и, обходя оз. Вишневское, Глубокое и Вуокса достигает т.1069 примыкания к Государственной границе РФ с Финляндией границы с водохозяйственным участком 01.04.03.005. От этой точки граница водохозяйственного участка следует на северо-восток вдоль Государственной границы РФ, проходит т.33 примыкания к ней границы между Ленинградской областью и Республикой Карелия и, пересекая трансграничные оз. Симпелеярви, Пюхяярви и Корпиярви, замыкается в начальной точке. Территория характеризуется моренным холмистым рельефом, понижения между холмами часто заняты озерами и болотами. Господствуют леса смешанного типа (еловые и еловошироколиственные), на песках произрастают сосновые боры. Повсеместно распространены вторичные березово-осиновые леса."""
Пинега,"""Водохозяйственный участок 03.02.03.003 охватывает бассейн правого притока Северной Двины - р. Пинега с замыкающим расчетным створом в месте впадения реки Пинега в р. Северная Двина в т.3023. Водохозяйственный участок расположен на территории Архангельской области. Площадь водохозяйственного участка составляет 42 тыс. км2.От точки замыкающего створа граница идет на север до т.3024, в которой сходятся границы водохозяйственных участков 03.02.03.003, 03.02.03.004 (Северная Двина от впадения р. Вага до устья без р. Пинега) и 03.03.00.003 (Реки бассейна Белого моря от мыса Воронов до мыса Канин Нос (исключая р. Мезень), затем поворачивает на восток, проходит т.80 – на водоразделе бассейнов рек Пинега и Кулой и достигает т.3019, где сходятся границы водохозяйственных участков 03.02.03.003, 03.03.00.001 ((Мезень от истока до в/п д. Малонисогорская) и 03.03.00.001. Отсюда граница плавно уходит на юго-восток вдоль административной границы Республики Коми и Архангельской области, которую пересекает в тт.81, 3029 и 3020. В последней точке сходятся также границы водохозяйственных участков 03.02.03.001 (Северная Двина от впадения р. Вычегда до впадения р. Вага), 03.02.03.003 и 03.03.00.001. Далее граница огибает исток р. Пинега, принимает северо- западной направление, проходит т.3021 на водоразделе рр. Выя и Ниж. Тойма, затем т.3026, в которой сходятся границы водохозяйственных участков 03.02.03.001, 03.02.03.004 и 03.02.03.003, проходит далее т.3022 на водоразделе рр. Охтома и Пукшеньга и замыкается в расчетном створе– т.3023.Абсолютная высота местности от отметок в 20-50 м в устьевом участке возрастает до 200 м в верховьях бассейна. Рельеф территории изменяется от плоского низменного до моренного волнистого, частично переработанного эрозией. По мере продвижения с севера на юг тундровые ландшафты сменяются изреженными сырыми северо-таежными лесами из ели с примесью пихты. Южнее господствуют среднетаежные ландшафты с преобладанием еловых лесов с примесью пихты, плоские междуречья здесь также сильно заболочены."""
"""Москва от Можайского г/у до г. Звенигород без р.Руза (от истока до Рузского г/у) и р.Озерна (от истока до Озернинского г/у)""","""Водохозяйственный участок 09.01.01.009 охватывает часть бассейна р. Москва и замыкается в расчетном створе ниже г. Звенигород (т.9054). Площадь водохозяйственного участка составляет 1,7 тыс. км2. От т.9054 граница между водохозяйственными участками 09.01.01.013 и 09.01.01.015 (Москва от г. Звенигород до Рублевского г/у без р. Истра (от истока до Истринского г/у)) идет на юг до т.9035, где сходятся границы водохозяйственных участков 09.01.01.013, 09.01.01.015, 09.01.01.016 (Пахра) и 09.01.01.007 (Нара), после которой поворачивает на запад, огибает верхнюю часть бассейна р. Нара и доходит до т.9030 – точки схождения границ участков 09.01.01.013, 09.01.01.007 и 09.01.01.006 (Протва). От т.9030 граница продолжается на запад вблизи истоков рр. Исьма, Мжут до т.9029 (Можайский г/у). Далее граница между участками 09.01.01.003 и 09.01.01.010 (Москва от истока до Можайского г/у) идет на северо-запад и делает большую и узкую петлю, охватывающую бассейн притока р. Москвы - р. Искона, проходя в северной части этой петли через т.9045, в которой сходятся границы водохозяйственных участков 09.01.01.013, 09.01.01.010 и 09.01.01.011 (Руза от истока до Рузского г/у). Вдоль водораздела р. Исконы и р. Руза граница участка поворачивает на юго-восток и приходит к группе рядом расположенных точек: т.9046 (створ Рузского г/у на р. Руза), т.9050 (створ Озернинского г/у на р. Озерна) и т.9049, обозначающей место схождения границ водохозяйственных участков 09.01.01.011, 09.01.01.013 и 09.01.01.012 (Озерна от истока до Озернинского г/у). После этого граница участка в юго-восточном направлении достигает т.9053, где пересекаются границы водохозяйственных участков 09.01.01.012, 09.01.01.013 и 09.01.01.015 (Москва от г. Звенигород до Рублевского г/у без р. Истра (от истока до Истринского г/у)). От этой точки граница участка огибает с севера исток левого притока р. Москвы – р. Молодильня и пройдя по водоразделу рр. Москвы и Истра замыкается в расчетном створе – т.9054."""
"""Алей от Гилевского г/у до устья""","""Водохозяйственный участок 13.01.02.002 охватывает бассейн р. Алей от Гилевского гидроузла до устья. Участок расположен в Алтайском крае, его площадь составляет 18 тыс. км2. От расчетного створа впадения р. Алей в р. Обь в т.13012 граница следует на юго-запад по водоразделу рр. Алей и Порозиха до т.13009 схождения границ водохозяйственных участков 13.01.02.001 (Верховья р. Алей до Гилевского г/у), 13.01.02.002 и 13.01.02.003 (Обь от начала реки в месте слияния рр. Бия и Катунь до г. Барнаул без р. Алей), проходит створ Гилевского гидроузла в т.13008 и примыкает к Государственной границе РФ с Казахстаном в т.13011 на границе с водохозяйственным участком 13.01.02.001. Далее граница поворачивает на запад и следует вдоль Государственной границы до т.402 примыкания к ней границы с водохозяйственным участком 13.02.00.003 (Водные объекты южнее бассейна р. Бурла без бассейнов озер Кучукского и Кулундинского). От этой точки граница поворачивает на север, проходит т.13013 схождения границ водохозяйственных участков13.01.02.002, 13.01.02.003 и 13.02.01.003 и следует по водоразделу рр. Алей и Барнаулка до замыкания в начальной точке."""
Амга,"""Водохозяйственный участок 18.03.06.008 охватывает территорию бассейна р. Амга от истока до устья расположен целиком в Респ. Саха (Якутия). Площадь водохозяйственного участка составляет 69,3 тыс. км2. От т.18075 впадения р. Амга в р. Алдан на границе с водохозяйственными участками 18.03.06.007 (Алдан от впадения р. Мая до впадения р. Амга) и 18.03.06.009 (Алдан от впадения р. Амга до устья) граница участка следует в юго-западном направлении по однообразному плоскогорью с высотами 300-400 м к точке схождения границ водохозяйственных участков 18.03.06.004 (Алдан от впадения р. Учур до впадения р. Мая), 18.03.06.007 и 18.03.06.008 - т.18073, затем проходит водораздел водохозяйственных участков 18.03.06.002 (Алдан от в/п г. Томмот до впадения р. Учур), 18.03.06.004 и 18.03.06.008 в т.18058. На этом отрезке граница служит водоразделом многочисленных левых притоков Алдана - рек Ноху, Куолума, Нуотара, Учёлё, Билир, Белькачи, Эйим-Юрях, Сумнагын. От т.18058 граница поворачивает на запад, проходит по водоразделу рр. Киенг-Юрях и Умулун через т.18052, делает петлю в северном направлении, затем поворачивает на юго-запад, поднимается на Амгинский хребет к точке схождения границ водохозяйственных участков 18.03.04.003 (Олекма от в/п с. Усть-Нюкжа до устья без р. Чара), 18.03.06.008 и 18.03.06.001 (Алдан от истока до в/п г. Томмот) - т.18042, поворачивает на север, проходит через т.741 на водоразделе водохозяйственных участков 18.03.04.003, 18.03.05.001 (Лена от устья Олекмы до в/п п. Покровск) и 18.03.06.008, затем поворачивает на северо-восток, проходит по водоразделу рр. Негючэй и Буотама (т.18046), проходит через точку схождения границ водохозяйственных участков 18.03.05.001, 18.03.05.002 (Лена от в/п п. Покровск до впадения р. Алдан) и 18.03.06.008 - т.18045, спускается в долину Амги к т.744, далее проходит точку схождения границ водохозяйственных участков 18.03.05.002, 18.03.06.009 и 18.03.06.008 - т.18049 и замыкается в начальной т.18075. Абсолютные высоты снижаются от 1100 м до 170 м в устье Амги. В горах преобладает однообразная тайга из даурской лиственницы, на равнине господствуют среднетаежные ландшафты, а на междуречьях преобладает лиственница даурская, широко распространены сосна обыкновенная и сибирская ель."""
Цивиль,"""Водохозяйственный участок 08.01.04.004 охватывает бассейн р. Цивиль и замыкается в расчетном створе в месте впадения р. Цивиль в р. Волгу (т.8054). Площадь водохозяйственного участка составляет 4,7 тыс. км2. От т.8054 граница между водохозяйственными участками 08.01.04.004 и 08.01.04.007 (Волга от Чебоксарского г/у до г. Казань без рр. Свияга и Цивиль) уходит на юг по водоразделу между бассейнами рек Цивиль и Большой Аниш до т.8055, в которой сходятся границы водохозяйственных участков 08.01.04.004, 08.01.04.007 и 08.01.04.006 (Свияга от с.Альшеево до устья). Далее от т.8055 граница поворачивает к юго-западу вдоль бассейна р. Малый Цивиль, отделяя этот бассейн от верховьев рр. Аль, Ута, Урюм и Хома (левых притоков р. Кубня) и достигает у истока р. Хома т.8056, общей для участков 08.01.04.004, 08.01.04.006 и 08.01.05.004 (Сура от устья р. Алатырь до устья). От истока р. Хома граница резко меняет направление на северо-западное, достигает истока р. Бол. Цивиль, поворачивает к северу и, разделяя бассейны рр.Цивиль и Сура, приходит в т.8053, где сходятся границы водохозяйственных участков 08.01.04.004, 08.01.05.004 и 08.01.04.003 (Волга от устья р. Ока до Чебоксарского г/у (Чебоксарское в-ще) без рр. Сура и Ветлуга). Повернув к востоку от т.8053, граница проходит с севера от верховьев р. Унга, огибает с юга г. Чебоксары и достигает т.8052 вблизи Чебоксарского гидроузла (схождение границ водохозяйственных участков 08.01.04.003, 08.01.04.004 и 08.01.04.007). Далее, перемещаясь к востоку вдоль Чебоксарского водохранилища, граница участка 08.01.04.004 замыкается в расчетном створе в т.8054 – устье р. Цивиль."""
"""Острова в пределах внутренних морских вод и территориального моря РФ, прилегающего к береговой линии гидрографической единицы 03.06.00 (включая о-в Вайгач)""","""Водохозяйственный участок 03.06.00.100 включает водные объекты островов в пределах внутренних морских вод и территориального моря РФ, прилегающего к береговой линии гидрографической единицы 03.06.00. Наиболее крупным из островов является о-в Вайгач. Площадь островов составляет около 3,6 тыс. км2. Граница водохозяйственного участка проходит по береговой линии островов."""
"""Дрисса и Полота""","""Водохозяйственный участок 01.02.00.001 охватывает российскую часть бассейнов рек Дрисса и Полота от истока до границы с Республикой Беларусь. Реки Дрисса и Полота - правые притоки Западной Двины, берут начало из озер и далее протекают через ряд озёр. Долины рек сильно заболочены. Наиболее крупные притоки Дриссы - Нища, Уща. Участок расположен на территории Псковской области, его площадь составляет 2,4 тыс. км2. От расчетного створа на р. Дрисса в месте пересечения ею Государственной границы РФ с Республикой Беларусь (т.18) граница водохозяйственного участка 01.02.00.001 следует на запад вдоль Государственной границы РФ, пересекает трансграничную р. Нища (правый приток Дриссы) и следует до т.19 примыкания к ней границы с водохозяйственным участком 01.03.00.001 (Великая от истока до в/п д. Гуйтово), от которой поворачивает на север, делает петлю в северо-восточном направлении, обходя оз. Свибло и истоки р. Великая, и далее – озера Верято и Язно, после чего на южных отрогах Бежаницкой возвышенности проходит т.20 схождения границ водохозяйственных участков 01.02.00.001, 01.03.00.001 и 01.04.02.003 (Ловать). От этой точки граница следует на юг по водоразделу рр. Уща и Удрай до т.21 примыкания к Государственной границе РФ с Республикой Беларусь границы с водохозяйственным участком 04.01.02.003, от которой следует вдоль Государственной границы, пересекает р. Полота (правый приток Западной Двины) и замыкается в начальной точке. Абсолютные высоты на протяжении границы составляют 140-250 м, территория представляет собой всхолмленную, местами возвышенную озерную равнину. Произраставшие здесь ранее широколиственно-еловые леса почти полностью сведены и заменены полями и лугами. Лучше сохранились сосновые леса на сырых аллювиально-зандровых равнинах, мало пригодных для освоения."""
Пенжина,"""Водохозяйственный участок 19.09.00.001 охватывает территорию бассейна р. Пенжина от истока до устья, расположенную в Камчатском крае Площадь водохозяйственного участка составляет 73,5 тыс. км2. От т.845 - точки впадения р. Пенжина в Пенжинскую губу Охотского моря граница простирается в западном направлении по побережью Пенжинской губы до т.846 (примыкание к береговой линии Пенжинской губы Охотского моря на границе водохозяйственных участков 19.09.00.001 и 19.10.00.001 (Бассейны рек Охотского моря от западной границы бассейна р. Пенжина до южной границы бассейна р. Тахтаяма). Затем граница поворачивает на северо-запад и по водоразделу бассейнов рек Тылхой и Алхан переходит на Ичигемский хребет, проходя через т.793 на схождении границ водохозяйственных участков 19.01.02.001 (Омолон), 19.09.00.001 и 19.10.00.001 вблизи границы между Камчатским краем. и Магаданской областью. Отсюда граница бассейна Пенжины следует до т.792 (водораздел бассейнов рр. .Пенжина и Молонгда вблизи точки схождения границ между Камчатским краем, Чукотским а.о. и Магаданской областью), далее, огибая верховья бассейнов рек Пенжина и Олой (бассейн Колымы) она проходит в восточном направлении по отрогам Олойского хребта до т.791 на водоразделе бассейнов рр. Пенжина, Олой и Еропол - точки схождения границ водохозяйственных участков 19.09.00.001, 19.05.00.001 (Анадырь от истока до впадения р. Майн) и 19.01.02.001 (Омолон). От т.791 граница простирается в юго-восточном направлении по водоразделу бассейнов рек Еропол, Травка, Майн, и Пенжина, Пальматкина, проходит через т.19013 на водоразделе рр. Березовая и Гребенка и выходит на Корякское нагорье сначала к т.828 схождения границ водохозяйственных участков 19.09.00.001, 19.05.00.001 и 19.06.00.002 (Бассейны рек Берингова моря от северной границы бассейна р. Опука до южной границы бассейна р. Вывенка) на административной границе между Чукотским а.о. и Камчатским краем, а затем к т.918 схождения границ водохозяйственных участков 19.09.00.001, 19.08.00.001 (Бассейны рек Охотского моря п-ова Камчатка от восточной границы бассейна р. Пенжина до южной границы бассейна р. Тигиль) и 19.06.00.002 на этой же административной границе. От этой точки граница поворачивает на запад, по водоразделу бассейнов рек Энычаваям и Эссовеем, пересекает Пенжинский хребет (т.844) и, следуя в северо-западном направлении, выходит на побережье Пенжинской губы к т.843 примыкания к береговой линии Пенжинской губы Охотского моря на границе с водохозяйственным участком 19.08.00.001 и затем замыкается в исходной т.845. Абсолютные высоты от побережья Пенжинской губы при подъеме на Ичигемский хребет резко возрастают, переходя от нулевой отметки до высоты более 1300 м. На Пенжинской низменности, представляющей собой пологонаклонную морскую равнину, абсолютные высоты снижаются до 50-150 м и далее на побережье достигают нулевой отметки. Для гор характерны резко расчлененные вершины, крутые склоны, узкие ущелья. На вершинах гор господствуют тундровые ландшафты, ниже они сменяются зарослями кустарника. Ландшафтной особенностью является формирование специфических кедротундр (сочетание относительно дренированных участков, покрытых кедровым стлаником, с заболоченными мохово-лишайниковыми тундрами). Прибрежная территория представляет собой серию морских сильно заболоченных террас. По низменным местам широко распространены кочкарные, осоково-пушицевые болота и реже - осоково-разнотравные луга."""
"""реки бассейна Черного моря от южной границы бассейна р. Днепр до Крымского полуострова""","""Водохозяйственный участок 04.01.00.020 включает водные объекты бассейна Черного моря от южной границы бассейна р. Днепр до Крымского полуострова. Площадь водохозяйственного участка составляет 6.46 тыс. км2. Граница водохозяйственного участка следует в юго-западном направлении от т.4055 – точки схождения границ водохозяйственных участков 04.01.00.019, 04.01.00.018 и 04.01.00.020, затем поворачивает и следует в западном и северо-западном направлении до т.4057, расположенной вблизи Днепровского лимана. Отсюда граница участка продолжает движение в северо-западном направлении и через некоторое расстояние поворачивает на юг к Черному морю к острову Тендровская Коса, далее следует по нему, а затем огибает остров Джарылгач, проходит т.950 - точка на береговой линии Черного моря на острове Джарылгач, идет по береговой линии Джарылгачского, Каржинского, Каркинитского заливов снова поворачивает, проходит Перекопский залив и приходит в т.942, в которой пересекаются границы Херсонской области и Республики Крым (схождение гидрографических единиц 04.01.00, 05.01.05, 21.02.00). Отсюда следует в северном направлении, поворачивает и в т.4055, расположенной рядом с Каховской ГЭС, участок замыкается."""
"""Реки бассейна Черного моря от мыса Святого Ильи до мыса Такиль""","""Водохозяйственный участок 21.01.00.006 охватывает реки полуострова Крым бассейна Черного моря к востоку от хр. Тепе-Обе, включая реки Керченского полуострова. С севера ВХУ ограничен водоразделом между бассейнами рек Азовского и Черного моря (на территории Керченского полуострова это гряда Парпачский хребет), с юга – береговой линией Черного моря, с запада – хребтом Тепе-Оба, замыкающим Главную гряду Крымских гор, с востока – побережьем Керченского пролива на м. Такиль. Рельеф участка – равнинный, территория занята преимущественно ландшафтами типичных степей. Гидрографическая сеть водохозяйственного участка представлена малыми реками (Байбуга, Кривая и Черная) и балками. Есть несколько озер - Кояшское, Узунларское и Качик. Из искусственных водных объектов наиболее значимым является Феодосийское водохранилище, используемое для нужд водоснабжения и орошения. В административном отношении водохозяйственный участок целиком расположен в пределах Республики Крым. Площадь участка составляет 1,20 тыс. км2. От т. 21010 (схождение границ водохозяйственных участков 21.01.00.005 (реки восточного южнобережья), 21.01.00.006 и 21.02.00.003 (Реки бассейна зал. Сиваш Азовского моря от восточной границы бассейна р. Салгир до перешейка Керченского полуострова, включая водные объекты российской части Арабатской стрелки) граница следует сначала в северо-восточном, потом – в восточном направлении до т. 924 (схождение границ водохозяйственных участков 21.01.00.006, 21.02.00.003 и 21.02.00.004 (Реки Керченского полуострова бассейна Азовского моря) на Акмонайском перешейке Керченского полуострова). Далее граница участка идет по территории Керченского полуострова в направлении с запада на восток по водоразделу между бассейнами рек Азовского и Черного морей (Парпачский хребет) до т. 925 (примыкание границы между ВХУ 21.01.00.006 и 21.02.00.004 к береговой линии Керченского пролива на мысе Такиль). После этого граница следует по побережью Черного моря в направлении на запад-юго-запад до т. 926 на мысе Чауда. На этом отрезке граница проходит через м. Опук, идет по косам, отделяющим озера Кояшское, Узунларское и Качик от морской акватории. После мыса Чауда граница участка, следуя изгибу берега, делает поворот на северо-запад, идет вдоль берега Феодосийского залива, в т. 21012 проходит вершину залива на Акмонайском перешейке Керченского полуостров. Далее граница проходит по косам, отделяющим акватории озер Кучук-Ащиголь и Аджиголь от моря, и в т. 21011 на мысе Святого Ильи (Ильи) смыкается с границей водохозяйственного участка 21.01.00.005. От т. 21011 граница идет на запад, поднимаясь от берега моря по хребту Тепе-Оба к т. 21010."""
"""Северский Донец от границы с Украиной до границы Донецкой Народной Республики (ДНР) с ЛНР (включая бассейн р. Жеребец)""","""Водохозяйственный участок 05.01.04.008 включает часть бассейна р. Северский Донец от границы с Украиной до границы Донецкой Народной Республики (ДНР) с ЛНР (включая бассейн р. Жеребец). Площадь водохозяйственного участка составляет 8,20 тыс. км2. От точки т.211 примыкания к Государственной границе РФ с Республикой Украина, границы между гидрографическими единицами 04.01.00 и 05.01.04 идет на северо-восток к точке т.212 примыкания к Государственной границе РФ с Республикой Украина на пересечении границ Донецкой Народной Республики и Луганской Народной Республики. Затем идет на север и круто поворачивает на юг через т.5139 схождения границ водохозяйственных участков 05.01.05.001, 05.01.05.009 и 05.01.05.008, т.5140 схождения границы водохозяйственных участков 05.01.04.008, 05.01.04.010 и 05.01.04.012, т.5142 схождения границы водохозяйственных участков 05.01.04.008, 05.01.04.011 и 05.01.05.010. В точке т.5143 схождения границы водохозяйственных участков 05.01.04.008, 05.01.05.012 и 05.01.05.010 поворачивает на запад до границы между водохозяйственными участками 05.01.04.008 и 05.01.05.012 между Донским и Днепровским бассейновыми округами т.5144 и возвращается в т.211."""
"""Водные объекты между бассейнами оз. Чаны и р. Омь""","""Водохозяйственный участок 13.02.00.006 охватывает водные объекты между бассейнами р. Каргат и р. Омь. Участок расположен в Новосибирской области, его площадь составляет 7,5 тыс. км2. От начальной т.13057 граница водохозяйственного участка 13.02.00.006 следует на юго-запад по водоразделу р. Каргат и оз. Убинское, огибает оз. Саргат, проходит возле оз. Чаны до т.13058 схождения границ водохозяйственных участков 13.02.00.005 (Бассейн оз. Чаны и водные объекты до границы с бассейном р. Иртыш), 13.02.00.006 и14.01.02.001 (Омь), в которой она поворачивает на восток, проходит т.450 на водоразделе оз. Убинское и р. Угурманка и замыкается в начальной точке."""
Иж,"""Водохозяйственный участок 10.01.01.012 охватывает бассейн р. Иж - притока Нижнекамского в-ща от истока до расчетного замыкающего створа в устье реки - т.10032. Площадь водохозяйственного участка составляет 8,5 тыс. км2. От точки замыкающего створа граница участков 10.01.01.012 и 10.01.01.014 (Кама от Воткинского г/у до Нижнекамского г/у без рр. Буй (от истока до Кармановского г/у), Иж, Ик и Белая) простирается на северо-запад до т.10033 - точки схождения границ водохозяйственных участков 10.01.01.012, 10.01.01.014 и 10.01.02.015 (Белая от г. Уфа до г. Бирск), и далее до т.10034, где сходятся границы водохозяйственных участков 10.01.01.012, 10.01.01.015 и 10.01.03.005 (Вятка от в/п пгт. Аркуль до г. Вятские Поляны). После этой точки граница участков 10.01.01.012 и 10.01.03.005 идет на север по водоразделу бассейнов рр. Иж и Вала до т.10035, в которой сходятся границы водохозяйственных участков 10.01.01.012, 10.01.03.001 (Чепца) и 10.01.03.005, затем поворачивает на северо-восток, огибает верховья р. Иж и ее притоки и в т.332, где сходятся границы водохозяйственных участков 10.01.01.012, 10.01.01.014. и 10.01.03.001, поворачивает на юго-восток. Далее граница участков 10.01.01.012 и 10.01.01.014, сложным образом петляя по водоразделу бассейнов рр. Иж и Кама и огибая истоки левых притоков р. Иж, приходит к точке замыкающего створа - т.10032."""
"""Большой Черемшан от истока до устья""","""Водохозяйственный участок 11.01.00.004 включает бассейн р. Большой Черемшан от истока до замыкающего расчетного створа – устье р. Бол.Черемшан в г. Димитровграде – т.11010. Площадь водохозяйственного участка составляет 11,5 тыс. км2. От т.11010 граница участков 11.01.00.004 и 11.01.00.005 (Куйбышевское в-ще от пгт. Камское устье до Куйбышевского г/у без р. Бол.Черемшан) сначала идет на запад вдоль берега Черемшанского залива водохранилища, затем поворачивает на север и проходит по западной границе бассейна р. Мал.Черемшан до истока р. Майна, где в т.11011 пересекает административную границу Ульяновской области и Респ. Татарстан и далее до т.11009 (в районе истоков рр. Актай, Салманка и Бездна), в которой сходятся границы водохозяйственных участков 11.01.00.003 (Камский участок Куйбышевского в-ща от устья р. Кама до пгт. Камское устье без р. Шешма и Волга), 11.01.00.004 и 11.01.00.005. От точки 11009 граница участков 11.01.00.003 и 11.01.00.004 простирается в северо-восточном направлении по водоразделу р. Мал.Черемшан и притоков Камского участка Куйбышевского в-ща до точки 11008 (вблизи истока р. Толкишка), объединяющей границы водохозяйственных участков 11.01.00.002 (Шешма), 11.01.00.003 и 11.01.00.004. Граница участков 11.01.00.002 и 11.01.00.004 далее направляется на юго-восток по водоразделу бассейнов рр. Шешма и Бол. Черемшан до т.11006 (вблизи истоков Бол. Черемшана), по пути пересекая в т.11007 административную границу Самарской области и Респ.Татарстан. В т.11006 сходятся границы водохозяйственных участков 11.01.00.002, 11.01.00.004 и 11.01.00.006 (Сок). От этой точки граница участков 11.01.00.004 и 11.01.00.006 идет на северо-запад по водоразделу рр. Сок и Бол. Черемшан, затем отклоняется к западу до т.11012, где пересекается административная граница Самарской области и Респ.Татарстан, и далее начинает плавно поворачивать на юго-запад и вдоль западной границы бассейна р. Кондурча доходит до т.11013, которая разделяет границы водохозяйственных участков 11.01.00.004, 11.01.00.005 и 11.01.00.006 и 11.01.00.015 (Волга от Куйбышевского г/у до Саратовского г/у без рр. Сок, Чапаевка, Мал.Иргиз, Самара и Сызранка). Далее граница участков 11.01.00.004 и 11.01.00.005 идет на север по водоразделу рр Бол.Авраль и Бирля, пересекая границу Ульяновской и Самарской областей в т.11014, доходит до замыкающего створа т.11010 в г. Димитровград."""
"""О-ва архипелага Земля Франца Иосифа""","""Водохозяйственный участок 03.03.00.102 включает водные объекты островов архипелага Земля Франца Иосифа. Площадь островов составляет около 16,2 тыс. км2. Граница водохозяйственного участка проходит по береговой линии островов."""
"""Колыма от впадения р. Омолон до устья без р. Анюй""","""Водохозяйственный участок 19.01.04.001 охватывает территорию бассейна нижнего течения р. Колыма после впадения в нее р. Омолон (без бассейна Анюя), расположенную в пределах Республики Саха (Якутия). Площадь водохозяйственного участка составляет 21,4 тыс.км2. От т.783 - впадения р. Колыма в Восточно-Сибирское море граница следует в северо-восточном направлении вдоль береговой линии Восточно-Сибирского моря огибая дельту Колымы до т.784 примыкания к ней границы с водохозяйственным участком 19.02.00.001 (Бассейны рек Восточно- Сибирского моря от восточной границы бассейна р. Колыма до границы бассейна Чукотского моря), после чего поворачивает на юго-восток и идет по административной границе между Республикой Саха (Якутия) и Чукотским а.о. к т.805. Поверхность прибрежной территории приподнята над уровнем моря в среднем на 50-80 м и отличается небольшими колебаниями высот. Ее рельеф, тем не менее, не является идеально равнинным. Здесь нередки широкие, но неглубокие долины транзитных рек и аласные понижения площадью иногда до нескольких сотен квадратных километров. На междуречных участках много небольших котловин, образовавшихся в результате термокарстовых процессов, многие из них заняты озерами. В отдельных местах над поверхностью равнины поднимаются невысокие сопки и гряды. На всей приморской территории господствуют ландшафты арктических тундр, обычно заболоченных, характеризующихся разреженным растительным покровом из мхов и лишайников, встречаются осоки, пушица, полярная ива. От т.805 пересечения границы между Республикой Саха (Якутия) и Чукотским а.о. вблизи точки схождения границ водохозяйственных участков 19.01.04.001, 19.01.03.001 (Анюй, включая реки Большой и Малый Анюй) и 19.02.00.001 границы поворачивает, и далее следует в южном направлении по этой административной границе через т.804 до т.785 (устье р. Анюй). Следуя далее в юго-западном направлении, граница участка еще раз пересекает упомянутую административную границу в т.803 и в т.801 На всем протяжении участка границы господствуют тундровые ландшафты в сочетании с редкостойными лесами и болотами. От т.801 схождения границ водохозяйственных участков 19.01.02.001 (Омолон), 19.01.03.001 и 19.01.04.001 граница поворачивает на север, пересекает р. Колыма в месте впадения в нее р. Омолон в т.797 схождения границ водохозяйственных участков 19.01.01.005 (Колыма от в/п г. Среднеколымск до впадения р. Омолон), 19.01.04.001 и 19.01.02.001, и подходит к т.781, в которой сходятся границы водохозяйственных участков 19.01.01.005, 19.01.04.001 и 18.06.00.001 (Реки бассейна Восточно-Сибирского моря (вкл. р. Алазея) от границы бассейна р. Индигирка на западе до границы бассейна р. Колыма на востоке). Далее, следуя в северо-восточном направлении, граница спускается по восточной границе бассейна р. Коньковая на заболоченную Колымскую низменность и выходит к т.780 - точке примыкания к береговой линии Восточно-Сибирского моря границы с водохозяйственным участком 18.06.00.001. От этой точки граница следует вдоль береговой линии Колымского залива в восточном направлении и замыкается в устье р. Колыма (т.783). По пути следования участка границы к побережью увеличивается количество озер, редкостойные леса сменяются южной, а затем типичной тундрой, на побережье переходящей в субарктические тундры. Значительную площадь занимают гидроморфные ландшафты. На всей приморской территории границы бассейна Колымы господствуют ландшафты арктических тундр, обычно заболоченных, характеризующихся разреженным растительным покровом из мхов и лишайников, встречаются осоки, пушица, полярная ива."""
"""Обь от впадения р. Вах до г. Нефтеюганск""","""Водохозяйственный участок 13.01.11.001 охватывает бассейн р. Обь от впадения р. Вах до г. Нефтеюганск. Участок расположен в Ханты-Мансийском а.о., его площадь составляет 118,3 тыс. км2. От расчетного створа т.13051, расположенного ниже г. Нефтеюганск, граница водохозяйственного участка 13.01.11.001 следует на север по водоразделу рр. Пим и Тромъеган до т.373 схождения границ водохозяйственных участков 13.01.11.001, 13.01.11.002 (Обь от г. Нефтеюганск до впадения р. Иртыш), 15.03.00.001 (Надым) и 15.02.01.001 (Обь от впадения Иртыша до впадения р. Северная Сосьва) на границе между Ямало-Ненецким и Ханты-Мансийским а.о. От этой точки и до т.377 граница гидрографической единицы практически совпадает с административной границей Ямало-Ненецкого и Ханты-Мансийского автономных округов. Граница разделяет бассейны рек нижнего течения Оби: рр. Лыхн, Амня, Казым и бассейны рек Верхнеобского бассейна: рр. Назым, Лямин, Ай-Пим, Пим, Тромьеган. Абсолютная высота местности от устьевой области р. Иртыш (25 м) при подъеме на Сибирские Увалы возрастает до 150 м. В пределах территории повсеместно преобладают заболоченные сосновые леса, встречаются участки березовых и осиновых лесов, на плоских водораздельных пространствах в ландшафтной структуре доминируют болота различных типов, в речных долинах выделяются обширные луговые пространства. Далее граница, продолжая движение на восток, проходит через водораздельную точку (т.374) водохозяйственных участков 13.01.11.001, 15.03.00.001 (Надым) и 15.04.00.001 (Пур), огибает верховья р. Пякупур, проходит в т.375 по водоразделу р. Нятлонгаягун, поворачивает на юго- восток, разделяя истоки рек Ампута и Вынгапур, затем поворачивает на северо-восток, в т.376 обходя с юга верховья р. Айваседапур, проходит через водораздел (т.377) водохозяйственных участков 13.01.11.001, 13.01.10.001(Вах) и 15.04.00.001. Абсолютная высота местности составляет 120-150 м. Зональным типом ландшафтов являются таежные лиственничные, лиственнично-елово-кедровые и сосновые леса. Обширные пространства приходятся на долю больших массивов верховых сфанговых болот. От т.377 граница поворачивает на юг, обходя в т.447 верховья р. Аган, двигается в юго-западном направлении по Аганскому Увалу, обходя оз. Самотлор и исток р. Ватинский Еган. В т.444 граница пересекает р. Обь в месте впадения в нее р. Вах в точке схождения границ водохозяйственных участков 13.01.09.001 (Обь от впадения р. Васюган до впадения р. Вах), 13.01.10.001 и 13.01.11.001, далее простирается в южном направлении по Среднеобской низменности до т.443 схождения границ водохозяйственных участков 13.01.08.001 (Васюган), 13.01.09.001 и 13.01.11.001 на водоразделе рек. Мал.Юган, Кульеган и Ларьеган и затем, совпадая с границей между Томской областью и Ханты-Мансийским автономным округом, до т.416 - схождение границ водохозяйственных участков 13.01.08.001, 13.01.11.001 и 14.01.07.001 (Иртыш от впадения р. Тобол до устья (выше г. Ханты-Мансийск) без р. Конда) вблизи точки схождения административных границ Омской, Томской и Тюменской областей в верховьях р. Бол.Юган. Абсолютная высота к устьевой зоне р. Вах снижается до 30 м, затем на водоразделе возрастает до 125 м. В ландшафтной структуре наблюдается сочетание островов темнохвойной тайги на относительно дренированных участках с грядово-озерковыми и грядово-мочажинными комплексами болот От т.416 граница гидрографической единицы 13.01.11 проходит в северо-западном направлении, проходит т.417 схождения границ водохозяйственных участков 13.01.11.001, 13.01.11.002 и 14.01.07.001 в верховьях рек. Нелым и Бол. Салым, поворачивает на север и замыкается в т.368."""
"""Бассейны рек Охотского моря п-ова Камчатка от восточной границы бассейна р. Пенжина до южной границы бассейна р.Тигиль""","""Водохозяйственный участок 19.08.00.001 Бассейны рек Охотского моря п-ова Камчатка от восточной границы бассейна р. Пенжина до южной границы бассейна р. Тигиль целиком расположен в Камчатском крае. Площадь водохозяйственного участка составляет 89,3 тыс. км2. От т.19024 - точки впадения р. Тигиль в Охотское море граница следует в северо-восточном направлении вдоль берега Охотского моря п-ва Камчатка к т.843 примыкания к береговой линии Пенжинской губы Охотского моря в точке границы с водохозяйственным участком 19.09.00.001 (Пенжина). На западном берегу Камчатки в море впадают реки Воямполка, Кахтана, Палана, Лев. Лесная, Шаманка, Пустая, Энынгваям, Таловка. Большая часть побережья полуострова Камчатка представляет собой низменность с абсолютными отметками от 0 до 50 м, рельеф постепенно повышается до плоскогорья с абсолютными отметками от 200 до 700 м и средневысотных гор с отметками до 1000 м на северо- западной окраине полуострова (отроги Срединного и Пенжинского хребтов). Лишь начальный участок восточного побережья Пенжинской губы характеризуется равнинным рельефом (Парапольский дол). Прибрежная территория представляет собой серию морских террас, в прибрежной зоне развиты мелководные бары, препятствующие стоку рек, дренирующих побережье. В связи с этим практически все западное побережье Камчатки сильно заболочено. В северной части встречаются сухие тундры с обильными зарослями водяники и голубики. На восточном берегу Пенжинской губы произрастают травянистые березняки в сочетании с высокотравьем или кустарниками. По низменным местам широко распространены кочкарные, осоково-пушицевые болота и редко - осоково-разнотравные луга. Нижние части склонов гор заняты типичной «кедротундрой». От т.843 граница следует в юго-восточном направлении, пересекает Пенжинский хребет (т.844) на границе с водохозяйственным участком 19.09.00.001, по водоразделу бассейнов рек Энычаваям и Эссовеем проходит на Корякское нагорье до водораздельной точки на границе между Чукотским и Корякским автономными округами (т.918) - схождение границ водохозяйственных участков 19.09.00.001, 19.08.00.001 и 19.06.00.002 (Бассейны рек Берингова моря от северной границы бассейна р. Опука до южной границы бассейна р. Вывенка). От т.918 граница проходит на юго-запад сначала по Ветвейскому хребту через т.19017 схождения границ водохозяйственных участков 19.06.00.002, 19.06.00.003 (Бассейны рек Берингова моря от южной границы бассейна р. Вывенка до северной границы бассейна р. Камчатка) и 19.08.00.001, а затем по Срединному до т.835 - схождение границ водохозяйственных участков 19.06.00.003 (Бассейны рек Берингова моря от южной границы бассейна р. Вывенка до северной границы бассейна р. Камчатка), 19.07.00.001 (Камчатка) и 19.08.00.001 на границе между Корякским а.о. и Камчатской областью. На этом отрезке граница разделяет верховья бассейнов рек, впадающих в Берингово море: Апука, Пахача, Вывенка, Карага, Дранка, Озерная, Ука, и бассейнов рек, впадающих в Охотское море: Таловка, Энынгваям, Пустая, Шаманка, Левая Лесная, Палана, Кахтана. От т.835 граница водохозяйственного участка следует вблизи административной границы между Корякским автономным округом и Камчатской областью до т.840 и далее по Срединному хребту, являющемуся водоразделом бассейна р. Еловка, левого притока р. Камчатка и бассейна р. Тигиль, до т.19022 схождения границ водохозяйственных участков 19.07.00.001, 19.08.00.002 (Бассейны рек Охотского моря п-ова Камчатка южнее южной границы бассейна р. Тигиль) и 19.08.00.001, затем поворачивает на север, проходит чрез т.19025 примыкания к береговой линии Охотского моря границы с водохозяйственным участком 19.08.00.002 и замыкается в исходной т.19024. Рельеф горных хребтов, разделенных глубокими и сложно построенными депрессиями, весьма разнообразен. Верховья почти всех рек занимают троговые долины. Многие хребты имеют современное оледенение. Аномально низкое положение снеговой линии обусловлено климатическими особенностями. На склонах гор представлены разнообразные растительные группировки: лишайниковые, травянисто-лишайниковые, мохово-травянисто-лишайниковые, лишайниково-кустарничковые, а в нижних частях склонов и в долинах, расположенных ниже 200- 250 м – крупнокустарниковые тундры и пойменные леса. Особенностью гор Камчатки является большая площадь осыпных лишенных растительности участков. Среди каменных и щебенчатых россыпей растут дриада, рододендрон камчатский, ива красноплодная и сетчатая, брусника, голубика."""
"""Дон от г. Павловск до устья р.Хопер без р. Подгорная""","""Водохозяйственный участок 05.01.01.012 включает часть бассейна р. Дон с расчетным створом на р. Дон в месте впадения р. Хопер (т.216). Площадь водохозяйственного участка составляет 18.4 тыс. км2. Немного южнее замыкающего створа, в котором сходятся границы водохозяйственных участков 05.01.01.012, 05.01.02.005 (Хопер от впадения р. Ворона до устья без рр. Ворона, Савала и Бузулук) и 05.01.03.005 (Дон от впадения р. Хопер до г. Калач-на-Дону без рр. Хопер, Медведица и Иловля), располагается т.5052, также соединяющая границы трех водохозяйственных участков 05.01.01.012, 05.01.03.005 и 05.01.03.008 (Чир). От этой точки граница участка идет на запад по водоразделу рр. Тихая и Чир, пересекая в т.5053 границу Волгоградской и Ростовской областей, до т.217 у истока р. Чир, где сходятся границы водохозяйственных участков 05.01.01.012, 05.01.03.008 и 05.01.04.006 (Калитва). Далее граница немного отклоняется на северо-запад, пересекает границу Ростовской и Воронежской областей. Затем, простираясь на северо-запад, граница участка проходит т.218, пересечение границ Белгородской и Воронежской областей и у истока р. Айдар достигается т.5055 – точка схождения границ водохозяйственных участков 05.01.01.012, 05.01.04.003 (Оскол ниже Старооскольского г/у до границы РФ с Украиной) и 05.01.04.004, а еще северо-западнее точка 5037 – точка схождения границ водохозяйственных участков 05.01.01.007 (Тихая Сосна), 05.01.01.012 и 05.01.04.003. Отсюда граница участка разворачивается на восток, пересекает границу Воронежской и Белгородской областей (т.5036) и доходит до т.5035, в которой сходятся границы водохозяйственных участков 05.01.01.007, 05.01.01.012 и 05.01.01.010 (Дон от г. Лиски до г. Павловск без р. Битюг). От этой точки направление границы меняется на юго-восточное до т.5044, где граница пересекает р. Дон (ниже г. Павловск), затем на восточное до т.5046, где сходятся границы водохозяйственных участков 05.01.01.010, 05.01.01.011 (Подгорная) и 05.01.01.012, и, наконец, резко на южное по водоразделу рр. Подгорная и Черная Калитва до т.5047, где р. Подгорная впадает в Дон. Дальнейшее направление границы – восточное с плавным отклонением на северо-восточное и после пересечения границы Воронежской и Ростовской областей (т.5051) граница приходит к истоку р. Песковатка, где в т.5050 сходятся границы водохозяйственных участков 05.01.01.011, 05.01.02.005 (Хопер от впадения р. Ворона до устья без рр. Ворона, Савала и Бузулук) и 05.01.01.012. Здесь граница участков 05.01.01.012 и 05.01.02.005 поворачивает на юго-восток, идет вдоль административной границы Ростовской и Волгоградской областей, которую пересекает в т.5056, и достигает замыкающего створа в т.216."""
"""Острова Карского моря в пределах внутренних морских вод и территориального моря РФ, прилегающего к береговой линии гидрографической единицы 15.05.00 (включая о-ва Шокальского и Олений)""","""Водохозяйственный участок 15.05.00.100 включает водные объекты островов Карского моря в пределах внутренних морских вод и территориального моря РФ, прилегающего к береговой линии гидрографической единицы 15.05.00. Наиболее крупными из островов являются острова Олений и Шокальского. Площадь островов составляет около 2 тыс. км2. Граница водохозяйственного участка проходит по береговой линии островов."""
Хор,"""Водохозяйственный участок 20.03.07.005 охватывает бассейн правого притока р. Уссури – р. Хор. Хор начинается на южных склонах горы Хребтовой (1 231 м), течёт по западному склону хребта Сихотэ-Алинь в глубокой долине, в низовьях — по Нижнеамурской низменности, близ устья разбивается на рукава. Наиболее крупные притоки - реки Чуй, Кабули, Сукпай, Чукен, Кафэн, Катэн и Матай - впадают в Хор слева. Справа вдоль реки протянулся Хорский хребет, поэтому ее правый берег, как правило, крутой и гористый. Водохозяйственный участок практически целиком расположен на территории Хабаровского края, лишь верховья бассейна р. Хор захватывают территорию Приморского края. Площадь водохозяйственного участка составляет 24,7 тыс. км2 . В соответствии с Реестром опорных точек описание границы водохозяйственного участка 20.03.07.005 начинается от т.870 – месте впадения р. Хор в р. Уссури (расчетный створ) на Государственной границе РФ с Китаем на границе с водохозяйственным участком 20.03.07.006 (Уссури от впадения р. Большая Уссурка до устья без рр. Бикин и Хор). От этой точки граница водохозяйственного участка идет на восток, огибает верховья р. Кия, поворачивает на север, поднимается на отроги Сихотэ-Алиня и подходит к точке (т.20026) схождения границ водохозяйственных участков 20.03.07.006, 20.03.07.005 и 20.03.09.001 (Амур от г. Хабаровск до г. Комсомольск-на-Амуре). Здесь граница поворачивает сначала на восток-северо-восток, затем обходит истоки р. Немта и поворачивает на северо-северо-восток, далее на водоразделе бассейнов рек Якчи (20.03.07.005) и Тормасу (20.03.09.001) идет на восток и выходит на гребне Сихотэ-Алиня к водоразделу р. Хор и р. Анюй (20.03.09.001) в т.904. Далее, от т.904, граница следует на юго- юго-восток по гребню Сихотэ-Алиня, пересекая административную границу между Хабаровским и Приморским краем в т.863 – точке схождения границ водохозяйственных участков 20.04.00.002 (Реки бассейна Японского моря от северной границы бассейна р. Самарга до восточной границы бассейна р. Партизанская), 20.03.07.005 и 20.03.09.001. От т.863 до т.20025 граница бассейна р. Хор проходит вблизи этой административной границы, на этом участке граница разделяет в т.864 водохозяйственные участки 20.03.07.004 (Бикин), 20.03.07.005) и 20.04.00.002, поворачивает на юго-запад и следует к водораздельной т.20025, в которой на административной границе между Приморским и Хабаровским краем сходятся границы водохозяйственных участков 20.03.07.005, 20.03.07.004 и 20.03.07.006. Здесь граница водохозяйственного участка поворачивает на север по водоразделу бассейнов рек Подхоренок (20.03.07.006) и Матай (20.03.07.005), затем спускается на Нижнеамурскую низменность и по водоразделу рек Подхоренок и Хор идет на запад до точки замыкания – т.870. От низменных плоских равнин рельеф территории изменяется до типично среднегорного со слабо волнистыми гребнями и задернованными склонами, на которых скалистые обнажения представляют редкое явление. Низменный участок границы характеризуется сильной заболоченностью, при подъеме на Сихотэ-Алинь проявляется высотная ландшафтная поясность. Снизу вверх выделяются следующие ландшафтные пояса: пояс кедрово-широколиственных лесов, пояс средних и верхних частей склонов с темнохвойными, елово-пихтовыми лесами, горные вершины, занятые зарослями подгольцовых кустарников, образованных главным образом кедровым стлаником."""
"""Ловать и Пола""","""Водохозяйственный участок 01.04.02.003 охватывает бассейны рядом текущих рек Ловать и Пола от истока до впадения в оз. Ильмень. Река Ловать берет начало из оз. Ловатец на северо- востоке Белоруссии, в верховьях проходит через несколько озёр (Завесно, Задратье, Межа, Сосно, Чернявское, Сесито, Цаство); впадает в оз. Ильмень, образуя с р. Пола обширную дельту. Главные притоки р. Ловать: Локня, Редья, Полисть — слева; Кунья — справа. Река Пола берёт начало на северо-западных склонах Валдайской возвышенности, в низовьях соединяется с р. Ловать. Наиболее крупные притоки р. Пола - Лоринка, Ладомирка, Карповка, Щебериха, Явонь, Каменка, Моревка, Руна, Полометь (все правые). Участок расположен в Новгородской, Псковской и Тверской областях, его площадь составляет29,2 тыс. км2. От расчетного створа впадения р. Ловать в оз. Ильмень (т.1059) граница водохозяйственного участка 01.04.02.003 следует на восток, пересекает устье р. Пола, затем по водоразделам рр. Верготь, Колпинка и Ларинка проходит до т.1057 схождения границ водохозяйственных участков 01.04.02.002 (Мста без р. Шлина от Вышневолоцкого г/у), 01.04.02.003 и 01.04.02.005 (Бассейн оз. Ильмень без рр. Мста, Ловать, Шелонь), далее по водоразделам рр. Мошня, Ямница и Хохлова, огибая истоки р. Полометь и оз. Валдайское следует по северу Валдайской возвышенности до т.916 схождения границ водохозяйственных участков 01.04.02.001 (Шлина от истока до Вышневолоцкого г/у), 01.04.02.002 и 01.04.02.003, поворачивает на юг и огибает бассейн оз. Шлино на границе между Тверской и Новгородской областями, затем проходит т.48 схождения границ водохозяйственных участков 01.04.02.001, 01.04.02.003 и 08.01.01.004 (Волга от Верхневолжского бейшлота до г. Зубцов без р. Вазуза от истока до Зубцовского г/у) на границе между Тверскойи Новгородской областями, затем, следуя по западной части Валдайской возвышенности, снова пересекает границу между Тверской и Новгородской областями в т.8011, проходит т.8002 схождения границ водохозяйственных участков 08.01.01.001 (Волга от истока до Верхневолжского бейшлота), 08.01.01.004 и 01.04.02.003 у оз. Селигер, обходит истоки рр. Волга, Маревка, Пола, проходит т.11 схождения границ водохозяйственных участков 01.04.02.003, 08.01.01.001 и 01.02.00.002 (Западная Двина от истока до впадения р. Межа), следует по водоразделу рр. Торопа и Сережа, Ока, Добша до пересечения с границей между Тверской и Псковской областями в т.10. Затем граница, следуя по Воробьевым горам, обходит оз. Жижицкое, Двинье, проходит т.1007 схождения границ водохозяйственных участков 01.02.00.002, 01.02.00.004 (Западная Двина от впадения р. Межа до границы с Респ. Беларусь) и 01.04.02.003, после чего примыкает к Государственной границе РФ с Республикой Беларусь в т.9 на границе с водохозяйственным участком 01.02.00.004. От этой точки граница поворачивает на запад и следует вдоль Государственной границы РФ до т.21 примыкания к ней границы с водохозяйственным участком 01.02.00.001 (Дрисса). Затем граница водохозяйственного участка 01.04.02.003 поворачивает на север, поднимается на Бежаницкую возвышенность, проходит т.20 схождения границ водохозяйственных участков 01.02.00.001, 01.03.00.001 (Великая от истока до в/п д. Гуйтово) и 01.04.02.003 у оз. Язно, проходит по водоразделу рр. Лохня и Льста (т.30), в верховьях р. Уда проходит на Судомской возвышенности т.29 схождения границ водохозяйственных участков 01.03.00.001, 01.04.02.003 и 01.04.02.004 (Шелонь), затем пересекает границу между Псковской и Новгородской областями в т.1060, после чего проходит т.1061 схождения границ водохозяйственных участков 01.04.02.003, 01.04.02.004 и 01.04.02.005 и замыкается в начальной точке. Территория характеризуется моренным резко холмистым рельефом, понижения между холмами часто заняты озерами и болотами. Господствуют леса смешанного типа (еловые и елово- широколиственные), на песках произрастают сосновые боры."""
"""Лена от истока до г.Усть-Кут""","""Водохозяйственный участок 18.03.01.001 охватывает бассейн р. Лена от истока до г. Усть-Кут (в/п Усть-Кут), и целиком расположен в Иркутской области. Площадь водохозяйственного участка составляет 71,4 тыс. км2. От т.18006 – замыкающего створа – граница водохозяйственного участка 18.03.01.001 следует на юг по Ангарскому плато (800-1500 м), проходит через т.18007 на схождении границ водохозяйственных участков 18.03.01.001, 18.03.01.002 (Лена от г. Усть-Кут до г. Киренск) и 18.01.03.003 (Киренга), затем черезт.18008, в верховьях р. Назима, поворачивает на восток и выходит на Байкальский хр. к точке схождения границ водохозяйственных участков 18.03.01.001, 18.03.01.002 и 16.04.00.001 (Бассейны рек средней и северной части оз. Байкал от юго-восточной границы бассейна р. Ангара до северо-западной границы бассейна р. Баргузин) - т.18009. Граница разделяет бассейны рек Илга и Киренга. От т.18009 граница проходит по Приморскому хребту (1700-2100 м) нависающему над самым берегом оз. Байкал (т.601), и подходит к водоразделу (т.572) на границе водохозяйственных участков 18.03.01.001, 16.01.01.004 (Ангара от створа Иркутского г/у до г. Усолье-Сибирское без рр. Иркут, Китой) и 16.04.00.001 в точке пересечения с границей между Иркутской областью и Усть-Ордынским Бурятским а.о. В северной части отрезка границы чередуются участки редколесной растительности, горной тундры и гольцовых поверхностей, практически лишенных почвенно-растительного покрова, южный участок характеризуется господством горных лиственничных и лиственнично-кедровых лесов, на вершинных участках распространены горные тундры и разреженная растительность гольцов. От т.572 граница следует на север по западной части Ленско-Ангарского плато, пересекает в т.571 административную границу между Иркутской областью и Усть-Ордынским Бурятским автономным округом на границе с водохозяйственным участком 16.01.01.004 и до т.570 на границе с водохозяйственным участком 16.01.01.008 (Ангара от г. Усолье-Сибирское до Братского г/у (Братское в-ще) без рр. Белая, Ока, Ия) практически совпадает с ней. Далее граница проходит через водораздел (т.569) водохозяйственных участков 18.03.01.001, 16.01.01.008 и 16.01.03.001 (Ангара от Братского г/у до Усть-Илимского г/у (Усть-Илимское в-ще)) у истока р. Илим, огибает верховья рек Илим, Коченга и Купа (т.568) на границе с водохозяйственным участком 16.01.03.001 у истока р. Купа и достигает точки схождения (т.567) границ водохозяйственных участков 18.03.01.001, 16.01.03.001 и 17.01.05.001 (Подкаменная Тунгуска от истока до впадения р. Чуня). Абсолютные высоты местности в конце этого участка быстро снижаются от 900 - 1000 м до 500 м, рельеф типичен для плато и характеризуется небольшой расчлененностью, наличием обширных выровненных пространств. В ландшафтной структуре преобладают зональные типы ландшафтов возвышенных платформенных равнин: горные лиственничные и лиственнично-кедровые леса по мере продвижения на север сменяются темнохвойными лесами с участками лиственнично- сосновых таежных лесов Граница является водоразделом (с востока) бассейна р. Лена: рр. Илга, Купа, Кукта и (с запада) бассейна р. Ангара с ее левыми притоками - рр. Куда (с ее левым притоком р. Мурин), Оса, Илим (с правым притоком р. Коченга). От т.567 граница поворачивает на восток, проходит по восточным отрогам Ангарского кряжа через точку схождения (т.622) границ водохозяйственных участков 18.03.01.001, 17.01.05.001 и 17.01.07.001 (Нижняя Тунгуска от истока до в/п п. Кислокан), далее проходит через т.621 схождения границ водохозяйственных участков 18.03.01.001, 18.03.01.002 и 17.01.07.001 на водоразделе р. Ниж. Тунгуска и замыкается в расчетном створе т.18006. На пути следования границы сформировались бореальные низко- и среднегорные ландшафты с преобладанием лиственнично-кедровых и лиственнично-сосновых лесов."""
"""Реки бассейна Белого моря от западной границы бассейна р. Иоканга (мыс Святой Нос) до восточной границы бассейна р. Нива без р. Поной""","""Водохозяйственный участок 02.02.00.002 охватывает бассейны рек Белого моря от западной границы бассейна р. Иоканга (мыс Святой Нос) до восточной границы р. Нива, исключая бассейн р. Поной. Участок состоит из двух частей, разделенных бассейном р. Поной. Участок полностью расположен в Мурманской области, его площадь составляет 37,0 тыс. км2. От т.56, расположенной на береговой линии мыса Святой Нос (граница между Баренцевым и Белым морями) на границе с водохозяйственным участком 02.01.00.009 (Реки бассейна Баренцева моря от восточной границы бассейна р. Воронья до западной границы бассейна р. Иоканга (мыс Святой Нос)), граница первой части водохозяйственного участка движется вдоль береговой линии Белого моря на юго-восток до границы с водохозяйственным участком 02.02.00.001 (Поной) в т.2026. Отсюда граница уходит вглубь материка в северо-западном направлении по водоразделу бассейна р. Поной до т.2023 - схождения границ водохозяйственных участков 02.01.00.009, 02.02.00.002 и 02.02.00.001, после чего поворачивает на северо-восток и замыкается в начальной точке т.56 на береговой линии мыса Святой Нос. Граница второй части водохозяйственного участка 02.02.00.002 начинается от т.2025 на береговой линии Белого моря на границе с бассейном р. Поной и проходит по побережью Белого моря в юго-западном направлении до т.2027 на берегу Кандалакшского залива до границы с водохозяйственным участком 02.02.00.003 (Нива вкл. оз. Имандра). Рельеф данного участка границы преимущественно равнинный, вдоль всего побережья протянуты невысокие моренные гряды (Терские Кейвы), лишь на крайнем западе к самому берегу подходят горные поднятия высотой до 588 м (г. Б.Плесовая ) и 636 м (г. Круглая). Равнины на востоке участка границы заняты мохово-лишайниковыми тундрами и торфяными болотами, постепенно сменяющимися редкими северотаежными сосновыми и еловыми лесами вперемежку с березовым редколесьем. От т.2027 граница уходит вглубь Кольского полуострова, проходит по водоразделу рр. Большая, Кана и левых притоков оз. Бол.Имандра, проходит по Хибинским горам и достигает т.2020 схождения границ водохозяйственных участков 02.01.00.007 (Воронья от истока до г/у Серебрянское 1, вкл. оз. Ловозеро), 02.02.00.002 и 02.02.00.003, от которой поворачивает на юго - восток. От т.2020 граница проходит по водоразделу оз.Ловозеро и оз.Умбозеро, минует т.58 на водоразделе рр. Цага и Пана, т.2019 схождения границ водохозяйственных участков 02.01.00.007, 02.02.00.001 и 02.02.00.002 и, проходя по верховьям бассейнов южных притоков р. Поной, выходит на побережье Белого моря снова в т.2025, где и замыкается вторая часть водохозяйственного участка."""
Уда,"""Водохозяйственный участок 20.02.00.001 охватывает целиком бассейн р. Уда, которая берёт начало на северном склоне хр. Джагды, протекает в широкой лесистой заболоченной долине, впадает в Удскую губу Охотского моря. Основные притоки: справа — Шевли, Гербикан, Галам; слева — Чогар, Мая, Джана. Водохозяйственный участок практически целиком расположен на территории Хабаровского края, площадь водохозяйственного участка составляет 61,3 тыс. км2 . В соответствии с Реестром опорных точек описание границы водохозяйственного участка начинается от расчетного створа (т.855) - впадение р. Уда в Удскую губу Охотского моря. Пройдя короткий участок по побережью Удской губы в юго-восточном направлении до т.856 на водоразделе с водохозяйственным участком 20.03.09.003 (реки бассейна Охотского моря от границы бассейна р. Уда до мыса Лазарева без р. Амур), граница бассейна Уды отходит от побережья в юго-западном направлении по Тайканскому хребту и следует по водоразделу бассейнов р. Ними (правый приток Уды) и р. Тыль (20.03.09.003) до т.857 (схождение границ водохозяйственных участков 20.03.09.003, 20.03.04.003 (Селемджа) и 20.02.00.001 на границе между Амурской областью и Хабаровским краем). Далее от т.857 до т.859 граница водохозяйственного участка проходит вблизи административной границы между Амурской областью и Хабаровским краем. В т.857 граница водохозяйственного участка 20.02.00.001 поворачивает на запад-юго-запад и проходит по Селемджинскому хребту, разделяя верховья бассейнов рек Галлам и Шевли (бассейн Уды) и Селиткан, Селемджаи Нора в бассейне Амура, затем поворачивает на северо-запад, переходит на хребет Джагды, проходит по водораздел у р.Шевли (20.02.00.001) и Нора (20.03.04.003), уходит на запад по водоразделу бассейнов р. Уда и р. Дугда (20.03.04.003) к точке схождения границ водохозяйственных участков 20.02.00.001, 20.03.04.003 и 20.03.04.001 (Зея от истока до Зейского г/у) на границе между Амурской областью и Хабаровским краем (т.858), поворачивает на северо-восток и по водоразделу между бассейнами рек Арги (20.03.04.001) и Удыхын (20.02.00.001) пересекает в т.859 административную границу между Амурской областью и Хабаровским краем. Затем граница водохозяйственного участка, поворачивая в северо-западном направлении по западным отрогам Майского и южным отрогам Станового хребтов, разделяет бассейны рек Купури (бассейн Амура) и Мая в бассейне Уды, далее поднимается на хребет Токинский Становик и подходит к т.716. В этой точке на административной границе Хабаровского края и Амурской области сходятся границы водохозяйственных участков 20.02.00.001, 20.03.04.001 и 18.03.06.003 (Учур). Абсолютная высота участка прохождения границы от нулевой отметки побережья возрастает до 2038 м на Тайканском хребте, затем снижается до 1200 м на водоразделе с Зеей и вновь возрастает до 2196 м на хребте Токинский Становик. Гребневые линии высоких гор глубоко расчленены, имеют кары, конусообразные вершины и узкие седловины, среднегорные водораздельные пространства имеют форму слабовыпуклых холмов или увалов. Средние и нижние части каменистых склонов южной экспозиции покрыты рододендроновыми лиственничными лесами, а пологие, менее дренированные - багульниковыми лиственничниками. В интервале высот 800-1100 м склоны заняты темнохвойными лесами из аянской ели. Верхние части склонов гор, включая и более низкие седловины, образуют подгольцовую зону стелющихся кустарников, где основу растительного покрова образует кедровый стланик. Здесь много каменных осыпей, небольших по площади курумов. Гольцовая зона развита слабо, она приурочена к гребням хребтов, превышающих 1200 м. В т.716 граница водохозяйственного участка поворачивает на восток и до т.715 проходит близко к административной границе между Амурской областью и Хабаровским краем, затем, следуя в восточном направлении по хребту Токинский Становик и северным отрогам Немериканского хребта, достигает водораздельной т.18063, где сходятся границы водохозяйственных участков 18.03.06.003, 18.03.06.005 (Мая от истока до в/п с. Аим) и 20.02.00.001. Отсюда граница уходит на юго- восток к т.714 - схождение границ водохозяйственных участков 18.03.06.005, 20.01.00.001 (Реки бассейна Охотского моря от северо-восточной границы бассейна р. Иня до границы бассейна р. Уда) и 20.02.00.001. На отрезке от т.716 до т.714 граница разделяет водосборные площади правых притоков р. Алдан разного порядка (рек Идюм, Б.Тыркан, Тыркан, Уян, Учур, Маймакан) и рек бассейна Уды (Мая, Лимну, Джана). От т.714 граница по водоразделу левых притоков р. Джана простирается сначала в юго-восточном, а затем в южном направлении до побережья Удской губы (т.854) и, пройдя короткий участок по побережью в юго-восточном направлении, замыкается в т.855 – устье р. Уда. Абсолютные высоты на этом отрезке понижаются от 2196 м на хребте Токинский Становик до 1639 на юго-западных отрогах хребта Джугджур, 1204 м на отрогах Прибрежного хребта и достигают нулевой отметки на побережье. Хребет Токинский Становик имеет почти широтное простирание, обрывистые южные склоны; типичны куполовидные и плосковершинные водоразделы, местами в гребневой зоне имеются кары, цирки, троги. На склонах - горная лиственничная тайга; встречаются леса из аянской ели. Выше 1200 м тайга сменяется поясом кедрового стланика, верхние части заняты горными тундрами, гольцовыми поверхностями. В прибрежных горах на высоте 900-1200 м преобладают лиственничные редколесья, в нижней части гор – среднетаежные лиственничные леса с багульником и мхами. Равнинная часть устьевой зоны Уды представляет собой широкую террасированную долину Уды и обрамляющие ее шлейфы и пологие склоны гор. На всем протяжении она заболочена и покрыта главным образом сфагновыми марями с низкорослыми редкостойными лиственницами, занимающими плоские бугры или даже плоские пространства."""
"""Днепр, от Каховского гидроузла до устья""","""Водохозяйственный участок 04.01.00.019 включает часть бассейна р. Днепр гидроузла Каховского водохранилища до устья. Площадь водохозяйственного участка составляет 7.41 тыс. км2. В т.948 р. Ингулец пересекает Государственную границу РФ с Украиной. Отсюда граница водохозяйственного участка следует в южном направлении до т.949 в которой р.Ингулец снова пересекает Государственную границу РФ с Украиной (04.01.00) в районе впадения р.Висунь. Продолжая следовать по Государственной границе с Украиной в южном, а затем юго-западном направлении еще раз пересекает р.Ингулец доходит до т.951, расположенной на берегу Днепровского лимана, пересекает его, после чего поворачивает и следует в юго-восточном направлении до т.4057, расположенной вблизи Днепровского лимана. Далее продолжает следовать в юго-восточном направлении, потом поворачивает и меняет направление на северо-восток доходит до т. 4055, в которой сходятся границы водохозяйственных участков 04.01.00.019, 04.01.00.018 и 04.01.00.020. Далее граница участка отклоняется на север и следует до Государственной границы РФ с Украиной (т.4056), вдоль которой в западном направлении участок замыкается в т.948."""
"""Нижняя Тунгуска от в/п п.Учами до устья""","""Водохозяйственный участок 17.01.07.004 включает нижнюю часть бассейна р. Нижняя Тунгуска от в/п п. Учами до устья. Водохозяйственный участок расположен на территории Эвенкийского автономного округа. Площадь водохозяйственного участка составляет 94 тыс. км2. От т.645 впадения р. Нижняя Тунгуска в р. Енисей - схождение границ водохозяйственных участков 17.01.06.001 (Енисей от впадения р. Подкаменная Тунгуска до впадения р. Нижняя Тунгуска), 17.01.07.004 (Нижняя Тунгуска от в/п п. Учами до устья) и 17.01.08.002 (Енисей от впадения р. Нижняя Тунгуска до в/п г. Игарка без р. Курейка от истока до Курейского г/у) граница следует на северо-восток, поднимаясь на возвышенность Марбенду, проходит водораздел водохозяйственных участков 17.01.07.004, 17.01.08.001 (Курейка от истока до Курейского г/у) и 17.01.08.002, поворачивает на восток затем на север, дважды пересекает административную границу между Красноярским краем и Эвенкийским автономным округом в т.т.651 и 652 и далее следует по южным отрогам плато Путорана, проходит через т.653 у истока р. Тимерокан, поворачивает на юго-восток, проходит через т.17027 схождения границ водохозяйственных участков 17.01.07.002 (Нижняя Тунгуска от в/п п. Кислокан до в/п пгт. Тура), 17.01.07.004 и 17.01.08.001, поворачивает на юго-запад и подходит к водоразделу водохозяйственных участков 17.01.07.002, 17.01.07.003 (Нижняя Тунгуска от в/п пгт. Тура до в/п п. Учами) и 17.01.07.004 – т.17026. Абсолютные высоты от устья Нижней Тунгуски (отметка 10 м) резко возрастают до 1000 м в конце этого отрезка. Территория расчленена на широкие гряды и отдельные останцовые плато. Граница разделяет (с севера) бассейны рек Курейка, Эндэ, и (с юга) бассейны рек Северная, Тимерокан. Склоны холмов до высоты 550-600м покрыты лиственничным и елово-лиственничным редколесьем. Выше идет пояс ольхового стланика, затем – ивняково-ерниковая тундра, кустарниково-лишайниковая и горная арктическая пустыня. В т.17026 граница водохозяйственного участка поворачивает на юго-восток, проходит по возвышенности Тутончана, затем выходит на плато Сыверма к т.17028 у в/п п. Учами на р. Нижняя Тунгуска, поворачивает на запад, затем делает петлю в юго-западном направлении, проходит через т.17021 схождения границ водохозяйственных участков 17.01.06.001 (Енисей от впадения р. Подкаменная Тунгуска до впадения р. Нижняя Тунгуска), 17.01.07.003 и 17.01.07.004 и поворачивает на запад к т.650. Граница разделяет (с востока и юга) реки Виви с ее притоками, Учами, Майгунена и (с запада и севера) реки Тутончана, Чискова, Дегали. Абсолютные высоты местности колеблются от 100 до 700м. Территория относится к северо – и среднетаежной подзоне. Междуречья заняты сосново- лиственничными лесами. От т.650 на административной границе между Красноярским краем и Эвенкийским автономным округом граница поворачивает на северо-запад и следует по Тунгусскому плато вдоль административной границы, пересекая ее в т.т. 650 (у истока р. Дэтыктэ), 649, 648 (на водоразделе рек Дельтула и Нижняя Тунгуска), 647 и 646, выходит на восточную оконечность Туруханской низменности и замыкается в т.645. Абсолютные высоты на большем протяжении участка составляют 350-700 м, резко снижаясь к устью Нижней Тунгуски. Граница разделяет (с юго-запада) бассейны рек Бахта, Дельтула, Хурингда и (с северо-востока) бассейны рек Дегали, Дэтэктэи другие притоки Нижней Тунгуски. Территория относится к подзоне среднетаежных ландшафтов. Междуречья заняты елово-лиственничными лесами. В долинах рек развиты густые ерники и почти все водотоки оконтурены кустарником из ив, ольховника, черемухи, рябины, смородины и шиповника."""
"""Иртыш от впадения р.Тобол до г. Ханты-Мансийск (выше) без р. Конда""","""Водохозяйственный участок 14.01.07.001 охватывает бассейн р. Иртыш от впадения в него р. Тобол до устья выше г. Ханты-Мансийск. Участок расположен в Тюменской области и Ханты- Мансийском а.о., его площадь составляет 76,2 тыс. км2. Т.368 – на водоразделе бассейнов рек Оби и Иртыша вблизи его впадения в р. Обь (южнее г. Ханты-Мансийск). Схождение границ гидрографических единиц 14.01.07.001, 13.01.11.002 (Обь от г. Нефтеюганск до впадения р. Иртыш) и 15.02.01.001 (Обь от впадения Иртыша до впадения р. Северная Сосьва). От т.368 граница участка идет в юго-восточном направлении и от т.418 до т.416 проходит практически по административной границе между Ханты-Мансийским автономным округом и Тюменской областью, проходя в т.417 точку схождения границ водохозяйственных участков 14.01.07.001, 13.01.11.001 (Обь от впадения р. Вах до г. Нефтеюганск) и 13.01.11.002. Т.416 является точкой схождения границ водохозяйственных участков 13.01.08.001 (Васюган), 13.01.11.001 и 14.01.07.001 в точке схождения границ Омской, Томской, Тюменской областей и Ханты-Мансийского автономного округа. Граница участка проходит по сильно заозеренной Среднеобской низменности (абсолютная высота возрастает от 24 в устье р. Иртыш до 80-125 м в верховьях р. Демьянка). Рельеф территории почти идеально равнинный, притоки Оби и Иртыша протекают здесь в неглубоко врезанных, но широких долинах. Надренированных пространствах располагаются среднетаежные темнохвойные леса из пихты, кедра и ели. Большие территории занимают луга. От т.416 граница участка поворачивает на юг, пересекает границу между Омской и Томской областями (т.13048), проходит через точку схождения границ водохозяйственных участков 13.01.08.001, 14.01.01.003 (Иртыш от впадения р. Омь до впадения р. Ишим без р. Оша) и 14.01.07.001 – т.415 и поворачивает на запад. Далее граница обходит верховья р. Тегус, еще раз пересекает в т.480 административную границу между Омской и Тюменской областями, и, проходя через т.479, в которой сходятся границы водохозяйственных участков 14.01.01.003, 14.01.04.001 (Иртыш от впадения р. Ишим до впадения р. Тобол) и 14.01.07.001, еще дважды пересекает административную границу между Омской и Тюменской областями – в т.494 на водоразделе р. Иптияр и р. Бол.Туртас и в т.493 на водоразделе рек Мал. Туртас и Иртыш. Затем граница пересекает р. Иртыш в месте впадения в него р. Тобол (т.492), проходит т.14079 схождения границ водохозяйственных участков 14.01.05.025 (Тавда от истока до устья без р. Сосьва от истока до в/п д. Морозково), 14.01.05.026 (Тобол от впадения р. Исеть до устья без рр. Тура, Тавда) и 14.01.07.001, на водоразделе р. Лайма и Тавда пересекает административную границу между Тюменской и Свердловской областью и поворачивает на север, следуя к т.501 - схождение границ водохозяйственных участков 14.01.05.025, 14.01.06.001 (Конда) и 14.01.07.001 в точке схождения административных границ Свердловской области, Ханты-Мансийского автономного округа и Тюменской области. В начале участка граница следует по западной окраине плоской, слаборасчлененной, сильно заболоченной и заозеренной Васюганской равнине, далее по юго-восточной оконечности возвышенности Тобольский материк и по южной части Кондинской низменности. Абсолютные высоты к устью Иртыша снижается от 128 до35 м, затем возрастают до 85 м, территория характеризуется плоским рельефом и высокой степенью заболоченности. Ландшафты представлены болотно-озерными комплексами, заболоченными березняками, приречные склоны занимают лесные массивы южной темнохвойной тайги. От т.501 граница проходит в северо-восточном направлении по Кондинской низменности по водоразделам бассейнов рек Алымка и Кума, трижды (в т.506, т.505 и т.504) пересекает административную границу между Ханты-Мансийским автономным округом и Тюменской областью и выходит к месту впадения р. Конда в р. Иртыш (т.503). От этой точки граница делает петлю на запад к т.477, в которой сходятся границы водохозяйственных участков 14.01.06.001, 14.01.07.001 и 15.02.01.001, затем поворачивает на восток, пересекает Иртыш южнее г. Ханты- Мансийск и замыкается в т.368. Абсолютные высоты на протяжении участка границы мало изменяются и находятся в пределах 45-85 м, рельеф территории практически идеально плоский. Территория входит в так называемую лесоболотную ландшафтную зону, где таежные ландшафты сопряжены с грядово-мочажинными и грядово-озерковыми болотами."""
"""Острова Карского моря в пределах внутренних морских вод и территориального моря РФ, прилегающего к береговой линии гидрографической единицы 17.01.08 (вкл. о-в Сибирякова и о-в Диксон)""","""Водохозяйственный участок 17.01.08.100 включает водные объекты островов Карского моря в пределах внутренних морских вод и территориального моря РФ, прилегающего к береговой линии гидрографической единицы 17.01.08. Наиболее крупным из островов является острова Сибирякова и Диксон. Площадь островов составляет 2,6 тыс. км2. Граница водохозяйственного участка проходит по береговой линии островов."""
"""Реки бассейна зал. Сиваш Азовского моря от восточной границы бассейна р. Салгир до перешейка Керченского полуострова, включая водные объекты российской части Арабатской стрелки""","""Водохозяйственный участок 21.02.00.003 охватывает водосборы рек восточного Крыма, стекающих с северо-восточного склона Крымских гор и впадающих в залив Сиваш Азовского моря, а также водные объекты российской части косы Арабатская стрелка. С севера и запада ВХУ ограничен водоразделом с р. Салгир, с северо-востока – береговой линией залива Сиваш Азовского моря и береговой линией косы Арабатская стрелка до государственной границы РФ с Украиной на Арабатской стрелке, с востока – Акмонайским перешейком Керченского полуострова, с юга – водоразделом с реками южного берега Крыма (главной грядой Крымских гор). Площадь водохозяйственного участка составляет 2,26 тыс. км2. С северо-восточных склонов главной гряды Крымских гор в равнинный Крым по территории Индольской и Присивашской низменностей стекают реки Восточный Булганак, Мокрый Индол, Сухой Индол, Субаш, Чурюк-Су (Чурук-Су, Чорох-Су). Река Мокрый Индол, образованная слиянием рек Индол и Сала, – наиболее многоводная река данной группы. Водность рек по направлению к устью значительно уменьшается, и в пределах равнины в них зачастую отсутствует сток в летнюю межень. Основные реки данной группы впадают в Солончаки - участки суши, периодически затапливаемые при нагоне воды с Азовского моря при ветрах восточного направления. На участке от устья р. Салгир до устья р. Восточный Булганак в залив Сиваш впадают несколько небольших балок, в т.ч. р. Суджилка. Восточнее устья р. Чурюк-Су в Сиваш впадают балка Купеческая и ручей Сухой (б. Кой-Асан). На территории участка находятся Старокрымское водохранилище на реке Чурюк-Су и Фронтовое водохранилище на балке Купеческая. По территории участка проходит Северо-Крымский канал. На территории водохозяйственного участка последовательно с юга на север и северо-восток представлены ландшафты: Северного макросклона Крымских гор – дубовых, буковых и грабовых лесов, лесостепной и луговостепной предгорного пояса, типичных и пустынных степей равнинного Крыма. От т. 21013 в южной части устьевой области р. Салгир граница идет на юго-восток вдоль береговой линии залива Сиваш, у южной оконечности косы Арабатская стрелка граница поворачивает на северо-запад и идет вдоль косы по береговой линии до государственной границы РФ с Украиной на косе Арабатская стрелка, пересекает косу по линии государственной границы в северо-восточном направлении и в т. 937 на береговой линии Азовского моря поворачивает на юго-восток, двигаясь вдоль косы по береговой линии Азовского моря до т. 21014 у южной оконечности Арабатской стрелки на Акмонайском перешейке, отделяющем Керченский полуостров от полуострова Крым. Здесь граница поворачивает на юг-юго-восток и проходит вдоль Акмонайского перешейка по водоразделу бассейнов рек Азовского моря и залива Сиваш до т. 924 схождения границ ВХУ 21.01.00.006 (Реки бассейна Черного моря от мыса Святого Ильи до мыса Такиль), 21.02.00.003 и 21.02.00.004 (Реки Керченского полуострова бассейна Азовского моря). В т. 924 граница поворачивает на запад, ограничивая водосборы ручья Сухой (б. Кой-Асан) и балки Купеческая с Фронтовым водохранилищем. Далее граница движется на запад вдоль Северо-Крымского канала, обходит с севера Феодосийское водохранилище, поворачивает в юго-западном направлении, движется через хребты Ботегеч и Биюк-Эгет, по границе водосбора р. Чурюк-Су, поднимается по северному склону Крымских гор и через т. 21010 схождения границ ВХУ 21.01.00.005 (Реки восточной части Южного берега Крыма от восточной границы бассейна р. Демерджи до мыса Святого Ильи), 21.01.00.006 и 21.02.00.003 достигает хребта Туар-Алан и поворачивает на запад, ограничивая водосборы Старокрымского водохранилища, притоков р. Сухой Индол и р. Сала с юга. В районе Куртинской балки, впадающей в р. Индол с правого берега, граница отклоняется к юго-западу, проходит по хребту Хамбал и в районе г. Ливаз-Кая достигает т. 21009 схождения границ ВХУ 21.02.00.002 (Бассейн р. Салгир), 21.02.00.003 и 21.01.00.005. В т. 21009 граница уходит на север по хребту Кара-Коль, отделяя левые притоки р. Индол от правых притоков р. Малая Карасевка, затем достигает г. Кубалач и проходит далее по Бурун-Дукскому хребту, окаймляя водосбор верховьев р. Восточный Булганак. Далее граница движется по водоразделу в северном направлении, отделяя бассейны р. Малая Карасевка и р. Восточный Булганак, а затем бассейны р. Карасевка и р. Суджилка. После пересечения с Северо-Крымским каналом граница отклоняется на северо-восток, отделяя бассейны р. Салгир и рек, впадающих в залив Сиваш севернее устья р. Восточный Булганак, и замыкается в т. 21013 в южной части устьевой области р. Салгир."""
"""Енисей от впадения р.Абакан до Красноярского г/у""","""Водохозяйственный участок 17.01.03.003 включает часть бассейна р. Енисей от впадения р. Абакан до Красноярского гидроузла. Водохозяйственный участок расположен на территории Республики Хакасия, Красноярского края и Иркутской области. Площадь водохозяйственного участка составляет 65 тыс. км2. От т.1707 в створе Красноярского гидроузла на р. Енисей граница следует в юго-восточном направлении, проходит через т.17008 схождения границ водохозяйственных участков 17.01.03.003 (Енисей от впадения р. Абакан до Красноярского г/у), 17.01.03.004 (Кан) и 17.01.03.005 (Енисей от Красноярского г/у до впадения р. Ангара без р. Кан), пересекает административную границу между Красноярским краем и Иркутской областью, поднимается на Восточный Саян, проходит через т.17009 схождения границ водохозяйственных участков 16.01.02.002 (Бирюса), 17.01.03.003 и 17.01.03.004, далее проходит через т.16033 схождения границ водохозяйственных участков 16.01.02.001 - Чуна (Уда), 16.01.02.002 и 17.01.03.003 у истока р. Казыр и подходит к водоразделу (т.583) бассейнов рек Уда, Большой Енисей и Енисей – точку схождения границ водохозяйственных участков 16.01.02.001, 17.01.01.001 (Большой Енисей) и 17.01.03.003 в точке пересечения с административной границей между Иркутской областью и Республикой Тыва, далее, практически совпадая с ней, поворачивает на юго-запад по хребту Эррак-Таргак-Тайга, пересекает административную границу между Республикой Тыва и Красноярским краем в т.629. Абсолютные высоты нарастают до 2700 м, вершины имеют характер острых скалистых пиков. По пути следования границы преобладают ландшафты темнохвойной тайги, верхняя граница которой заканчивается на высоте 2000-2200м., выше расположен пояс высокогорных кустарников. От т.629 граница делает петлю в южном направлении, проходит через т.17001 схождения границ водохозяйственных участков 17.01.01.001, 17.01.03.001 (Енисей от истока до Саяно- Шушенского г/у) и 17.01.03.003, поворачивает на запад, проходит через т.17003 схождения границ водохозяйственных участков 17.01.03.001, 17.01.03.002 (Енисей от Саяно-Шушенского г/у до впадения р. Абакан) и 17.01.03.003, затем поворачивает на северо-запад, проходит через т.17005 в месте впадения р. Абакан в Енисей, далее проходит через т.17006 схождения границ водохозяйственных участков 17.01.03.002, 17.01.03.003 и 13.01.04.001 (Чулым от истока до г. Ачинск). Затем граница поворачивает на северо-восток, идет вдоль Батеневского Кряжа, пересекая в т.390 административную границу между Красноярским краем и Республикой Хакасия, проходит по водоразделу в верховьях р. Кемчуг - т.389 на схождении границ водохозяйственных участков 13.01.04.001, 13.01.04.002 (Чулым от г. Ачинск до в/п с. Зырянское) и 17.01.03.003, проходит через т.17010 схождения границ водохозяйственных участков 17.01.03.003, 17.01.03.005 (Енисей от Красноярского г/у до впадения р. Ангара без р. Кан) и 13.01.04.002, поворачивает на юго-восток и замыкается в т.17007. Абсолютная высота по мере спуска с высоких хребтов Западного Саяна и выхода на предгорные равнины снижается с 2700 м до 600 м. Меняется и характер ландшафтов территории. В высокогорных районах ярко проявляется высотная поясность. Горная тайга покрывает склоны до высоты 2000- 2200 м. В расположенном выше альпийском поясе доминируют заросли низкорослых кустарников, субальпийские и альпийские луга, выше отчетливо выражен нивальный пояс, в котором горные тундры, лишенные растительности осыпи и скалы чередуются со снежными полями и ледниками. В среднегорных районах до высот 600-750 м господствуют темнохвойные южнотаежные леса и сосняки, ниже произрастают подтаежные березовые и парковые березово-осиновые леса."""
Амгунь,"""Водохозяйственный участок 20.03.08.001 охватывает бассейн левого притока р. Амур – р. Амгунь, которая образуется слиянием рек Сулук и Аякит. Аякит начинается с западных склонов Буреинского хребта, Сулук вытекает из одноименного горного озера. Главные притоки Амгуни: Баджал, Милан, Дуки, Нимелен, Им, Сомня; все они являются быстрыми горными реками. Водохозяйственный участок расположен на территории Хабаровского края, площадь водохозяйственного участка составляет 55,5 тыс. км2 . От т.900 – точки впадения р.Амгунь в р. Амур на границе с водохозяйственным участком 20.03.09.002 (Амур от г. Комсомольск до устья без р. Амгунь) граница водохозяйственного участка 20.03.08.001 следует в южном направлении до т.901, где, огибая истоки р. Вьюн (20.03.08.001) поворачивает на юго-запад и продолжается по хребту Чаятын по водоразделу р. Им (20.03.08.001) и Бичи (20.03.09.002). Огибая верховья р. Эвур (т.902) на водоразделе с р. Им, граница проходит вблизи оз. Чукчагирское (20.03.08.001), выходит на гребень Баджальского хребта на водораздел бассейнов р. Горюн и Амгунь (т.903) ,далее подходит к точке схождения границ водохозяйственных участков 20.03.08.001, 20.03.09.001 (Амур от г. Хабаровск до г. Комсомольск-на-Амуре) и 20.03.09.002 (т.20030) и продолжается по Баджальскому хребту до т.895 схождения границ водохозяйственных участков 20.03.05.001 (Бурея от истока до Бурейского г/у), 20.03.08.001 и 20.03.09.001. От нулевых отметок в устья р. Амгунь высота вначале плавно, а затем резко возрастает до 2028 м. Для рельефа территории характерно чередование коротких хребтов и обособленных горных массивов, покрытых хвойными лесами, с одной стороны, и с другой стороны - межгорных депрессий с заболоченными днищами, нередко занятыми крупными, но мелководными озерками. Нижние, пологие части склонов и небольшие возвышенности заняты лиственничными лесами, в которых встречается береза; кустарниковый ярус образован багульником болотным и рододендроном амурским. От т.895 граница простирается в северо-восточном направлении по гребню Буреинского хребта, который в этой части является водоразделом рр. Ургал (20.03.05.001) и Амгунь (20.03.08.001). Далее граница делает изгиб по южным отрогам хребта Ям-Алинь – водоразделам рр. Керби (20.03.08.001) и Бурея (20.03.05.001) – и продолжается до т.891 – точки схождения водохозяйственных участков 20.03.04.003 (Селемджа), 20.03.05.001 и 20.03.08.001 на границе между Амурской областью и Хабаровским краем От т.891 граница, совпадая с этой административной границей, проходит по гребню хребта Ям-Алинь, через т.809 схождения границ водохозяйственных участков 20.03.04.003, 20.03.09.003 (Реки бассейна Охотского моря от границы бассейна р. Уда до мыса Лазарева без р. Амур) и 20.03.08.001. От этой точки, огибая верховья р. Нимелен (20.03.08.001), граница поворачивает на юго-восток, затем по Омальскому хребту и далее по хребту Кивун по водоразделу рек Тугур, Эльга, Селен, Усалгин (20.03.09.003) и Амгунь идет в северо-восточном направлении к т.20032, в которой сходятся границы водохозяйственных участков 20.03.08.001, 20.03.09.003 и 20.03.09.002 (Амур от г. Комсомольск до устья без р. Амгунь), откуда поворачивает на юго-восток и замыкается в исходной т.900. На протяжении участка высокогорный рельеф сменяется среднегорным и низкогорным. По мере движения на северо-восток абсолютные отметки резко снижаются, достигая практически нулевых отметок на устьевом участке р. Амгунь. В ландшафтной структуре основную роль играет высотная поясность: смена лиственничной тайги на высоте более 1200 м редколесьем, лугами и тундрами. Устьевая область долины Амгуни заболочена и покрыта главным образом сфагновыми марями с низкорослыми редкостойными лиственницами."""
"""Амур от г. Хабаровск до г. Комсомольск-на-Амуре""","""Водохозяйственный участок 20.03.09.001 охватывает нижнюю часть бассейна р. Амур от г. Хабаровск до г. Комсомольск-на-Амуре. Река на этом участке течёт по Нижнеамурской низменности и имеет широкую долину. Русло дробится на рукава, широкая пойма изобилует множеством озёр, наиболее крупным из которых является оз. Болонь. Водохозяйственный участок расположен в основном на территории Хабаровского края, юго-западная его часть расположена на территории Еврейской автономной области; площадь водохозяйственного участка составляет 100 тыс. км2 В соответствии с Реестром опорных точек описание границы водохозяйственного участка 20.03.09.001 начинается от т.20033, расположенной у в/п г. Комсомольск-на-Амуре на р. Амур (расчетный створ) на границе с водохозяйственным участком 20.03.09.002 (Амуротг. Комсомольскдо устья без р. Амгунь). От этой точки граница водохозяйственного участка идет на запад, поднимаясь на отроги хребта Хоми, огибает верховья р. Мачтовая (20.03.09.002), поворачивает на северо-восток по гребню хребта Хоми и подходит к точке (т.20034) схождения границ водохозяйственных участков 20.03.09.001, 20.03.09.002 и 20.04.00.001 (Реки пролива Невельского и бассейна Японского моря от мыса Лазарева до северной границы бассейна р. Самарга). Здесь граница резко поворачивает на юг и по водоразделу бассейнов рек Тумнин (20.04.00.001) и Тур (20.03.09.001) идет по гребню Сихотэ- Алиня, проходит водораздел (т.20035) рек Анюй (20.03.09.001) и Коппи (20.04.00.001) и подходит к точке схождения границ водохозяйственных участков 20.03.09.001, 20.04.00.001 и 20.04.00.002 (Реки бассейна Японского моря от северной границы бассейна р. Самарга до восточной границы бассейна р. Партизанская) на пересечении границы между Хабаровским и Приморским краем – т.862. От т.862 до т.863 (схождение границ водохозяйственных участков 20.04.00.002, 20.03.07.005 (Хор) и 20.09.03.001) граница водохозяйственного участка проходит в юго-западном направлении по Приморскому хребту горной системы Сихотэ-Алиня вблизи административной границы между Хабаровским и Приморским краем. Далее, огибая верховья правого притока Амура р. Анюй, граница водохозяйственного участка поворачивает на северо-восток и по-западному Сихотэ- Алиню следует до т.904 на водоразделе бассейнов р. Хор (20.03.07.005) и Анюй. От т.904 граница, обходя верховья р. Хор, поворачивает на запад, затем по водоразделу рек Хор и Немта идет в юго-западном направлении по западным отрогам Сихотэ-Алиня к точке (т.20026) схождения границ водохозяйственных участков 20.03.07.006 (Уссури от впадения р. Большая Уссурка до устья без рр. Бикин и Хор), 20.03.07.005 и 20.03.09.001. Здесь граница поворачивает на северо- запад, спускается в долину Амура, проходит водораздел (т.915) водохозяйственных участков 20.03.06.001 (Амур от впадения р. Бурея до г. Хабаровск без р. Уссури), 20.03.09.001 и 20.03.07.006, пересекает Амур у г. Хабаровск (т.914), поворачивает на юго-запад, пересекает административную границу между Еврейской автономной областью и Хабаровским краем, поворачивает на запад по заболоченной Нижнеамурской низменности, идет по водоразделу рек Тунгуска, Бол.Ин (20.03.09.001) и Бира (20.03.06.001), поднимаясь на южные отроги Буреинского хребта и достигает водораздельной т.896 - схождения границ водохозяйственных участков 20.03.05.001 (Бурея от истока до Бурейского г/у), 20.03.06.001 и 20.03.09.001 на границе между Еврейской автономной областью и Хабаровским краем. Далее граница поворачивает по Буреинскому хребту на северо- восток к т.895 (схождение границ водохозяйственных участков 20.03.05.001, 20.03.08.001 (Амгунь) и 20.03.09.001), следуя по водоразделу рр. Гуджал (20.03.05.001) и Урми (20.03.09.001). Уходя на запад-северо-запад, граница по гребню Баджальского хребта в верховьях р. Горюн (20.03.09.002) и Амгунь (20.03.08.001) проходит точку схождения границ водохозяйственных участков 20.03.08.001, 20.03.09.001 и 20.03.09.002 (т.20030), пересекает хребет Мяочан, спускается в долину Амура и замыкается в т.20033, расположенной у в/п г. Комсомольск-на-Амуре на р. Амур. В ландшафтной структуре прослеживается широтная и высотная (в горном участке) зональность. В начале горного участка на склонах Сихотэ-Алиня безраздельно господствуют елово-пихтовые леса, занимающие все горные склоны, начиная от уровня моря до верхних частей гор (т.е. до 1200-1500 м абс. высоты), занятых зарослями кедрового стланика и горной тундрой. Значительное распространение получают здесь также восточносибирские леса из лиственницы даурской, отсутствующие на более южной территории. Южнее обрывистые нижние склоны гор заняты дубовыми лесами (от уровня моря до 150-300 м), выше склоны имеют несколько меньшую крутизну, на них произрастают (до высоты 500-600 м) богатые по видовому составу хвойно- широколиственные леса. Над смешанными лесами распространены елово-пихтовые леса, поднимающиеся до 1000-1100 м на севере и до 1300-1400 м на юге территории. На юге, на границе с гидрографической единицей 20.03.06.001 господствуют ландшафты широколиственных лесов, в сочетании с участками степной растительности. Плоские водораздельные пространства сильно заболочены и покрыты разреженным березово- лиственничным редколесьем и болотами; на более дренированных участках произрастают сосняки и широколиственные леса. Горы юго-западного отрезка границы характеризуются сменой пояса лиственничной тайги с даурским рододендроном выше отметок 800-900 м редколесьем, в привершинных частях располагаются субальпийские луга, севернее характерны хвойные леса."""
"""Олекма от в/п с. Усть-Нюкжа до устья без р.Чара""","""Водохозяйственный участок 18.03.04.003 охватывает территорию бассейна р. Олекма без Чары от с. Усть-Нюкжа до устья и расположен в Респ. Саха (Якутия), Амурской и Читинской областях. Площадь водохозяйственного участка составляет 75,5 тыс. км2. От точки впадения р. Олекма в р. Лена. (т.735) на схождении границ водохозяйственных участков 18.03.03.003 (Лена от в/п с. Мача до устья р. Олекма), 18.03.04.003 и 18.03.05.001 (Лена от устья Олекмы до в/п п. Покровск) граница следует в южном направлении по восточной окраине Олекмо-Карского плоскогорья, проходит в т.741 водораздел водохозяйственных участков 18.03.04.003, 18.03.05.001 и 18.03.06.008 (Амга), пересекает Чугинское плоскогорье, поднимается на Становой хребет к границе между Амурской областью и Республикой Саха (Якутия), пересекает ее в т.742 схождения границ водохозяйственных участков 18.03.04.001 (Олекма от истока до в/п с. Усть-Нюкжа), 18.03.04.003 и 18.03.06.007 (Алдан от впадения р. Мая до впадения р. Амга) и в т.18037, пересекает р. Олекма ниже с. Усть-Нюкжа в т.18036, затем поворачивает на юго-запад к т.734. Граница разделяет верховья рек (с запада) Тикян, Кудулах, Кириестях, Тас-Хайка, Тунгурча, Тунгурчакан бассейна Олекмы и (с востока) Туорчаны, Туолбачан, Сытыкан, Туолба, Амга, Нэлуки, Усмун, Алданай. Склоны хребтов заняты горной лиственничной тайгой; встречаются леса из аянской ели. Выше 1200 м тайга сменяется поясом кедрового стланика, верхние части заняты горными тундрами, гольцовыми поверхностями. От т.734 пересечения административной границы между Амурской и Читинской областями граница, огибая верховья р. Калар, резко поворачивает на северо-запад, пересекает административную границу между Амурской и Читинской областями (т.733), проходит точку схождения границ водохозяйственных участков 18.03.02.002 (Витим от в/п с. Калакан до в/п с. Спицино), 18.03.04.002 (Чара) и 18.03.04.003 - т.18021, вновь пересекает административную границу между Амурской и Читинской областями в т.18041, поворачивает на север, выходит на Олекмо-Чарское нагорье к т.18040– точке схождения разнонаправленных участком границ с водохозяйственным участком 18.03.04.002 на водоразделе рр. Темулякит и Тяня, пересекает точку впадения р. Чара в р. Олекма на границе с водохозяйственным участком 18.03.04.002 (т.18039) и замыкается в исходной т.735. Граница разделяет верховья рек (с запада) Токко, Тяня, Харбата, Чоруодакан, Чоруода бассейна Чары и (с востока) Сюкджю, Уэдэй, Уэся-Кюске, Тэмулякит, Олдонгда бассейна Олекмы. Абсолютные высоты местности снижаются от 2400 м на южном отрезке границы до 400 м на севере. Почти повсюду преобладает однообразная тайга из даурской лиственницы, наиболее высокие склоны покрыты подгольцовым редколесьем, а местами и каменистой тундрой."""
"""Тавда от истока до устья без р. Сосьва от истока до в/п д. Морозково""","""Водохозяйственный участок 14.01.05.025 охватывает бассейн р. Тавда от истока до устья, исключая бассейн своего притока - р. Сосьва от истока до в/п д. Морозково. Участок расположен в Свердловской и Тюменской области, его площадь составляет 76,6 тыс. км2.От расчетного створа впадения р. Тавда в р. Тобол (т.14078) граница водохозяйственного участка 14.01.05.025 следует в западном направлении по водоразделу рр. Тавда и Иска до т.14074 схождения границ водохозяйственных участков 14.01.05.023 (Тура от впадения р. Тагил до устья без рр. Тагил, Ница и Пышма), 14.01.05.025 и 14.01.05.026 (Тобол от впадения р. Исеть до устья без рр. Тура, Тавда). Продолжаясь от этой точки в северо-западном направлении, граница проходит по водоразделам рр. Азанка и Сарагулка, Павья и Шайтанка, Алька и Бол. Таборинка, Утья, Таборинка и Кумарья, Емная и Янсаевка, Алямкова, Санкина и Якунина и Сулья, Усть-Горная и Кыртымья до т.14044 схождения границ водохозяйственных участков 14.01.05.012 (Тура от истока до впадения р. Тагил), 14.01.05.023 и 14.01.05.025. Затем направление движения границы меняется на западное, она обходит истоки рр. Татька, Цыганка, Калинка, Молва, Диановка, следует по водоразделу рр. Тавда и Тура, обходит верховья рр. Полуденный Актай и Лобва, Яборовка, пока не достигает т.14043 схождения границ водохозяйственных участков 14.01.05.012, 14.01.05.025 и 10.01.01.007 (Чусовая от в/п пгт. Кын до устья). Далее граница поворачивает на север, проходит по водоразделу рр. Мурзинка и Усьва до т.314 схождения границ водохозяйственных участков 14.01.05.025, 10.01.01.007 и 10.01.01.003 (Косьва от истока до Широковского г/у) на границе между Пермским краем и Свердловской областью, и далее до т.14076 схождения границ водохозяйственных участков 14.01.05.024 (Сосьва от истока до в/п д. Морозков), 14.01.05.025 и 10.01.01.003. От этой точки граница поворачивает на юго-восток, проходит по водоразделам рр. Иов, Каква, Сосьва, Лобва, пересекает р. Сосьва у в/п д. Морозково в т.14075, поворачивает на север, затем на северо-восток и следует по водоразделам рр. Бол. Ивель, Ликина, Лангур, Вакуль, Шегультан и Тальтия до т.14077 схождения границ водохозяйственных участков 14.01.05.024, 14.01.05.025 и 10.01.01.002. От этой точки граница следует строго на север, пересекает границу между Свердловской областью и Пермским краем в т.313 на водоразделе рр. Посьмак и Ивдель, далее движется по водоразделам рр. Ануг и Вепс, Викай, Тохта и Мойва, Сев. Тошемка и Ниопс до т.147 схождения границ водохозяйственных участков 14.01.05.025, 10.01.01.002 и 03.05.01.001 (Печора от истока до в/п. Шердино), а затем до т.146 схождения границ водохозяйственных участков 14.01.05.025, 03.05.01.001 и 15.02.02.001 (Северная Сосьва), от которой поворачивает на юго-восток. Далее граница проходит по водоразделам рр. Мал. Сосьва, Ахтыл, Каквья, Лапля, Пельм, Посырья, пересекает границу между Ханты-Мансийским а.о. и Свердловской областью в т.472 в верховьях р. Хулюмпауль-Хулюм, обходит верховья рр. Ингур и Маньхолупья и в т.473 схождения границ водохозяйственных участков14.01.05.025, 14.01.06.001 (Конда) и 15.02.02.001 и поворачивает на юго-восток. От т.473 граница гидрографической единицы 14.01.05 следует в юго-восточном направлении по Кондинской низменности, проходит (т.497) близ оз. Пелымский Туман, далее (т.498) по водоразделу рек Пелым и Евра (14.01.06), огибает (т.499) исток р. Черная и исток (т.500) р. Кума и доходит до точки схождения границ гидрографических единиц водохозяйственных участков 14.01.05.025, 14.01.06.001 и 14.01.07.001 (Иртыш от впадения р. Тобол до г. Ханты-Мансийск (выше) без р. Конда) (т.501) в точке схождения административных границ Свердловской области, Ханты-Мансийского автономного округа и Тюменской области. В т.502 граница пересекает административную границу между Свердловской и Тюменской областями на водоразделе р. Лайма и Тавда и поворачивает на восток, проходит т.14079 схождения границ водохозяйственных участков 14.01.05.025, 14.01.05.026 и 14.01.07.001 и замыкается в исходной точке в устье р. Тавда."""
"""Тверца от истока (Вышневолоцкий г/у) до г. Тверь""","""Водохозяйственный участок 08.01.01.005 охватывает бассейн р. Тверца до расчетного замыкающего створа в месте впадения Тверцы в Волгу (выше г. Тверь) – в т.8014. В этой же точке имеет место схождение границ водохозяйственных участков 08.01.01.006 (Волга отг. Зубцов до г. Тверь без р. Тверца). 08.01.01.005 и 08.01.01.007 (Волга от г. Тверь до Иваньковского г/у (Иваньковское в-ще). Площадь водохозяйственного участка составляет 6,5 тыс. км2. От точки замыкающего створа граница участков 08.01.01.005 и 08.01.01.006 простирается на северо-запад по водоразделу рр. Тьма и Тверца до т.8013 – точки схождение границ водохозяйственных участков 08.01.01.004 (Волга от Верхневолжского бейшлота до г. Зубцов без р. Вазуза от истока до Зубцовского г/у), 08.01.01.005 и 08.01.01.006. Отсюда граница участков 08.01.01.005 и 08.01.01.004 уходит на север по водоразделу р. Осуга и Бол.Коша до т.8012, где сходятся границы водохозяйственных участков 08.01.01.004, 08.01.01.005 и 01.04.02.001 (Шлина от истока до Вышневолоцкого г/у).Далее граница поворачивает в северо-восточном направлении, огибает верховья правых притоков р. Тверца и достигает исходной точки участка – т.1012 у г. Вышний Волочек, в которой сходятся границы водохозяйственных участков 08.01.01.005, 01.04.02.001 и 01.04.02.002 (Мста, включая р. Шлина от Вышневолоцкого г/у, до устья). Немного восточнее в т.47 наблюдается схождение границ водохозяйственных участков 08.01.01.005, 08.01.02.001 (Молога) и 01.04.02.002. Затем граница поворачивает на юг и у устья р. Медведица приходит в т.8015 – точку схождения границ водохозяйственных участков 08.01.01.005, 08.01.02.001 и 08.01.01.008 (Волга от Иваньковского г/у до Угличского г/у (Угличское в-ще). При дальнейшем следовании на юг граница участка идет по водоразделу р. Медведица и р. Тверца до т.8016, в которой сходятся границы водохозяйственных участков 08.01.01.005, 08.01.01.007 и 08.01.01.008. Далее граница участков 08.01.01.005 и 08.01.01.007 плавно поворачивает на юго-запад, достигая замыкающего створа – т.8014."""
"""Острова Баренцева моря в пределах внутренних морских вод и территориального моря РФ, прилегающего к береговой линии гидрографической единицы 03.04.00, вкл. о-в Колгуев""","""Водохозяйственный участок 03.04.00.100 включает водные объекты островов в пределах внутренних морских вод и территориального моря РФ, прилегающего к береговой линии гидрографической единицы 03.04.00. Наиболее крупным из островов является остров Колгуев. Площадь островов составляет около 5 тыс. км2. Граница водохозяйственного участка проходит по береговой линии островов."""
"""Северский Донец, от в/п г. Лисичанск до границы ЛНР с Ростовской областью (без рек Айдар и Лугань)""","""Водохозяйственный участок 05.01.04.010 включает часть бассейна р. Северский Донец от в/п г. Лисичанск (т.5139)до границы ЛНР с Ростовской областью (без рек Айдар и Лугань). Площадь водохозяйственного участка составляет 4.25 тыс. км2. От точки замыкающего створ а(т.5139), в которой сходятся границы водохозяйственных участков 05.01.04.009, 05.01.04.004 и 05.01.04.008 на пересечении границ ЛНР и ДНР, граница участка идет на восток к точке т.5138 , в которой сходятся границы водохозяйственных участков 05.01.04.009, 05.01.04.004 и 05.01.04.010, затем огибает водохозяйственный участок 05.01.04.004 и в точке схождения границ водохозяйственных участков 05.01.04.004, 05.01.04.005 и 05.01.04.010 (т.5101) резко меняет направление на юг и юго-запад вдоль водохозяйственного участка 05.01.04.005 до точки т.5102 – точки схождения границ водохозяйственных участков 05.01.04.010, 05.01.04.005 и 05.01.05.010. Затем по водоразделу реки Лугань идет к схождению границы водохозяйственных участков 05.01.04.008, 05.01.04.010 и 05.01.04.012 в точке т.5140 и достигает замыкающего створа – т.5139."""
"""Большой Ик""","""Водохозяйственный участок 12.01.00.006 охватывает бассейн крупного притока р. Сакмара - р. Большой Ик. Площадь участка составляет 8 тыс. км2. Территория участка в основном расположена на поверхности Залаирского плато. От точки впадения р. Большой Ик в р.Сакмара (т.12009) граница водохозяйственного участка движется в северно-западном направлении, пересекает в т.12010 границу между Оренбургской обл. и Респ. Башкортостан и в т.12011 сходится с границами водохозяйственных участков 12.01.00.007 (Сакмара от впадения р. Большой Ик до устья) и 10.01.02.004 (Белая от Юмагузинского г/у до г. Салават без р. Нугуш (от истока до Нугушского г/у). Далее граница поворачивает на восток, проходит точку схождения границ водохозяйственных участков 12.01.00.006, 10.01.02.004 и 10.01.02.002 (Белая от в/п Арский Камень до Юмагузинского г/у) и в т.12012 - точке схождения границ водохозяйственных участков 12.01.00.005 (Сакмара от истока до впадения р. Большой Ик), 12.01.00.006 и 10.01.02.002, поворачивает на юго-запад. Продолжая движение в субмеридиональном направлении, граница пересекает границу между Оренбургской обл. и Респ. Башкортостан в т.12006 и замыкается в начальной точке."""
"""Реки западной части Южного берега Крыма от мыса Сарыч до восточной границы бассейна р. Демерджи""","""Водохозяйственный участок 21.01.00.004 охватывает западную часть бассейнов рек Южного берега Крыма от мыса Сарыч восточной границы бассейна р. Демерджи. С севера и запада ВХУ ограничен главной грядой Крымских гор – водоразделом, отделяющим бассейны рек южного берега Крыма от бассейнов рек Азовского моря и рек Черного моря, впадающих в море западнее м. Сарыч, с юга – береговой линией Черного моря. Гидрографическая сеть водохозяйственного участка представлена в основном малыми реками, берущими начало на главной гряде Крымских гор, протекающими по южному макросклону и впадающими в Черное море. Наиболее крупные реки западного южнобережья: рр. Учан-Су, Дерекойка, Авунда, Улу-узень, Узень, Демерджи. На территории участка имеются водохранилища: Изобильненское (р. Улу-Узень), Кутузовское (р. Демерджи), используемые для водоснабжения населенных пунктов и орошения. В отношении природных зон на территории водохозяйственного участка представлены ландшафты: лесного пояса (хвойных лесов) в северной горной части, пояса лугово-степной растительности на яйлах в средней части участка и шиблякового приморского пояса на южной, прибрежной части. В административном отношении водохозяйственный участок целиком расположен в пределах Республики Крым. Площадь участка составляет 0,49 тыс. км2. От т. 922 (схождения границ водохозяйственных участков 21.01.00.002, 21.01.00.004 и 21.02.00.002 (Бассейн р. Салгир) на хр. Чатыр-Даг) граница идет в северо-восточном направлении, спускается в ложбину между хребтом Чатыр-Даг и Демерджи-яйлой, затем поднимается на Демерджи-яйлу и в т. 923 проходит через вершину г. Сев. Демерджи. Здесь же в т. 923 граница проходит стык границ водохозяйственных участков 21.01.00.004, 21.01.00.005 (реки восточного южнобережья Крыма) и 21.02.00.002. После этого граница поворачивает на юг и спускается к черному морю вдоль восточной границы бассейна р. Демерджи. В т. 21008 граница ВХУ примыкает к берегу моря чуть северо-восточнее г. Алушты. Затем граница поворачивает на юго-запад и далее вплоть до т. 928 следует вдоль берега моря. На этом участке граница пересекает устья рр. Демерджи и Улу-Узень, проходит через м. Аю-Даг, затем пересекает устье р. Авунды (Авинды), проходит м. Мартьян, пересекает устья рек Дерекойка и Учан-Су, проходит м. Ай-Тодор. От т. 928 (примыкание границы между водохозяйственными участками 21.01.00.003 (Реки бассейна Черного моря от северной границы бассейна р. Черная до западной границы бассейна рек Южного берега Крыма) и 21.01.00.004 к береговой линии Черного моря на административной границе между субъектами РФ: Республикой Крым и ГФЗ Севастополь чуть восточнее м. Сарыч) граница идет в северо-восточном направлении вдоль главной гряды Крымских гор – по водоразделу, отделяющему бассейны рек Южного берега от бассейна р. Черная и одновременно вдоль административной границы между Республикой Крым и ГФЗ Севастополь. В т. 21007 граница участка проходит точку расхождения границы между ВХУ и административной границы. После граница подходит к точке схождения границ водохозяйственных участков 21.01.00.002 (Реки бассейна Черного моря от северной границы бассейна р. Западный Булганак до северной границы бассейна р. Черная), 21.01.00.003 и 21.01.00.004 – т. 21005 на Ай-Петринской яйле. Далее граница идет по Ай-Петринской и Ялтинской яйлам - водоразделу с бассейнами рек юго-западного Крыма (рр. Бельбек, Кача, Альма), в т. 21004 проходит через высшую точку Крымского полуострова – г. Роман-Кош на Бабуган-яйле. Затем граница идет в северном направлении по хр. Конек и замыкается в т. 922 на хр. Чатыр-Даг."""
"""Егорлык от истока до Сенгилеевского г/у""","""Водохозяйственный участок 05.01.05.003 охватывает верхнюю часть бассейна р. Егорлык от истока до расчетного створа у Сенгилеевского г/у (т.5117). Площадь водохозяйственного участка составляет 0.8 тыс. км2. От точки замыкающего створа граница участка идет на север до т.5118, где сходятся границы водохозяйственных участков 05.01.05.003, 05.01.05.004 (Егорлык от Сенгилеевского г/у до Егорлыкского г/у) и 05.01.05.005 (Егорлык от Егорлыкского г/у до Новотроицкого г/у), затем огибает Сенгилеевское в-ще и следует на восток к т.5114 у г. Ставрополь, в которой сходятся границы водохозяйственных участков 05.01.05.002 (Калаус), 05.01.05.005 и 05.01.05.003. Далее в юго-восточном направлении с отклонением на юг граница достигает т.5113 у истока р. Егорлык – точки схождения границ водохозяйственных участков 05.01.05.002, 05.01.05.003 и 06.02.00.006 (Кубань от г. Невинномысск до г. Армавир без р. Уруп). От этой точки граница уходит на запад вдоль Невиномысского канала и бассейна р. Егорлык до т.198, в которой пересекается граница Краснодарского и Ставропольского краев и сходятся границы водохозяйственных участков 05.01.05.003, 05.01.05.004 и 06.02.00.006, и после поворота на север граница достигает замыкающего створа – т.5117."""
Псел,"""Водохозяйственный участок 04.01.00.015 включает российскую часть бассейна р. Псел до Государственной границы РФ с Украиной. Площадь водохозяйственного участка составляет 5.9 тыс. км2. Р. Псел пересекает границу с Украиной в т.4047. От этой точки граница участка идет по Государственной границе с Украиной на северо-запад до т.4045, где стыкуется с участком 04.01.00.013 (Российская часть бассейна р. Сейм ниже г. Курск), и уходит дальше на север по территории РФ. После поворота на восток у истока р. Реут граница проходит в т.4053 - точку схождения границ водохозяйственных участков 04.01.00.012 (Сейм от истока до г. Курск), 04.01.00.015 и 04.01.00.013 и далее следует по водоразделу рр. Сейм и Псел до верховий р. Псел, у которых в т.4044 пересекается граница Курской и Белгородской областей, а в т. 4043 сходятся границы водохозяйственных участков 04.01.00.012, 04.01.00.015 и 05.01.04.001 (Северский Донец от истока до границы РФ с Украиной без бассейнов рек Оскол и Айдар). От этой точки граница уходит на юго-запад к истоку р. Ворскла, где в т.4048 сходятся границы водохозяйственных участков 04.01.00.015, 04.01.00.016 (Ворскла) и 05.01.04.001. Далее по водоразделу рр. Ворскла и Псел в западном направлении граница участка достигает Государственной границы РФ и Украиной в т.4049, по которой, простираясь на север и пересекая в т.169 границу Курской и Белгородской областей, граница замыкается в расчетном створе – т.4047."""
"""Кутулук от истока до Кутулукского г/у""","""Водохозяйственный участок 11.01.00.007 охватывает бассейн р. Кутулук от истока до створа Кутулукского г/у в т.11024. Площадь водохозяйственного участка составляет 0,89 тыс. км2. От т.11024 граница участков 11.01.00.007 и 10.01.00.008 (Бол.Кинель без р.Кутулук от истока до Кутулукского г/у) идет на восток по водоразделу рр. Кутулук и Мал.Кинель и, пересекая административную границу Оренбургской и Самарской областей (т.11025), доходит до истоков р. Кутулук в т.11026, где сходятся границы водохозяйственных участков 10.01.01.007, 11.01.00.008 и 11.01.00.011 (Самара от в/п с. Елшанка до г. Самара (выше города) без р. Бол.Кинель). Далее граница участков 11.01.00.007 и 11.01.00.011 резко разворачивается в западном направлении и по водоразделу р. Кутулук ир. Боровка – правого притока р. Самара, пересекая границу Самарской и Оренбургской областей (т.11027), достигает т.11028 - точки схождения границ водохозяйственных участков 10.01.01.007, 11.01.00.008 и 11.01.00.011. На небольшом расстоянии от этой точки на северо-запад граница участка 11.01.00.007 замыкается в расчетном створе – т.11024."""
Шилка,"""Водохозяйственный участок 20.03.01.004 охватывает целиком бассейн р. Шилка, левой составляющей р. Амур, образующейся в истоке слиянием Онона и Ингоды. Шилка протекает по территории Забайкальского края, в глубокой долине между Шилкинским и Амазарским хребтами на севере и Борщовочным хребтом на юге. На всём протяжении это горная река с шириной русла 200—300 м. Главные притоки Нерча, Куенга, Чёрная впадают слева. Судоходна от Сретенска. Система Онон—Шилка—Амур образует одну из десяти длиннейших рек в мире. Водохозяйственный участок целиком расположен на территории Читинской области, площадь водохозяйственного участка составляет 72,6 тыс. км2 . Расчетный створ водохозяйственного участка находится в т.879, расположенной в месте слияния рр. Шилка и Аргунь в точке схождения границ водохозяйственных участков 20.03.01.004, 20.03.02.001 (Аргунь) и 20.03.03.001 (Амур от истока до впадения р. Зея) на Государственной границе РФ с Китаем. От этой точки граница водохозяйственного участка идет на юго-запад по водоразделу правых притоков р. Шилка и р. Газимор (20.03.02.001) до точки схождения границ водохозяйственных участков 20.03.01.003 (Онон), 20.03.01.004 и 20.03.02.001 (т.20008). От этой точки граница водохозяйственного участка идет вначале на запад, поднимается на Борщовочный хребет и следует по нему в юго-западном направлении, затем, огибая верховья правых притоков р. Шилка, поворачивает на запад-северо-запад, спускается в долину р. Шилка и подходит к месту слияния рр. Ингода и Онон, истоку р. Шилка, где сходятся границы водохозяйственных участков 20.03.01.002 (Ингода от г. Чита до устья), 20.03.01.003 и 20.03.01.004. Здесь граница переходит на левобережье Шилки, поворачивает на северо-запад, поднимается на отроги Даурского хребта, делает петлю у истока р. Ульдурга(20.03.01.004), резко поворачивая на север, и подходит к т.20005 - схождения границ водохозяйственных участков 20.03.01.001, 20.03.01.002 и 20.03.01.004, затем, двигаясь в том же направлении, достигает точку схождения границ водохозяйственных участков 18.03.02.001 (Витим от истока до в/п с. Калакан), 20.03.01.001 (Ингода от истока до г. Чита) и 20.03.01.004 - т.20004. От этой точки граница, огибая исток р. Каренга (18.03.02.001), резко уходит вначале на восток, затем проходит небольшой отрезок в северном направлении и поворачивает на северо-восток по водоразделу рек Каренга и Нерча (20.03.01.004), следуя в этом направлении до точки схождения границ водохозяйственных участков 18.03.02.001, 18.03.02.002 (Витим от в/п с. Калакан до в/п с. Спицино) и 20.03.01.004 – т.18016. Здесь граница, огибая верховья р. Нерча, поворачивает на восток и подходит к точке схождения границ водохозяйственных участков 18.03.02.002, 18.03.04.001 (Олекма от истока до в/п с. Усть-Нюкжа) и 20.03.01.004 (т.722). Отсюда граница уходит на юго-запад, затем, огибая с юга верховья р. Олекма (т.721), поворачивает на северо-восток, проходит по Муройскому хребту и отрогам Тунгирского хребта, разделяя бассейны верховьев рек Тунгир (бассейн Олекмы) и Нерчуган и Черный Урюм в бассейне Шилки, и далее идет до т.720 - схождения границ водохозяйственных участков 18.03.04.001, 20.03.01.004 и 20.03.03.001. Здесь граница поворачивает на юг по водоразделу рек Черный Урюм (20.03.01.004) и Амазар (20.03.03.001), далее уходит на восток по водоразделу рек Амазар и Шилка и, поворачивая на юго-восток, подходит к исходной т.879. Граница проходит по ряду вытянутых в северо-восточном направлении широких хребтов с высотами от 1200 до 1500 м, в рельефе выражены плоские или куполообразные вершины, склоны хребтов расчленены глубоко врезанными узкими речными долинами. Развиты ландшафты горной лиственничной тайги, выше отметок 800 м сменяющиеся подгольцовым редколесьем, а местами и каменистой тундрой. Придолинные высокие участки заняты таежными лесами, в поймах развиты разнотравно-злаковые луга, к межгорным пространствам приурочены массивы степей и лесостепей."""
"""Малый Зеленчук""","""Водохозяйственный участок 06.02.00.002 охватывает бассейн левого притока р. Кубань – р. Малый Зеленчук. Территория водохозяйственного участка полностью расположена в Карачаево- Черкесская Республике. Площадь участка составляет 1,85 тыс. км2. Расчетный створ участка расположен в т.6015 в месте впадения р. Мал. Зеленчук в реку Кубань на границе с водохозяйственным участком 06.02.00.004 (Кубань от г. Усть-Джегута до г. Невинномысск без рр. Б. и М. Зеленчук). От этой точки граница водохозяйственного участка проходит на юг до т.6012 на границе с водохозяйственным участком 06.02.00.001 (Кубань от истока до г. Усть-Джегута) на границе с Грузией. Далее граница участка простирается на северо- запад по Государственной границе до т.6013, где сходятся границы водохозяйственных участков 06.02.00.003 (Большой Зеленчук) и 06.02.00.002. От этой точки граница участка спускается на север с гор Большого Кавказа по хребту, разделяющему бассейны рек Большой и Малый Зеленчук до т.6016 - схождение границ водохозяйственных участков 06.02.00.004, 06.02.00.003 и 06.02.00.002, после чего, повернув на северо-восток, граница замыкается в расчетном створе."""
"""Иртыш от границы с Респ. Казахстан до впадения р. Омь""","""Водохозяйственный участок 14.01.01.001 охватывает российскую часть бассейна р. Иртыш от Государственной границы РФ с Казахстаном до впадения в него р. Омь. Водохозяйственный участок расположен в Омской области, его площадь составляет 19 тыс. км2. От расчетного створа выше впадения р. Омь в р. Иртыш (т.483) граница водохозяйственного участка 14.01.01.001 следует на юго-восток, проходит т.448 схождения границ водохозяйственных участков 13.02.00.005 (Обь от г. Барнаул до Новосибирского г/у без р. Чумыш), 14.01.00.001 и 14.01.02.001 (Омь) и достигает Государственной границы РФ с Казахстаном в т.453 примыкания к ней границы с водохозяйственным участком 13.02.00.005. На данном участке граница проходит по северной окраине Барабинской низменности - волнисто-грядовой равнине (высота до 140 м) с невысокими параллельными гривами. Березовые колки перемежаются с болотами и лугово-степной растительностью. Далее граница водохозяйственного участка следует в западном направлении вдоль Государственной границы, которую пересекает в т.454 р. Иртыш и в т.14080 к ней примыкает граница с водохозяйственным участком 14.01.01.200 - Бессточные приграничные территории междуречья Иртыша и Ишима. На отрезке от т.14080 до т.14001 граница участка оконтуривает эту бессточную территорию. В т.14001 граница участка снова примыкает к Государственной границе, следует вдоль нее до т.14002, поворачивает на восток и замыкается в начальной точке. Рельеф участка низменный. На всем протяжении участка границы господствуют степные ландшафты с участками лесостепи, по долинам рек произрастают ленточные леса."""
"""Енисей от в/п г.Игарка до устья без р. Хантайка от истока до Усть-Хантайского г/у""","""Водохозяйственный участок 17.01.08.004 включает нижнюю часть бассейн р. Енисей от в/п г. Игарка до устья без р. Хантайка от истока до Усть-Хантайского г/у. Водохозяйственный участок расположен целиком на территории Таймырского (Долгано-Нененцкого) и Ямало-Нененцкий автономных округов и Красноярского края. Площадь водохозяйственного участка составляет 110,7 тыс. км2. От точки впадения р. Енисей на правом берегу Енисейского залива Карского моря (т.605) граница следует на северо-восток до т.17047 водораздела водохозяйственных участков 17.01.08.004 (Енисей от в/п г. Игарка до устья без р. Хантайка от истока до Усть-Хантайского г/у), 17.01.08.005 (Реки бассейна Енисейского залива без р. Енисей) и 17.02.00.001 (Пясина и другие реки бассейна Карского моря от восточной границы бассейна Енисейского залива до западной границы бассейна р. Каменная), затем поворачивает на юг, следуя по западной окраине Северо-Сибирской низменности через т.607 в верховьях р. Моховая, поворачивает на юго-восток, проходит через т.608 на водоразделе в верховьях р. Агапа и выходит на плато Путорана. Продолжая следовать в юго-восточном направлении, граница проходит по северной оконечности хребта Лонгдокойский камень, затем по водоразделу р. Дудинка и Рыбная (т.609). Абсолютные высоты от нулевой отметки побережья возрастают до 600м на плато Путорана. Низменный западинный рельеф сменяется эррозионно расчлененными плоскогорьями с куполообразными поверхностями. В начале следования границы ландшафты представлены арктическими тундровыми, южнее переходящими в мохово-лишайниковую (типичную) тундру и южную – кустарничковую тундру. На плато Путорана вдоль рек до высоты 350-400м. узкими полосами распространены леса из лиственницы и ели сибирской, склоны гор покрыты елово- лиственничным редколесьем. От т.609 граница следует на юго-запад через т.17037 (Хантйский г/у) проходит водораздел водохозяйственных участков 17.01.08.002 (Енисей от впадения р. Нижняя Тунгуска до в/п г. Игарка без р. Курейка от истока до Курейского г/у), 17.01.08.003 (Хантайка от истока до Усть-Хантайского г/у) и 17.01.08.004 (Енисей от в/п г. Игарка до устья без р. Хантайка от истока до Усть-Хантайского г/у) в т.17034, поворачивает на запад, проходит через т.17033 (в/п Игарка) и далее, следуя в том же направлении, проходит через т.17036 схождения границ водохозяйственных участков 17.01.08.002, 17.01.08.004 и 15.05.00.001 (Таз), поворачивает на север и следует к т.551. Абсолютные высоты снижаются от 600 до 60 м. Почти повсеместно распространены лесотундровые ландшафты. В т.551 граница поворачивает на северо-запад, огибая верховья р. Мессояха и в т.550 в верховьях рек Нгынесеяхо и Сыдыяха резко поворачивает на северо-восток, пересекает в т.549 границу между Ямало-Ненецким и Таймырским (Долгано-Ненецким) автономными округами, подходит к т.17044 схождения границ водохозяйственных участков 17.01.08.005, 17.01.08.004 и 15.05.00.002 и в северо-восточном направлении выходит на левый берег Енисейского залива Карского моря (т.626), где и замыкается граница водохозяйственного участка. Граница проходит по морской низменной равнине с абсолютными отметками 50-80 м, в приморской части высоты плавно понижаются до нулевой отметки. Лесотундровые ландшафты постепенно сменяются ландшафтами южной кустарничковой и типичной (моховой и лишайниковой) тундры."""
Юг,"""Водохозяйственный участок 03.02.01.002 охватывает бассейн р. Юг с замыкающим расчетным створом в устье р. Юг, в точке ее слияния с р. Сухона – т.3013. Водохозяйственный участок расположен на территории Вологодской и Кировской областей, а также Республики Коми. Площадь водохозяйственного участка составляет 35,6 тыс. км2.От точки замыкающего створа граница идет на восток до т.108 – точки пересечения границ Кировской, Вологодской и Архангельской обл.. и схождения водохозяйственных участков 03.02.01.002, 03.02.01.003 (Малая Северная Двина от начала реки до впадения р. Вычегда без рр. Юг и Сухона (от истока до Кубенского г/у) и 03.02.02.002 (Вычегда от г. Сыктывкар до устья). В этом же восточном направлении граница участка проходит т.109, в которой пересекаются границы Кировской, Архангельской обл. и Республики Коми, затем т.3012, где сходятся границы водохозяйственных участков 03.02.01.002, 03.02.02.001 (Вычегда от истока до г. Сыктывкар) и 03.02.02.002 и после отклонения на юго-восток по водоразделу рр. Сысола и Луза поднимается на возвышенность Северные Увалы и приходит в т.94, в которой сходятся границы водохозяйственных участков 03.02.01.002, 03.02.02.001 и 10.01.03.002 (Вятка от истока до г. Вятка без р. чепца). От устьевой зоны р. Юг абсолютная высота возрастает до 202 м, рельеф низменных равнин сменяется пологоувалистым возвышенных равнин. Господствуют ландшафты среднетаежных еловых лесов с примесью пихты, плоские междуречья сильно заболочены. От т.94 до т.98 граница бассейна р. Юг совпадает с границей бассейна Вятки. От т.94 граница уходит в северо-западном направлении, к верховью реки Кобра в т.95. Отсюда, огибая верховья р. Кобра, граница резко поворачивает на юг, затем следует в западном направлении по возвышенности Северные Увалы по водоразделу бассейнов рек Луза и ее притоков (Северо- Двинский бассейн) и р. Летка (Камский бассейн) до т.96 (пересечение границы Республики Коми и Кировской области) и т.10097, где сходятся границы водохозяйственных участков 03.02.01.002, 10.01.03.002 и 10.01.03.003..Далее граница сворачивает на северо-запад по водоразделу бассейнов рек Луза и Юг Северо-Двинского бассейна и рек Молома и Великая Камского бассейна до т.97 (пересечение границ Кировской и Вологодской области). Затем граница делает петлю и уходит в южном направлении до водораздельной точки т.98, где сходятся границы водохозяйственных участков 03.02.01.002, 08.01.04.001 (Ветлуга от истока до г. Ветлуга) и 10.01.03.003. Рельеф границы, проходящей по слабоволнистой возвышенности Северные Увалы, отличается мягкостью очертаний и сглаженностью форм. Абсолютные отметки составляют 150-250 м. Господствует южно- таежная растительность с преобладанием ели, с примесью пихты и лиственницы. На наиболее дренированных участках встречаются сосновые леса с примесью ели. От т.98 граница участка вновь поворачивает на юго-запад и идет по водоразделу бассейнов рек Юг и правых притоков реки Ветлуга, пересекает административную границу между Костромской и Вологодской областями в т.99 схождения границ водохозяйственных участков 03.02.01.002, 08.01.03.003 (Унжа) и 08.01.04.001. В т.99 граница делает резкий поворот и уходит в северо- западном направлении по водоразделу бассейнов реки Юг и ее притоков (Северо-Двинский бассейн) и р. Унжа в бассейне Волги к т.100 на северо-западной оконечности возвышенности Северные Увалы (точка схождения границ водохозяйственных участков 03.02.01.002, 03.02.01.003 и 08.01.03.003) и замыкает участок в т.3013 после отклонения границы на северо-восток. Граница бассейна проходит по равнинно-холмистой местности с абсолютными отметками 150-200 м, рельеф возвышенностей сильно сглажен рыхлыми породами. Преобладают участки южной тайги с преобладанием ели."""
"""Нижняя Таймыра (вкл. оз. Таймыр) и другие реки бассейна Карского от западной границы бассейна р. Каменная до мыса Прончищева""","""Водохозяйственный участок 17.03.00.001 включает бассейн р. Нижняя Таймыра (вкл. оз. Таймыр) и другие реки бассейна Карского от западной границы бассейна р. Каменная (м.Северо-Восточный) до мыса Прончищева. Водохозяйственный участок расположен целиком на территории Таймырского (Долгано-Ненецкого) автономного округа. Площадь водохозяйственного участка составляет 148 тыс. км2. Описание границы водохозяйственного участка начинается от места впадения в Карское море р. Нижняя Таймыра (т.664). От этой точки граница следует на северо-восток вдоль береговой линии Карского моря, граница огибает мыс Челюскин, поворачивает на юго-восток, достигает мыса Прончищева (т.666), являющегося на побережье материка границей между Карским морем и морем Лаптевых. Характер рельефа прибрежной зоны полуострова Таймыр примечателен тем, что здесь довольно близко к побережью подходят западные отроги гор Бырранга. Вершины гор имеют резкие очертания, острые гребни, изрезанные ледниковыми карами. Вдоль берега тянутся неширокие плоскоравнинные морские террасы, типичным ландшафтом которых являются полигональные и пятнистые тундры, встречаются полигональные болота. От т.666 на водоразделе водохозяйственных участков 17.03.00.001 и 17.04.04.002 (Реки бассейна моря Лаптевых от мыса Прончищева до границы между Таймырским (Долгано-Ненецким) а.о. и Респ. Саха (Якутия) без р. Хатанга) граница поворачивает на юго-восток и покидает береговую линию моря Лаптевых. В начале пути граница следует по равнинной территории Берега Прончищева, затем пересекает восточную оконечность гор Бырранга и следует в юго-западном направлении, оконтуривая бассейн озера Таймыр, по невысоким грядам в пределах северной окраины Северо-Сибирской низменность до т.17042 схождение границ водохозяйственных участков 17.03.00.001,17.04.04.001 (Хатанга от истока до устья без р. Попигай) и 17.04.04.002 и далее до т.661 на водоразделе границ водохозяйственных участков 17.02.00.001 (Пясина и другие реки бассейна Карского моря от восточной границы бассейна Енисейского залива до западной границы бассейна р. Каменная), 17.03.00.001 и 17.04.04.001. Ландшафты прибрежной зоны представлены арктической тундрой, защищенные от холодных ветров пространства покрыты луговинами из осоки, пушицы, злаков и разнотравья. В нижних частях склонов гор распространена арктическая тундра с вкраплением осоково-разнотравных лужаек, выше 250-300 м господствует арктическая пустыня каменистых осыпей. В пределах Северо-Сибирской низменности распространены кустарниковые и пятнистые тундры, в низинах и долинах рек встречаются лиственница сибирская, ель, ольха и березка карликовая. От т.661 граница поворачивает на северо-запад и следует по Северо-Сибирской низменности через т.660 на водоразделе рек Кудулах и Селяктари, поворачивает на северо-восток, пересекает горы Бырранга (гряда Бегичева) и идет по водоразделу рек Ленивая и Шренк (т.659), поворачивает на север и выходит к Берегу Харитона Лаптева к т.658, затем поворачивает на восток и вдоль береговой линии Карского моря следует к исходной т.664. Рельеф территории разнообразен, в нем сочетаются невысокие вытянутые в субширотном направлении гряды и заболоченные и заозеренные низменности. Для северной части Северо- Сибирской низменности характерна мохово-лишайниковая (типичная) тундра. В межгрядовых понижениях господствует арктическая тундра с включениями островков произрастания осоки черной, мытника, полярного мака, со стелющейся ивой. Верхние части гор лишены растительности. Выше 250-300м. распространена арктическая пустыня."""
Уса,"""Водохозяйственный участок 03.05.02.001 полностью охватывает бассейн р. Уса – притока р. Печора - с замыкающим расчетным створом на р. Уса в месте ее впадения в р. Печора в т.150. Водохозяйственный участок расположен на территории Республики Коми и Ненецкого а.о. Площадь водохозяйственного участка составляет 93,6 тыс. км2.В точке замыкающего створа сходятся границы водохозяйственных участков 03.05.01.002 (Печора от в/п п. Шердино до впадения р. Уса), 03.05.02.001 и 03.05.03.001 (Печора от впадения р. Уса до в/п Усть-Цильма). От этой точки граница идет на северо-северо-запад по неширокому водоразделу рек Колва и Лая, пересекает в т.152 административную границу Республики Коми и Ненецкого автономного округа, проходит т.3039, где сходятся границы водохозяйственных участков 03.05.03.001, 03.05.02.001 и 03.05.03.002 (Печора от в/п Усть-Цильма до устья) и следует к т.130, где также сходятся границы трех участков 03.06.00.001 (реки бассейна Баренцева моря от восточной границы бассейна р. Печора до восточной границы бассейна р. Бол. Ою), 03.05.02.001 и 03.05.03.002. Абсолютные высоты на протяжении участка границы плавно возрастают до 150 м, северная тайга сменяется лесотундрой, а на самом севере – тундрой. От т.130 граница участка (бассейна) Усы идет на восток по гряде Хальмермусюр, поворачивает на север, оконтуривая верховья бассейна р. Колва (т.131) на возвышенности Ёнэймусюр, затем поворачивает на юго-восток, далее, обходя с юга бассейн р. Море-Ю, - на северо-восток и подходит к водоразделу в верховьях р. Адзьва (т.132). Огибая их, граница поворачивает на юго-восток, затем плавно уходит на восток, поднимается на западные отроги Полярного Урала, пересекает в т.133 административную границу между Ненецким автономным округом и Республикой Коми и подходит к водораздельной т.134. схождения границ водохозяйственных участков 03.05.02.001, 03.06.00.001 и 15.01.00.001 (Реки бассейна Карского моря от восточной границы бассейна р. Бол. Ою до мыса Скуратова). Абсолютные высоты на этом отрезке возрастают до 200 м. Плоские морские террасы с грядовыми поднятиями (мусюрами) сменяются холмистым рельефом возвышенных равнин. Господствуют мохово-лишайниковые, реже кустарниковыми тундры в сочетании с бугристыми сфанговыми болотами. От т.134 граница идет в восточном направлении, пересекает в т.135 административную границу между Ненецким автономным округом и Республикой Коми, проходит по юго-западной окраине хребта Пай-Хой до водораздельной точки т.136 – точки схождения границ водохозяйственных участков 03.05.02.001, 15.01.00.001 и 15.02.03.002 (Обь от в/п г. Салехард до устья) на административной границе между Республикой Коми и Ямало-Ненецкого автономным округом. Абсолютная высота возрастает до 649 м, ландшафты мохово-лишайниковой и кустарниковой тундры сменяются горными тундрами на водораздельных вершинах. На этом участке граница разделяет бассейны рек Воркута, Мал. и Бол.Уса (бассейн Усы) и Силоваяха и Кара. В т.136 граница поворачивает на юго-запад, проходит по водораздельным хребтам Полярного Урала через т.137 – точку схождения границ водохозяйственных участков 03.05.02.001, 15.02.03.001 (Обь от впадения р. Северная Сосьва до в/п г. Салехард) и 15.02.03.002 в верховьях р. Бол.Уса на границе Республики Коми и Ямало-Ненецкого автономного округа. От т.136 до т.140 граница бассейна Усыидет в юго-западном направлении практически по административной границе между Республикой Коми и Ямало-Ненецким автономным округом. От верховий бассейна р. Уса - т. 137 - граница участка уходит на юг по водоразделу рек Елец и Собь, затем по водоразделу рек Танью и Юньяга - т.138. Далее граница уходит по горам Войкарсыньинского массива Полярного Урала на юг, разделяя бассейны р. Лага (бассейна Усы) и р. Лагорта (бассейн Оби), проходит через т.139 близ верховья р. Вайкар на границе Республики Коми и Ямало-Ненецкого автономного округа и достигает т.140 - водохозяйственных участков 03.05.02.001, 15.02.02.001 (Северная Сосьва) и 15.02.03.001 вблизи точки схождения границ Респ.Коми, Ямало-Ненецкого а.о. и Ханты- Мансийского а.о. Абсолютные высоты на этом отрезке границы достигают 1200 м. Горные массивы с террасированными склонами сочетаются с резко очерченными гребнями высоких, расчлененных узкими долинами гор. В северной части участка множество мелких каровых и карово-долинных ледников. Ландшафты мохово-лишайниковой и кустарниковой тундры сменяются горными тундрами на водораздельных хребтах, наиболее высокие вершины заняты гольцовыми холодными пустынями. От т.140 до т.143 положение границы бассейна Усы практически совпадает с административной границей между Республикой Коми и Ханты-Мансийским автономным округом. От т.140 до т.141, расположенной в верховьях бассейна р. Лемва, граница участка продолжает следовать в юго-западном направлении, затем она устремляется на северо-запад до водораздела рек Кожим и Косьюбассейна Усы (т.142), далее вновь идет в юго-западном направлении по хребтам Приполярного Урала, разделяя бассейны рек Бол. Поток (03.05.02) и р. Щекурья (15.02.02), к т.143 на водоразделе водохозяйственных участков 03.05.01.002 (Печора от в/п п. Шердино до впадения р. Уса), 03.05.02.001 и 15.02.02.001 на границе Респ.Коми и Ханты-Мансийского а.о. Эта часть Урала отличается наиболее возвышенным и расчлененным рельефом. Значительная высота горных хребтов обусловила активное развитие процессов гольцовой денудации и господствующее положение гольцово-тундровых ландшафтов. От т.143 граница участка, спускаясь с хребтов Приполярного Урала, идет вначале на запад, затем, огибая верховья р. Бол.Сыня, поворачивает на северо-запад и по водоразделу Бол.Сыни и Печоры подходит к устью р. Усы в точку замыкания границы (т.150). Абсолютная высота местности резко снижается от 1400 м до 40 м. Граница проходит в начале участка по Приполярному Уралу со среднегорным рельефом, плосковерхими или округлыми горными массивами, затем по занятой крупными массивами болот (Болото Усвамюр) низменной равнине. В горах выражена высотная поясность в смене ландшафтов (от тайги на склонах до высоты 700-900 м до криволесья, альпийских лугов, тундр и гольцовых вершин)."""
"""Воронеж от истока до г.Липецк без р.Матыра""","""Водохозяйственный участок 05.01.01.005 включает верхнюю часть бассейна р. Воронеж с замыкающим створом ниже г. Липецк (т.5026). Площадь водохозяйственного участка составляет 10.1 тыс. км2. От точки замыкающего створа граница участка следует на запад до т.5027 – узла схождения границ водохозяйственных участков 05.01.01.005, 05.01.01.006 (Воронеж от г. Липецк до Воронежского г/у) и 05.01.01.008 (Дон от г. Задонск до г. Лиски без рр. Воронеж (от истока до Воронежского г/у) и Тихая Сосна), и далее немногим севернее до т.5018 – точки схождения границ водохозяйственных участков 05.01.01.008, 05.01.01.005 и 05.01.01.003 (Дон от истока до г. Задонск без рр. Красивая Меча и Сосна). Затем граница идет в северном направлении до верховья р. Ягодная Ряса, где в т.5017 сходятся границы водохозяйственных участков 09.01.01.021 (Проня), 05.01.01.005 и 05.01.01.003. Здесь граница участка поворачивает на восток, в т.180 пересекает административную границу Липецкой и Рязанской областей и, отклонившись на северо-восток, доходит до истока р. Лесной Воронеж, вблизи которого в т.9081 сходятся границы водохозяйственных участков 09.01.01.021, 09.01.01.022 (Ока от г. Рязань до в/п с. Копоново без р. Проня) и 05.01.01.005. Отсюда граница уходит на юг, пересекает границу Рязанской и Тамбовской областей (т.181), делает две крутых петли вокруг истоков рр. Верда и Польной Воронеж до т.182 – точки схождения границ водохозяйственных участков 05.01.01.005, 09.01.01.022 и 09.01.02.003 (Цна от г. Тамбов до устья). От этой точки граница участка идет на юг по водоразделу рр. Польной Воронеж и Челновая до т.5021, где сходятся границы водохозяйственных участков 09.01.02.003, 05.01.01.005 и 05.01.01.004 (Матыра), затем на запад, вновь возвращаясь в Липецкую область в т.5020, достигает т.5019 – точки замыкающего створа р. Матыра у Матырского г/у и недалеко от замыкающего створа участка, южнее его проходит точку 5025 – точку схождения границ водохозяйственных участков 05.01.01.004, 05.01.01.005 и 05.01.01.006."""
"""Лена от впадения р.Вилюй до в/п ГМС Джарджан""","""Водохозяйственный участок 18.03.09.001 охватывает территорию бассейна р. Лена от впадения р. Вилюй до в/п ГМС Джарджан, расположен целиком в Респ. Саха (Якутия). Площадь водохозяйственного участка составляет 106,0 тыс. км2. От т.18087 в расчетном створе у в/п ГМС Джарджан граница участка следует на восток, пересекает Джарджанский хр. и выходит на Верхоянский хр. к т.18088 схождения границ водохозяйственных участков 18.03.09.001, 18.03.09.002 (Лена от в/п ГМС Джарджан до в/п с. Кюсюр), 18.04.03.001 (Бытантай) и 18.04.03.003 (Реки бассейна моря Лаптевых от границы бассейна р. Лена на западе до границы бассейна р. Яна на востоке), проходит через водораздел рр. Тара-Сала и Соболох-Маян (т.704), затем проходит через точку схождения границ водохозяйственных участков 18.03.09.001, 18.04.01.001 (Яна от истока до впадения р. Адыча) и 18.04.03.001 - т.705 и следует до т.706. Граница разделяет бассейны рек (с запада) Кенгдей, Берис, Бесюке, Джарджан, Нелон, Сынча, Нимингдэ, Соболох-Маян, Ундюлюнг, Саганджа и (с востока) Хаара-Улах, Арга-Юрях, Алтан, Сиетиндже, Бухурук, Тумара, Хобол. Склоны хребтов до высоты 700-850 м покрыты редкостойными лиственничными лесами, на вершинах преобладают горно-тундровые ландшафты и арктические каменистые пустыни. От т.706 схождения границ водохозяйственных участков 18.03.06.009 (Алдан от впадения р. Амга до устья), 18.03.09.001 и 18.04.01.001 граница поворачивает на юго-запад, проходит в т.751 водораздел водохозяйственных участков 18.03.06.009, 18.03.07.001 (Лена от впадения р. Алдан до впадения р.Вилюй) и 18.03.09.001 пересекает хребты Бугинский и Кутургинский юго-западной окраины горной системы Верхоянского хребта, проходит через точку впадения р. Вилюй в р. Лена т.752 схождения границ водохозяйственных участков 18.03.07.001, 18.03.08.006 (Вилюйот впадения р. Марха до устья без р. Тюнг) и 18.03.09.001, далее проходит через водораздельную точку схождения границ водохозяйственных участков 18.03.08.005 (Тюнг), 18.03.08.006 и 18.03.09.001 - т.18086, выходит на Центральноякутскую равнину, поворачивает на северо-запад и проходит водораздел рр. Тюнг и Линде (т.755), выходит на северо-восточную оконечность Вилюйского плато, проходит в т.754 по водоразделу рр. Чимкидян и Мунакан, поворачивает на запад, проходит через т.18083 схождения границ водохозяйственных участков 18.03.08.004 (Марха), 18.03.08.005 и 18.03.09.001 и подходит к т.697. Граница разделяет бассейны рек (с севера) Ляписке, Тымпылыкан, Делингдэ, Линде, Мунакан и (с юга) Нуора, Белянка, Герге-Тюгене, Пунгха, Вилюй, Диппа, Арга-Тюнг. Почвенно-растительный покров относится к подзоне северной тайги и отличается большой мозаичностью. Лиственничные леса сменяются луговыми пространствами вокруг многочисленных небольших озер термокарстового происхождения. От т.697 схождения границ водохозяйственных участков 18.02.00.001 (Оленек от истока до в/п ГМС Сухана), 18.03.08.004 и 18.03.09.001 на междуречье рр. Муна, Тюнг и Силигир граница поворачивает на северо-восток, проходит водораздел рр. Муна и Оленек (т.696) и выходит на плато Кыстык к водораздельнойт.18005 водохозяйственных участков 18.02.00.002 (Оленек от в/п ГМС Сухана до устья), 18.03.09.001 и 18.03.09.002, поворачивает на восток и следует к начальной т.18087. Граница разделяет бассейны рек (с востока) Муна, Северная, Моторчуна, и (с запада) Силигир, Мерчимден, Оленек. Господствующими ландшафтами являются полигональные и пятнистые тундры, встречаются полигональные болота."""
"""Днепр, от Каховского гидроузла до устья""","""Водохозяйственный участок 04.01.00.019 включает часть бассейна р. Днепр гидроузла Каховского водохранилища до устья. Площадь водохозяйственного участка составляет 7.41 тыс. км2. В т.948 р. Ингулец пересекает Государственную границу РФ с Украиной. Отсюда граница водохозяйственного участка следует в южном направлении до т.949 в которой р.Ингулец снова пересекает Государственную границу РФ с Украиной (04.01.00) в районе впадения р.Висунь. Продолжая следовать по Государственной границе с Украиной в южном, а затем юго-западном направлении еще раз пересекает р.Ингулец доходит до т.951, расположенной на берегу Днепровского лимана, пересекает его, после чего поворачивает и следует в юго-восточном направлении до т.4057, расположенной вблизи Днепровского лимана. Далее продолжает следовать в юго-восточном направлении, потом поворачивает и меняет направление на северо-восток доходит до т. 4055, в которой сходятся границы водохозяйственных участков 04.01.00.019, 04.01.00.018 и 04.01.00.020. Далее граница участка отклоняется на север и следует до Государственной границы РФ с Украиной (т.4056), вдоль которой в западном направлении участок замыкается в т.948."""
"""Тагил от истока до г. Нижний Тагил без р. Черная""","""Водохозяйственный участок 14.01.05.014 охватывает бассейн р. Тагил от истока до г. Нижний Тагил, исключая бассейн р. Черная от истока до Черноисточинского гидроузла. Участок расположен в Свердловской области, его площадь составляет 1,7 тыс. км2. От расчетного створа т.14048 ниже г.Нижний Тагил граница водохозяйственного участка следует на юг по водоразделу рр. Иса, Салда и Тагил до т.14049 схождения границ водохозяйственных участков 14.01.05.014, 14.01.05.015 (Тагил от г. Нижний Тагил до устья) и 14.01.05.018 (Реж(без р. Аять от истока до Аятского г/у) и Нейва (от Невьянского г/у) до их слияния), далее продолжается в том же направлении по водоразделу рр. Нейва и Тагил, проходит т.14050 схождения границ водохозяйственных участков 14.01.05.014, 14.01.05.016 (Нейва от истока до Невьянского г/у) и 14.01.05.018, и достигает т.14051 схождения границ водохозяйственных участков 14.01.05.014, 14.01.05.016 и 10.01.01.006 (Чусовая от г. Ревда до в/п пгт. Кын). От этой точки граница следует на север, проходит т.14046 схождения границ водохозяйственных участков 14.01.013 (Черная от истока до Черноисточинского г/у), 14.01.05.014 и 10.01.01.006, следует по водоразделу рр. Межевая Утка и Черная, проходит т.14047 схождения границ 14.01.05.013, 14.01.05.014 и 10.01.01.006, достигает т.14052 схождения границ водохозяйственных участков 14.01.05.014, 14.01.05.015 и 10.01.01.006, поворачивает на восток и замыкается в начальной точке."""
"""Анюй, включая реки Большой и Малый Анюй""","""Водохозяйственный участок 19.01.03.001 охватывает территорию бассейна р. Анюй – правого притока р. Колыма от истока до устья. Площадь водохозяйственного участка составляет 107,1 тыс. км2. От т.785 на расчетном створе в точке впадения р. Анюй в Колыму, в т.804 и далее до т.805 граница водохозяйственного участка следует по административной границе в северном направлении, разделяя бассейны правых притоков р. Малый Анюй и р. Колыма в ее нижнем течении. От т.805 - точки пересечения границы между Республикой Саха (Якутия) и Чукотским а.о. в точке схождения границ водохозяйственных участков 19.01.03.001, 19.01.04.001 (Колыма от впадения р. Омолон до устья без р. Анюй) и 19.02.00.001 (Бассейны рек Восточно-Сибирского моря от восточной границы бассейна р. Колыма до границы бассейна Чукотского моря) - граница поворачивает на восток и огибает верховья р. Лельвергыргын. Отрезок границы бассейна Анюя сначала проходит по Колымской низменности, а затем рельеф приграничной местности повышается до отметок 700 - 800 м. В начале отрезка зональные тундровые ландшафты характеризуются сильной заболоченностью, с ростом абсолютной высоты степень заболоченности несколько снижается, господствуют кустарничковые, моховые и лишайниковые тундры. По линии водораздела рр. Кейнгывэеем и Лельвэргыргын граница бассейна Анюя простирается в юго-восточном направлении до т.788. На начальном участке этого отрезка границы она разделяет бассейны правых притоков р. Малый Анюй и левых притоков р. Раучуа, проходит через т.787 на водоразделе бассейна у истоков р. Раучуа и, следуя по водоразделу между бассейнами рек Лелювеем, Пучьэвеем, Угаткын и Тытыльваам, Малый Анюй, достигает т.788. По мере удаления от побережья Восточно-Сибирского моря низменный рельеф переходит в среднегорный (отметки высот от 700 до 900 м) и в конце участка граница бассейна выходит на Анадырское плоскогорье. Низменные пространства заняты типичной пушицевой кочкарной тундрой, южнее она сменяется кустарничковой, моховой и лишайниковой горной тундрой в сочетании с зарослями кустарников. От т.788 схождения границ водохозяйственных участков 19.01.03.001, 19.05.00.001 (Анадырь от истока до впадения р. Майн) и 19.05.00.002 (Анадырь от впадения р. Майн до устья) и 19.02.00.001 граница простирается в юго-западном направлении и проходит по Анадырскому плоскогорью, затем пересекает Анюйский хребет, проходит через т.789 на водоразделе бассейнов р. Мечкерева и Бол.Анюй и подходит к водораздельной точке т.790 схождения границ водохозяйственных участков 19.01.02.001 (Омолон), 19.01.03.001 и 19.05.00.001 на водоразделе р. Алучин и Яблон. По мере продвижения на юго-запад кустарничковые, моховые и лишайниковые горные тундры сменяются лиственничными редколесьями и светлохвойной тайгой. Следуя от т.790 к т.802 в западном направлении по отрогам Колымского нагорья по водоразделу бассейнов рек Алучин, Пеженка и правых притоков Олоя, граница в т.802 поворачивает на северо- запад и следует в этом направлении, разделяя верховья рек Олойчан, Курьячан, Курья и Банная, Кричальская, Яровая, до т.801 схождения границ водохозяйственных участков 19.01.02.001, 19.01.03.001 и 19.01.04.001 в точке пересечения с границей между Республикой Саха (Якутия) и Чукотским а.о. Следуя от этой точки в восточном направлении, граница бассейна Анюя проходит т.803 на пересечении границы между Чукотским а.о. и Республикой Саха (Якутия) и замыкается в т.785. Отрезок границы (от т.790 до т.803) проходит сначала по Колымскому нагорью с высотами до 1500 м, затем пересекает Олойский хребет и в конце отрезка проходит по Колымской низменности (высоты до 100 м). Горные светлохвойные леса и редколесья в сочетании с горными тундрами по мере движения на север сменяются тундровыми ландшафтами в сочетании с болотами."""
"""Вычегда от г.Сыктывкар до устья""","""Водохозяйственный участок 03.02.02.002 охватывает нижнюю часть бассейна р. Вычегда с замыкающим расчетным створом в месте впадения р. Вычегда в р. Северную Двину в т.107, где сходятся границы водохозяйственных участков 03.02.01.003 (Малая Северная Двина от начала реки до впадения р. Вычегда без рр. Юг и Сухона (от истока до Кубенского г/у), 03.02.02.002 и 03.02.03.001 (Северная Двина от впадения р. Вычегда до впадения р. Вага). Водохозяйственный участок расположен на территории Республики Коми и Архангельской области. Площадь водохозяйственного участка составляет 54,1 тыс. км2.От точки замыкающего створа граница идет на северо-восток по водоразделу рр. Уфтюга и Вычегда до т.82 – точки схождения границ водохозяйственных участков 03.03.00.001 (Мезень от истока до в/п д. Малонисогорская), 03.02.02.002 и 03.02.03.001, Абсолютные отметки местности на этом участке возрастают до 190 м, рельеф водораздельной поверхности характеризуется выположенностью. В ландшафтной структуре территории значительную роль играют ландшафты гидроморфного ряда, высока степень залесенности территории. В т.82 граница участка делает поворот на север, затем плавно поворачивает на северо-восток, в т.83 пересекает административную границу между Архангельской областью и Республикой Коми, далее, оконтуривая бассейн р. Ирва, поворачивает на северо-запад, затем переходит на южные отроги Тиманского кряжа и идет на северо-восток по водоразделу рек Елва и Мезень до точки схождения (т.84) границ водохозяйственных участков 03.02.02.002, 03.03.00.001 и 03.05.03.001 (Печора от впадения р. Уса до в/п Усть-Цильма). Абсолютная высота при подъеме на Тиманский кряж возрастает до 300 м, рельеф от волнистого переходит к плоскоувалистому с невысокими выположенными грядами, разделенными широкими заболоченными понижениями. По мере движения на северо-восток среднетаежные еловые леса с примесью пихты сменяются еловыми и елово-березовыми лесами на грядах и сфагновыми болотами и березовым криволесьем на переувлажненных межгрядовых понижениях. В т.84 граница поворачивает на восток, затем по водоразделу бассейнов рек Вымь и черная Кедва идет на юго-юго-восток (т.85) и далее следует в этом направлении по Вымско-Вольской гряде Тиманского кряжа до водораздела бассейнов рек Весляна и Седью (т.86), где наблюдается схождение границ водохозяйственных участков 03.02.02.001 (Вычегда от истока до г. Сыктывкар),.03.02.02.002 и 03.05.03.001. Абсолютная высота снижается с 300 до 250 м, геоморфологические и ландшафтные условия близки к предыдущему участку: господствует увалистый рельеф возвышенных равнин, занятых преимущественно еловыми и елово-березовыми лесами, плоские междуречья сильно заболочены. Отсюда (т.86) граница участка следует на запад, затем у истока р. Вишера поворачивает на юг, пересекает р. Вычегду у г. Сыктывкар в т.3016, после которой отклоняется на юго-запад и идет до пересечения границы Архангельской области и Республики Коми в т.3015. Немного южнее этого пересечения в т.3012 сходятся границы водохозяйственных участков 03.02.01.002 (Юг), 03.02.02.001 и 03.02.02.002. От этой точки граница следует на запад, проходит точку пересечения границ Кировской, Архангельской обл. и Республики Коми (т.109), точку пересечения границ Кировской, Вологодской и Архангельской обл. (т.108) и, повернув на север замыкает участок в расчетном створе в т.107. На этом отрезке границы преимущественно еловые и елово-березовые леса постепенно меняются на ландшафты гидроморфного ряда с высокой степенью залесенности территории."""
Селемджа,"""Водохозяйственный участок 20.03.04.003 охватывает бассейн р. Селемджа, левого притока Зеи. Селемджа берёт начало на стыке хребтов Ям-Алинь и Эзон; в верховьях она является типичной горной рекой, ниже поселка Экимчан долина расширяется; в низовьях река течёт по северной окраине Зейско-Буреинской равнины. Главные притоки: Ульма (слева), Нора (справа). Водохозяйственный участок целиком расположен на территории Амурской области, площадь водохозяйственного участка составляет 68,6 тыс. км2 . В соответствии с Реестром опорных точек описание границы водохозяйственного участка 20.03.04.003 начинается от т.20013 - места впадения р. Селемджа в р. Зея (расчетный створ) в точке схождения границ водохозяйственных участков 20.03.04.002 (Зея от Зейского г/у до впадения р. Селемджа), 20.03.04.003 и 20.03.04.004 (Зея от впадения р. Селемджа до устья). От этой точки граница водохозяйственного участка граница идет по Амурско-Зейской равнине в северо-западном направлении, делает петлю, огибая верховья бассейна р. Гарь (20.03.04.003), поднимается по западным отрогам хребта Джагды к водораздельной т.20012 схождения границ водохозяйственных участков 20.03.04.001 (Зея от истока до Зейского г/у), 20.03.04.002 и 20.03.04.003. В т. 20012 граница поворачивает на восток и следует по хребту Джагды по водоразделу бассейнов р. Уда и Дугда к точке схождения границ водохозяйственных участков 20.03.04.001, 20.03.04.003 и 20.02.00.001 (Уда) на административной границе между Амурской областью и Хабаровским краем (т.858), затем следует близко к этой границе по хребтам Джагды и Селемджинскому до т.857, разделяя верховья бассейнов рек Шевли и Галлам (бассейн Уды) и Нора, Селемджа и Селиткан в бассейне Зеи. В т.857 сходятся границы водохозяйственных участков 20.03.09.003 (Реки бассейна Охотского моря от границы бассейна р. Уда до мыса Лазарева без р. Амур), 20.03.04.003 и 20.02.00.001 на границе между Амурской областью и Хабаровским краем. Здесь граница водохозяйственного участка, следуя близ административной границы между Амурской областью и Хабаровским краем, поворачивает на юг по хребту Ям-Алинь, проходит точку схождения границ водохозяйственных участков 20.03.04.003, 20.03.08.001 (Амгунь) и 20.03.09.003 – т.809 и далее точку схождения границ водохозяйственных участков 20.03.04.003, 20.03.05.001 (Бурея от истока до Бурейского г/у) и 20.03.08.001 – т.891. От т.891 граница водохозяйственного участка продолжается в западном направлении по хребту Эзоп до т.892, где пересекает административную границу между Амурской областью и Хабаровским краем, и, поворачивая на юго-запад, выходит на гребень хребта Турана на водораздел бассейнов р. Ига и Туюн, где вновь пересекает административную границу между Амурской областью и Хабаровским краем в т.893. Здесь граница водохозяйственного участка уходит на юг по западным отрогам хребта Турана к точке схождения (т.20014) границ водохозяйственных участков 20.03.04.003, 20.03.04.004 (Зея от впадения р. Селемджа до устья) и 20.03.05.001. Отсюда граница поворачивает на запад, спускается на Зейско-Буреинскую равнину и по водоразделу рек Ульма (20.03.04.003) и Томь (20.03.04.004) подходит к устью Селемджи в замыкающей т.20013. На склонах гор произрастает горная лиственничная тайга; встречаются леса из аянской ели. Выше 1200 м тайга сменяется поясом кедрового стланика, верхние части гор заняты горными тундрами, гольцовыми поверхностями."""
"""Дон от г. Лиски до г. Павловск без р.Битюг""","""Водохозяйственный участок 05.01.01.010 включает верхнюю часть бассейна р. Дон с расчетным створом на р. Дон ниже г. Павловск (т.5044). Площадь водохозяйственного участка составляет 6.3 тыс. км2. От точки замыкающего створа граница участка следует на северо-запад по водоразделу рр. Черная Калитва и Дон до т.5035, в которой сходятся границы водохозяйственных участков 05.01.01.007 (Тихая Сосна), 05.01.01.012 (Дон от г. Павловск до устья р. Хопер без р. Подгорная) и 05.01.01.010. К северу от этой точки в т.5034 сходятся границы трех водохозяйственных участков 05.01.01.007, 05.01.01.008 (Дон от г. Задонск до г. Лиски без рр. Воронеж (от истока до Воронежского г/у) и Тихая Сосна) и 05.01.01.010, а к востоку от нее в т.5040 пересекается р. Дон в створе ниже г. Лиски. Далее граница идет на север по водоразделу рр. Хворостань и Икорец до т.5032 – точки схождение границ водохозяйственных участков 05.01.01.006 (Воронеж от г. Липецк до Воронежского г/у), 05.01.01.008 и 05.01.01.010, затем в этом же направлении до т.5031 – точки схождения границ водохозяйственных участков 05.01.01.006, 05.01.01.009 (Битюг) и 05.01.01.010. От этой точки граница участков 05.01.01.010 и 05.01.01.009 уходит на юг по водоразделу рр. Дон и Битюг до т.5041, где р. Битюг впадает в Дон, и далее плавно поворачивает вновь на север, затем на восток и юг, огибая бассейн р. Осередь. В верховьях этой реки граница проходит через две рядом расположенные точки, обозначающие схождение границ водохозяйственных участков: т.5043 – участки 05.01.01.010, 05.01.01.009, 05.01.02.003 (Савала) и т.5045 – участки 05.01.01.010, 05.01.01.011 (Подгорная) и 05.01.02.003. Еще одна точка – т.5046, в которой сходятся три участка - 05.01.01.010, 05.01.01.011 и 05.01.01.012 достигается границей в юго-западном направлении по пути к замыкающему створу (т.5044)."""
Сусуя,"""Водохозяйственный участок 20.05.00.001 включает бассейн р. Сусуя., истоки которой берут начало в отрогах Мицульского хребта и на Сусунайском хребте, впадающей в залив Анива пролива Лаперуза. Бассейн реки расположен на юге Сахалина, большая часть бассейна лежит в пределах Сусунайской низменности, ограниченной с юга береговой линией залива Анива, с востока – Сусунайским хребтом, с запада – отрогами Мицульского хребта. На р. Сусуя расположен областной центр Сахалинской области – г. Южно-Сахалинск. Водохозяйственный участок целиком расположен на территории Сахалинской области, площадь водохозяйственного участка составляет 1 тыс. км2 . Граница водохозяйственного участка 20.05.00.001 начинается в т.20043, расположенной в устье р. Сусуя, в точке примыкания границы между водохозяйственными участками 20.05.00.001 и 20.05.00.002 (Водные объекты о-ва Сахалин без бассейна р. Сусуя) к береговой линии залива Анива. От этой точки граница водохозяйственного участка от береговой линии идет на северо- северо-запад по заболоченной Сусунайской низменности, постепенно поднимаясь на отроги Мицульского хребта (высшая точка – 793 м абс.выс.) Западно-Сахалинской горной системы к водоразделу рек Сусуя и Найба на границе с водохозяйственным участком 20.05.00.002 – т.20042. Здесь граница, обходя верховья бассейна р. Сусуя, проходит короткий отрезок в юго- восточном направлении, затем поворачивает на юг и по Сусунайскому хребту (высшая точка – г. Пушкинская – 1047 м абс.выс.) идет до точки замыкания – т.20043. На гребнях сопок господствуют заросли кедрового стланика, широко распространены низкорослый багульник и золотистый рододендрон. На склонах произрастает темнохвойная тайга, лиственные и смешанные леса с кустарниковым и крупнотравным ярусами. В устьевой области представлены гидроморфные ландшафты в сочетании с суходолами."""
Оша,"""Водохозяйственный участок 14.01.01.002 охватывает бассейн р. Оша от истока до устья. Участок расположен в Омской области, его площадь составляет 21,3 тыс. км2. От расчетного створа впадения р. Оша в р. Иртыш (т.14003) граница водохозяйственного участка 14.01.01.002 следует на юг, делает петлю в западном направлении по водоразделу рр. Оша и Иртыш, обходит оз. Салтаим и достигает т.485 пересечения границы между Тюменской и Омской областями вблизи точки схождения границ водохозяйственных участков 14.01.01.002, 14.01.01.003 (Иртыш от впадения р. Омь до впадения р. Ишим без р. Оша) и 14.01.03.002 (Ишим от границы РФ с Респ. Казахстан до устья без оз. Большой Уват до г/у Большой Уват). Далее граница еще раз пересекает границу между Тюменской и Омской областями, проходя т.14004 схождения границ водохозяйственных участков 14.01.01.002, 14.01.01.003 и 14.01.03.002, замыкается в начальной точке."""
Кура,"""Водохозяйственный участок 07.01.00.012 охватывает бассейн р. Кура. Участок расположен Ставропольском крае, Чеченской, Кабардиной-Балкарской Республиках и Республике Дагестан, его площадь составляет 6,7 тыс. км2. Расчетный створ на р. Кура расположен в месте ее вытекания из р. Малка (т.7046) и схождения границ водохозяйственных участков 07.01.00.012, 07.02.00.005 (Малка от истока до Кура- Марьинского канала) и 07.02.00.008 (Малка от Кура-Марьинского канала до устья без р. Баксан). От этой точки граница водохозяйственного участка 07.01.00.012 следует на запад по восточному склону Ставропольской возвышенности, проходит т.250 схождения границ водохозяйственных участков 07.01.00.006 (Кума от впадения р. Подкумок до Отказненского г/у), 07.01.00.012 и 07.02.00.005, затем поворачивает на северо-восток, проходит по Ставропольской возвышенности т.7014 схождения границ водохозяйственных участков 07.01.00.006, 07.01.00.011 (Сухая Кума) и 07.01.00.012, проходит по водоразделу рр. Горькая Балка и Кура к т.7026 схождения границ водохозяйственных участков 07.01.00.011, 07.01.00.012 и 07.01.00.013 (Водные объекты междуречья Терека и Сухой Кумы), далее следует по Ногайской степи Прикаспийской низменности на юго- восток вблизи кан. Караногайская Ветвь, проходя т.7028 схождения границ Ставропольского края, Чеченской Республики и Республики Дагестан, и достигает т.7029 схождения границ водохозяйственных участков 07.01.00.012, 07.01.00.013 и 07.02.00.010 (Терек от г. Моздок до впадения р Сунжа), в которой поворачивает на запад. Далее граница следует параллельно кан. Бурунный, пересекает границу между Чеченской Республикой и Ставропольским краем в т.247, проходит т.7051 схождения границ водохозяйственных участков 07.01.00.012, 07.02.00.009 (Терек от впадения р. Малка до г. Моздок) и 07.02.00.010, далее пересекает границу между Кабардино- Балкарской Республикой и Ставропольским краем (т.248), вновь выходит на Ставропольскую возвышенность, проходит т.7049 схождения границ водохозяйственных участков 07.01.00.012, 07.02.00.008 (Малка от Кура-Марьинского канала до устья без р. Баксан) и 07.02.00.009, снова пересекает границу между Кабардино-Балкарской Республикой и Ставропольским краем в т.249 и замыкается в начальной точке. Для восточной части территории водохозяйственного участка характерны полупустынные ландшафты в сочетании с массивами бугристых песков, солончаками и небольшими солёными озёрами; на высоких водоразделах в пределах Ставропольской возвышенности с абсолютными высотами 400-500 м степи перемежаются с массивами широколиственных лесов."""
"""Сегежа до Сегозерского г/у, вкл. оз. Сег-озеро""","""Водохозяйственный участок 02.02.00.011 охватывает бассейн оз. Сег-озеро и р. Сегежа от истока до Сегозерского гидроузла. Участок расположен в Республике Карелия, его площадь составляет 7,5 тыс. км2.От расчетного створа Сегозерского гидроузла (т.2056) граница водохозяйственного участка 02.02.00.011 следует на юг до т.2057 схождения границ водохозяйственных участков 02.02.00.011, 02.02.00.012 (Нижний Выг от истока до Выгозерского г/у, вкл. оз. Выг-озеро без р. Сегежа до Сегозерского г/у) и 01.04.01.006 (Онежское озеро, включая впадающие в него реки, кроме рр. Шуя, Суна, Водла и Вытегра). Далее граница резко поворачивает на северо-запад, проходит через т.37 вблизи побережья оз. Сег-озеро, делает петлю, огибая верховья небольших рек бассейна Онежского озера, и достигает т.2058 схождения границ водохозяйственных участков 02.02.00.011, 01.04.01.002 (Суна включая Пальеозерское и Сандальское в-ща) и 01.04.01.006. Здесь граница поворачивает на северо-запад и по водоразделу бассейнов рек Белого и Балтийского морей доходит до т.36 схождения границ водохозяйственных участков 02.02.00.011, 01.04.01.002 и 01.05.00.001 (Реки Карелии бассейна Балтийского моря, включая оз. Лекс-озеро) и затем достигает т.2059 схождения границ водохозяйственных участков 02.02.00.009 (Кемь от Юшкозерского г/у до Кривопорожского г/у), 02.02.00.011 и 01.05.00.001.Затем граница поворачивает на северо-восток, проходит т.2054 схождения границ водохозяйственных участков 02.02.00.009, 02.02.00.011 и 02.02.00.013 (Нижний Выг от Выгозерского г/у до устья), поворачивает на юго-восток и идет до т.2053 схождения границ водохозяйственных участков 02.02.00.013, 02.02.00.012 и 02.02.00.011 и, огибая побережье Сегозерского водохранилища, замыкается в расчетном створе."""
"""Бессточные территории междуречья Терека, Дона и Волги""","""Водохозяйственный участок 07.04.00.001 охватывает водные объекты бессточной области междуречья Терека, Дона и Волги. Участок расположен в Республике Калмыкия, а также частично в Волгоградской, Астраханской и Ростовской областях, его площадь составляет 52тыс. км2. От начальной т.192 схождения границ водохозяйственных участков 07.04.00.001, 05.01.03.009 (Дон от г. Калач-на-Дону до Цимлянского г/у (Цимлянское в-ще) без р. Чир) и 11.01.00.023 (Волга от Волгоградского г/у до в/п Светлый Яр) граница водохозяйственного участка 07.04.00.001 следует на юго-восток по Сарпинской и далее по Прикаспийской низменности, проходит т.11077 схождения границ водохозяйственных участков 07.04.00.001, 11.01.00.023 и 11.01.00.024 (Волга от в/п Светлый Яр до в/п Верхнее Лебяжье), затем пересекает границу между Волгоградской областью и Республикой Калмыкия в т.261, и далее – границу между Астраханской областью и Республикой Калмыкия около т.11083 схождения границ водохозяйственных участков 07.04.00.001, 11.01.00.024 и 11.01.00.028 (Реки бессточных областей правобережья Волги), далее на протяженном участке следует по пустыням Калмыкии, обходя систему каналов ВР-1, Сарпинские озера и подходит к системе правобережных ериков дельты Волги, где пересекает границу между Астраханской областью и Республикой Калмыкия в т.262, проходит т.11086 схождения границ водохозяйственных участков 07.04.00.001, 11.01.00.025 (Волга (дельта) от в/п Верхнее Лебяжье до устья) и 11.01.00.028, затем снова пересекает границу между Астраханской областью и Республикой Калмыкия в т.263 и достигает т.264 схождения границ водохозяйственных участков 07.01.00.010 (Кума от впадения р. Мокрая Буйвола до устья), 07.04.00.001 и 11.01.00.025. Абсолютные высоты плавно понижаются с северо-запада на юго-восток, достигая минусовых отметок (-21 м в т.264). Район характеризуется очень плоским рельефом. Характерны многочисленные микрозападины диаметром 10-100 м и глубиной 0,3-2 м. Здесь сформировались ландшафты злаково-полынной полупустыни, характерной чертой которых является комплексность почвенно-растительного покрова. По мере продвижения с севера на юг нарастает степень опустынивания. На запад от границы с бассейном Нижней Волги располагаются Сарпинские озера, цепочка которых разделена на части конусами выноса временных водотоков, стекающих с Ергеней. В южной части района следования границы участка (на Прикаспийской низменности) развиты эоловые формы рельефа с котловинами выдувания и мелкой бугристостью, развитием бэровских бугров. Бугры высотой 7-10 м, шириной 200-300 м и длиной 0,8-8 км тянутся параллельно друг другу в почти широтном направлении. Их почти плоские привершинные поверхности обычно заняты злаково-полынной растительностью. Постоянных водотоков нет. Встречаются соляные озера. От т.264 граница поворачивает на запад, проходит т.7001 схождения границ водохозяйственных участков 07.01.00.002 (Восточный Маныч от Чограйского г/у до устья), 07.01.00.010 и 07.04.00.001, вблизи оз. Киркита, затем т.7002 схождения границ водохозяйственных участков 07.01.00.001 (Восточный Маныч от истока до Чограйского г/у), 07.01.00.002 и 07.04.00.001, проходит мимо Чограйского водохранилища до т.195 схождения границ водохозяйственных участков 07.01.00.001, 07.04.00.001 и 05.01.05.007 (Маныч от истока до Пролетарского г/у без рр. Калаус и Егорлык), в которой поворачивает на север. Рельеф на участке границы изменяется от низменного до возвышенного эрозионного. Абсолютные отметки местности возрастают от -21 до 200 м. Начальный отрезок границы проходит по Прикаспийской низменности и выходит на восточный склон Ергенинской возвышенности, расчлененный оврагами и балками. Это территория Ергенинской полупустынной ландшафтной провинции Русской равнины с полынно-злаковыми растительными ассоциациями. Юго–западная часть Прикаспийской низменности – Черноземельская ландшафтная провинция полупустынной зоны со злаково-разнотравными ассоциациями в растительном покрове. От т.195 граница следует по водоразделу пересыхающих притоков оз. Маныч-Гудило и Черноземельского канала, проходя т.5107 схождения границ водохозяйственныхучастков 07.04.00.001, 05.01.05.001 (Сал) и 05.01.05.007, затем дважды пересекает границу между Ростовской областью и Республикой Калмыкия – сначала в т.194, затем в т.5106, по отрогам Сальско- Манычской гряды проходит т.193 схождения границ водохозяйственных участков 05.01.03.009, 05.01.05.001 и 07.04.00.001 у истока ер.Аксай-Есауловский, после чего граница идет по Ергенинской возвышенности до замыкания в т.192 Граница участка разделяет с востока бассейны рек Хар-Зух, Щарын-Сала Бурата-Сала, Элиста, Яшкуль, Ялмта, Кегульта, Шар-Элсн, Аршан-Зельмень, Зельмень, Ялмата, Бол.Тингута , с запада – реки бассейна Дона: Улан-Зуха, Хаар-Зух, Найн-Шар, Джурак-Сал, Загиста, Амта, Акшибай, Хамхурка, Аксай Курмоярский, Аксай Есауловский, Мышкова, Ерик. На этом участке абсолютные высоты колеблются в пределах от 150 до 190 м, рельеф местности характеризуется развитием эрозионных форм, в приводораздельной части сохранилась невысокая почти плоская полоса с западинами, весной превращающимися в небольшие озерца. Зональный тип ландшафтов представлен полынно-злаковыми полупустынями в сочетании с сухими степями."""
Кондома,"""Водохозяйственный участок 13.01.03.001 охватывает бассейн р. Кондома от истока до устья. Участок расположен в Кемеровской области, Алтайском крае и Республике Алтай, его площадь составляет 8,3 тыс. км2. От т.13037 на расчетном створе впадения р. Кондома в р. Томь ниже г. Новокузнецк граница водохозяйственного участка 13.01.03.001 следует на юг по водоразделам рр. Кундель, Мзас, Бол. Таз, Бол. Унзас, Кондома и Пызас до т.13006 схождения границ водохозяйственных участков 13.01.01.002 (Бия), 13.01.03.001 и 13.01.03.002 (Томь от истока до г. Новокузнецк без р. Кондома), от которой поворачивает на северо-запад, по гребню хребта Бийская Грива пересекает сначала границу между Кемеровской областью и Республикой Алтай (т.422), а затем – между Алтайским краем и Республикой Алтай (т.421), проходит т.420 схождения границ водохозяйственных участков 13.01.01.002, 13.01.02.004 (Чумыш) и 13.01.03.001, следует по гребню Салаирского кряжа и пересекает границу между Алтайским краем и Кемеровской областью в т.430 на водоразделе рр. Сары-Чумыш и Кондома, проходит т.13024 схождения границ водохозяйственных участков 13.01.02.004, 13.01.03.001 и 13.01.03.002 и замыкается в начальной точке. Граница проходит по эрозионно-расчлененному рельефу предгорий. Распространены южно- таежные и подтаежные ландшафты с островами лесостепей."""
"""Ангара от впадения р. Белая до Братского г/у без рр. Белая, Ока, Ия""","""Водохозяйственный участок 16.01.01.008 охватывает часть бассейна Ангары от в/п Усолье- Сибирское до Братского г/у, протяженность этого участка Ангары составляет 484 км. Участок расположен на территории Иркутская области. Площадь водохозяйственного участка составляет 58 тыс. км2. В соответствии с Реестром опорных точек описание границы водохозяйственного участка 16.01.01.008 начинается От замыкающего створа (т.16028) Братского гидроузла на р. Ангара граница между водохозяйственными участками 16.01.01.008 и16.01.03.001 (Иркутское в-ще, включая оз. Байкал и р. Ангара от истока до Иркутского г/у) идет в северо-восточном направлении по Ангарскому кряжу, огибает верховья р. Кежма-Кежемская (т.588), поворачивает на юг и по водоразделу бассейнов притоков Братского водохранилища и р. Илим выходит на Лено- Ангарское плато к т.569 - схождения границ водохозяйственных участков 18.03.01.001 (Лена от истока до г. Усть-Кут), 16.01.01.008 и 16.01.03.001 у истока р. Илим. Далее граница проходит т.570 на водоразделе бассейнов рек Илим (16.01.01.008) и Илга (18.03.01.001) и достигает точку схождения границ водохозяйственных участков 16.01.01.004 (Ангара от Иркутского г/у до впадения р. Белая без рр.Иркут, Китой), 16.01.01.008 и 18.03.01.001 (т.16018). Здесь граница уходит на юго-запад, проходит через т.16017 по водоразделу рек Куда (16.01.01.004) и Оса (16.01.01.008), поворачивает на юг, спускается на Иркутско-Черемховскую равнину и достигает точку пересечения р. Ангара границы с водохозяйственным участком 16.01.01.004 в месте впадения р. Белая – т.16019. Отсюда граница водохозяйственного участка 16.01.01.008 идет в западном направлении до точки (т.16020) схождения границ водохозяйственных участков 16.01.01.004, 16.01.01.005 (Белая) и 16.01.01.008, затем поворачивает на север и следует к т.16019 у впадения р. Белая в р. Ангара на границе с водохозяйственным участком 16.01.01.005. Далее граница поворачивает на северо-запад и подходит к т.16022 схождения границ водохозяйственных участков 16.01.01.005, 16.01.01.006 (р.Ока от истока до устья) и 16.01.01.008, затем по западному склону Лено-Ангарского плато, по водоразделу рек Ока и Залари (16.01.01.08) уходит на сначала на северо-северо-восток, потом поворачивает на запад и проходит точку пересечения р. Ока границы с водохозяйственным участком 16.01.01.006 (т.16023) и далее точку схождения границ водохозяйственных участков 16.01.01.006, 16.01.01.007 (Ия) и 16.01.01.008 (т.16025). От т.16025 граница водохозяйственного участка 16.01.01.008 идет на северо-запад до т.16026 впадения р. Ия в р. Ангара (Братское вдхр.) на границе с водохозяйственным участком 16.01.01.007. Здесь граница водохозяйственного участка 16.01.01.008 резко поворачивает на юго-запад, затем идет на запад, огибая верховья левых притоков р. Ия, и достигает т.16027 схождения границ водохозяйственных участков 16.01.01.007, 16.01.01.008 и 16.01.02.001 - Чуна (Уда). Отсюда граница следует в северном направлении по Ангарскому кряжу Приангарского плато, разделяющему бассейны реки Уда (16.01.02.001) и Усть- Илимского водохранилища (16.01.01.008), выходит к точке водораздела (т.587) водохозяйственных участков 16.01.01.008, 16.01.02.001 и 16.01.03.001, поворачивает на северо-восток и замыкается в створе (т.16028) Братского гидроузла на р. Ангара на границе с водохозяйственным участком 16.01.03.001. Рельеф большей части территории типичен для плато и характеризуется небольшой расчлененностью, наличием обширных выровненных пространств. В ландшафтной структуре преобладают зональные типы ландшафтов возвышенных платформенных равнин, где темнохвойные леса чередуются с участками лиственнично-сосновых таежных лесов."""
"""Бассейны рек Берингова моря от северной границы бассейна р. Опука до южной границы бассейна р. Вывенка""","""Водохозяйственный участок 19.06.00.002 расположен в Камчатском крае и охватывает бассейны рек Берингова моря от северной границы бассейна р. Опука до южной границы бассейна р. Вывенка. Площадь водохозяйственного участка составляет 66,5 тыс. км2. От т.831 на береговой линии Берингова моря. (граница между Чукотским и Корякским а.о.) граница водохозяйственного участка простирается в юго-западном направлении к т.832 на береговой линии Берингова моря на мысе Олюторский, поворачивает на запад вдоль береговой линии зал.Олюторский, огибает п-ов Говена (т.19015) и вдоль береговой линии зал.Корфа подходит к т.19016. На этом отрезке границы в море впадают реки Опука, Укэлаят, Ильпувеем, Апука, Пахача, Вывкнка. К прибрежной полосе близко подходят восточные склоны хребта Укэлаят, Снегового хребта, хребта Ватына и Олюторского и Пылгинского хребтов. Зональным типом растительности прибрежной территории здесь являются тундры, по мере движения на юг их флористический состав становится более богатым по сравнению с чукотским участком. Большая влажность склонов юго-восточной экспозиции обусловливает здесь значительную травянистость тундр, особенно в долинных понижениях. От т.19016-точки примыкания к береговой линии Берингова моря границы с водохозяйственным участком 19.06.00.003 (Бассейны рек Берингова моря от южной границы бассейна р. Вывенка до северной границы бассейна р. Камчатка) следует в северо-западном направлении к т.19017 схождения границ водохозяйственных участков 19.06.00.002, 19.06.00.003 и 19.08.00.001 (Бассейны рек Охотского моря п-ова Камчатка от восточной границы бассейна р. Пенжина до южной границы бассейна р. Тигиль), поворачивает на северо-восток по Ветвейскому хр., проходит через т.918 схождения границ водохозяйственных участков 19.06.00.002, 19.09.00.001 (Пенжина)и 19.08.00.001 на границе между Чукотскими Корякскима. о.,т.828 схождения границ водохозяйственных участков 19.09.00.001 (Пенжина), 19.05.00.001 (Анадырь от истока до впадения р. Майн) и 19.06.00.002 на этой же административной границе, т.827 на пересечении границы между Корякским и Чукотским а.о. - точка схождения границ водохозяйственных участков 19.05.001, 19.06.00.001 и 19.06.00.002, поворачивает на восток и вдоль административной границы следует к начальной т.831. На этом отрезке граница разделяет бассейны рек Пикасьваям и Вывенка на территории водохозяйственного участка и рек Таловка и Хатырка за его пределами. Абсолютные высоты возрастают от 0 м на побережье зал.Корфа до 1700 м на вершине Ветвейского хр. На вершинах гор господствуют тундровые ландшафты, ниже они сменяются зарослями кустарника. Отдельные участки покрыты кедровым стлаником."""
"""Острова Белого моря в пределах внутренних морских вод и территориального моря РФ, прилегающего к береговой линии гидрографической единицы 02.02.00""","""Водохозяйственный участок 02.02.00.100 включает водные объекты островов Белого моря в пределах внутренних морских вод и территориального моря РФ, прилегающего к береговой линии гидрографической единицы 02.02.00. Площадь островов составляет около 0,15 тыс.км2. Граница водохозяйственного участка проходит по береговой линии островов."""
"""Тобол от впадения р.Уй до г. Курган""","""Водохозяйственный участок 14.01.05.003 охватывает бассейн трансграничной р. Тобол на участке от впадения р. Уй до г. Курган. Участок расположен в Курганской области, его площадь составляет 19 тыс. км2. От расчетного створа т.14017 ниже г. Курган граница водохозяйственного участка 14.01.05.003 следует на юг до т.14018, в которой вместе с водохозяйственным участком 14.01.05.004 (Тобол от г. Курган до впадения р. Исеть) примыкает к Государственной границе РФ с Казахстаном. От этой точки граница поворачивает на запад и следует вдоль Государственной границы, пересекая в т.460 трансграничную р. Убаган, затем в т.461 – трансграничную р. Тобол, и, завершая движение по данному участку, примыкает в т.14013 к Государственной границе РФ с Казахстаном на границе с водохозяйственным участком 14.01.05.002 (Верховья р. Тобол до впадения р. Уй без р. Увелька - российская часть бассейна). От т.14013 граница поворачивает на север, делает петлю в западном направлении в сторону т.14016 схождения границ водохозяйственных участков 14.01.05.002, 14.01.05.003 и 14.01.05.010 (Миасс от г. Челябинск до устья) на пересечении границы между Челябинской и Курганской областями, следует по междуречью рр. Миасс и Юргамыш до т.14019 схождения границ водохозяйственных участков 14.01.05.003,14.01.05.004, 14.01.05.010 и 14.01.05.011 (Исеть от впадения р. Теча до устья без р. Миасс), после чего поворачивает на юго-восток и замыкается в начальной точке."""
